scene,split,seq,img_path,t1,t2,t3,q1,q2,q3,q4,est_t1,est_t2,est_t3,est_q1,est_q2,est_q3,est_q4
redkitchen,test,seq-03,redkitchen/seq-03/frame-000000.color.png,-0.57694721,0.12785351,-0.07238695,0.931422559,0.169903735,-0.309172755,-0.089425635,-0.41853582859039307,-0.18721014261245728,0.6610849499702454,0.9360690116882324,0.1281234323978424,-0.31863492727279663,-0.0763605609536171
redkitchen,test,seq-03,redkitchen/seq-03/frame-000001.color.png,-0.5810504,0.12564276,-0.071741238,0.93155998,0.169567938,-0.309514922,-0.087425579,-0.41661038994789124,-0.19393028318881989,0.689469575881958,0.935857355594635,0.12761040031909943,-0.320315957069397,-0.07269377261400223
redkitchen,test,seq-03,redkitchen/seq-03/frame-000002.color.png,-0.58241493,0.12416478,-0.070277147,0.931553148,0.169246007,-0.30965001,-0.087643554,-0.3536830246448517,-0.2017197161912918,0.7281776070594788,0.9322279095649719,0.13183598220348358,-0.32850220799446106,-0.07521166652441025
redkitchen,test,seq-03,redkitchen/seq-03/frame-000003.color.png,-0.58435923,0.12576802,-0.067947097,0.931133531,0.170170895,-0.310432265,-0.087544408,-0.43445220589637756,-0.1929064244031906,0.7099916338920593,0.9370056390762329,0.1279270350933075,-0.317577064037323,-0.06928172707557678
redkitchen,test,seq-03,redkitchen/seq-03/frame-000004.color.png,-0.58752793,0.1235808,-0.069794573,0.931144061,0.169821743,-0.310388102,-0.088264028,-0.4348832666873932,-0.1961793750524521,0.7167302370071411,0.9344807267189026,0.1276344656944275,-0.3249060809612274,-0.06993767619132996
redkitchen,test,seq-03,redkitchen/seq-03/frame-000005.color.png,-0.58827251,0.12403597,-0.067875758,0.930898331,0.170560757,-0.310374928,-0.089469159,-0.439527690410614,-0.21140553057193756,0.7079766392707825,0.9368194341659546,0.12668251991271973,-0.31771716475486755,-0.07332612574100494
redkitchen,test,seq-03,redkitchen/seq-03/frame-000006.color.png,-0.5920741,0.12411358,-0.067249998,0.930582014,0.171155636,-0.310935797,-0.089676051,-0.4223135709762573,-0.2033340036869049,0.6908812522888184,0.9401026368141174,0.13352082669734955,-0.30501794815063477,-0.07309766858816147
redkitchen,test,seq-03,redkitchen/seq-03/frame-000007.color.png,-0.59390432,0.1238966,-0.064944245,0.930528485,0.170977661,-0.311007575,-0.090319805,-0.4537237882614136,-0.2049850970506668,0.7127196788787842,0.9417219758033752,0.1338418424129486,-0.30056530237197876,-0.07004769891500473
redkitchen,test,seq-03,redkitchen/seq-03/frame-000008.color.png,-0.5952608,0.1244267,-0.062871195,0.930315295,0.171625528,-0.311236039,-0.090500046,-0.4422694742679596,-0.19505693018436432,0.7442935705184937,0.942405641078949,0.13543222844600677,-0.2980025112628937,-0.06873216480016708
redkitchen,test,seq-03,redkitchen/seq-03/frame-000009.color.png,-0.60209477,0.12323507,-0.062241253,0.930371088,0.171009356,-0.311365529,-0.090647371,-0.5681642889976501,-0.1996610313653946,0.6937927603721619,0.951697826385498,0.13226841390132904,-0.26980501413345337,-0.0630994588136673
redkitchen,test,seq-03,redkitchen/seq-03/frame-000010.color.png,-0.6044246,0.12306914,-0.06075551,0.930335187,0.170993542,-0.311324564,-0.09118478,-0.5497428774833679,-0.2024892419576645,0.6916000843048096,0.9500675797462463,0.1315988153219223,-0.27547043561935425,-0.06456967443227768
redkitchen,test,seq-03,redkitchen/seq-03/frame-000011.color.png,-0.60753405,0.12455691,-0.058934387,0.930446493,0.170471998,-0.311388898,-0.090805154,-0.504014790058136,-0.21692563593387604,0.6553168296813965,0.9461488127708435,0.12671442329883575,-0.2900930643081665,-0.06776424497365952
redkitchen,test,seq-03,redkitchen/seq-03/frame-000012.color.png,-0.61208975,0.12206832,-0.053510454,0.93005792,0.170854818,-0.312207376,-0.091254863,-0.5492375493049622,-0.19983147084712982,0.6250268220901489,0.947834849357605,0.12422746419906616,-0.2854407727718353,-0.0685584768652916
redkitchen,test,seq-03,redkitchen/seq-03/frame-000013.color.png,-0.61656165,0.12082165,-0.053994562,0.930378273,0.171004104,-0.311209231,-0.091119046,-0.5616499781608582,-0.1987873911857605,0.6552225351333618,0.9499101638793945,0.12657015025615692,-0.27860504388809204,-0.0634821280837059
redkitchen,test,seq-03,redkitchen/seq-03/frame-000014.color.png,-0.62069792,0.11874606,-0.053271044,0.930725749,0.170065828,-0.310890368,-0.090412244,-0.5483289957046509,-0.20908185839653015,0.6412917375564575,0.9493066668510437,0.12513722479343414,-0.2811036705970764,-0.06432873755693436
redkitchen,test,seq-03,redkitchen/seq-03/frame-000015.color.png,-0.62771547,0.11846206,-0.04641575,0.930722284,0.171104127,-0.31020832,-0.090830644,-0.567375659942627,-0.19799524545669556,0.6610723733901978,0.9461112022399902,0.12601882219314575,-0.290762335062027,-0.06670854240655899
redkitchen,test,seq-03,redkitchen/seq-03/frame-000016.color.png,-0.63025308,0.11720277,-0.042785287,0.930894096,0.170930052,-0.310048611,-0.089938631,-0.5393550395965576,-0.2024463564157486,0.6633095145225525,0.9473398327827454,0.12247221916913986,-0.28821060061454773,-0.06695085763931274
redkitchen,test,seq-03,redkitchen/seq-03/frame-000017.color.png,-0.63471246,0.11491185,-0.040231489,0.930960593,0.170593375,-0.310452718,-0.088483807,-0.5884007811546326,-0.1903211623430252,0.6076868772506714,0.9485750198364258,0.12514987587928772,-0.28245827555656433,-0.06899403035640717
redkitchen,test,seq-03,redkitchen/seq-03/frame-000018.color.png,-0.64436597,0.11552678,-0.032744072,0.930551361,0.172742077,-0.310865697,-0.087159957,-0.5647098422050476,-0.1997072398662567,0.6071702241897583,0.9480985999107361,0.12984393537044525,-0.28150734305381775,-0.07073263078927994
redkitchen,test,seq-03,redkitchen/seq-03/frame-000019.color.png,-0.64931804,0.11191539,-0.030388495,0.930767015,0.172069277,-0.31093434,-0.08593465,-0.6043800115585327,-0.19142669439315796,0.5948370695114136,0.9483152031898499,0.12882520258426666,-0.28182098269462585,-0.0684058740735054
redkitchen,test,seq-03,redkitchen/seq-03/frame-000020.color.png,-0.65442759,0.11058941,-0.026183724,0.9303028,0.172757385,-0.312488118,-0.083921167,-0.6546937227249146,-0.19556234776973724,0.6434674263000488,0.9553364515304565,0.13120214641094208,-0.25609609484672546,-0.06732837855815887
redkitchen,test,seq-03,redkitchen/seq-03/frame-000021.color.png,-0.65895838,0.10770085,-0.021753075,0.929514491,0.17436745,-0.31418027,-0.083003381,-0.6478201150894165,-0.18431998789310455,0.5798382759094238,0.9510008692741394,0.13583670556545258,-0.2697063684463501,-0.06636451929807663
redkitchen,test,seq-03,redkitchen/seq-03/frame-000022.color.png,-0.6691975,0.10664061,-0.01168486,0.92878751,0.1758152,-0.315512652,-0.083033391,-0.6667702794075012,-0.20714639127254486,0.5609071850776672,0.9505396485328674,0.13080541789531708,-0.2716447710990906,-0.07465490698814392
redkitchen,test,seq-03,redkitchen/seq-03/frame-000023.color.png,-0.67472404,0.10109208,-0.009019709,0.928238392,0.175251772,-0.317881608,-0.081311672,-0.6502073407173157,-0.20152674615383148,0.5535978674888611,0.9471855759620667,0.13386788964271545,-0.2817550003528595,-0.07438386976718903
redkitchen,test,seq-03,redkitchen/seq-03/frame-000024.color.png,-0.68873948,0.095027477,-0.004063068,0.926914524,0.176893212,-0.320436794,-0.082816167,-0.6153784990310669,-0.23059090971946716,0.6105882525444031,0.9468637108802795,0.12869887053966522,-0.28353139758110046,-0.08059585839509964
redkitchen,test,seq-03,redkitchen/seq-03/frame-000025.color.png,-0.69477791,0.094235495,0.000577561,0.926471655,0.178601155,-0.320541028,-0.08369797,-0.6128674745559692,-0.21326734125614166,0.5924224257469177,0.944932222366333,0.12624241411685944,-0.2909700870513916,-0.08063747733831406
redkitchen,test,seq-03,redkitchen/seq-03/frame-000026.color.png,-0.70115161,0.090362482,0.001418846,0.926387062,0.179249518,-0.320877343,-0.081941151,-0.6294885873794556,-0.2244349718093872,0.543195903301239,0.9489641785621643,0.12512356042861938,-0.27893495559692383,-0.07750123739242554
redkitchen,test,seq-03,redkitchen/seq-03/frame-000027.color.png,-0.7095772,0.088851392,0.008425057,0.92539703,0.180173139,-0.324560439,-0.076410066,-0.5967029333114624,-0.21921086311340332,0.5797958374023438,0.9482001066207886,0.1185072809457779,-0.2860887348651886,-0.07089334726333618
redkitchen,test,seq-03,redkitchen/seq-03/frame-000028.color.png,-0.71219164,0.087091148,0.013881857,0.925482848,0.178889654,-0.325332464,-0.075091795,-0.5667598247528076,-0.22699683904647827,0.5794603228569031,0.9461076855659485,0.11246663331985474,-0.29666393995285034,-0.06497727334499359
redkitchen,test,seq-03,redkitchen/seq-03/frame-000029.color.png,-0.72277218,0.097307652,0.014281719,0.926335584,0.180180289,-0.322418809,-0.074051072,-0.5976433753967285,-0.23231403529644012,0.5806093811988831,0.9470648169517517,0.11471664905548096,-0.29160311818122864,-0.06982746720314026
redkitchen,test,seq-03,redkitchen/seq-03/frame-000030.color.png,-0.72770602,0.09596438,0.023406053,0.926904382,0.179615159,-0.32145289,-0.072489315,-0.5992514491081238,-0.21026968955993652,0.5979472994804382,0.9478436708450317,0.12173371016979218,-0.2863713204860687,-0.06902714818716049
redkitchen,test,seq-03,redkitchen/seq-03/frame-000031.color.png,-0.73071027,0.091389939,0.025877798,0.927512461,0.179293871,-0.319768912,-0.072953312,-0.600646436214447,-0.23631852865219116,0.5726235508918762,0.9484604597091675,0.11922445893287659,-0.28522971272468567,-0.06965946406126022
redkitchen,test,seq-03,redkitchen/seq-03/frame-000032.color.png,-0.73221588,0.092524752,0.032318696,0.927901493,0.17957219,-0.318579926,-0.072522257,-0.7023286819458008,-0.19712220132350922,0.6041139960289001,0.9523403644561768,0.1267388015985489,-0.27058663964271545,-0.0613846480846405
redkitchen,test,seq-03,redkitchen/seq-03/frame-000033.color.png,-0.73340344,0.090709865,0.037119888,0.92829406,0.178561466,-0.318214295,-0.071593319,-0.7605867981910706,-0.19109907746315002,0.5650189518928528,0.9513711929321289,0.1262616366147995,-0.2736828923225403,-0.06362825632095337
redkitchen,test,seq-03,redkitchen/seq-03/frame-000034.color.png,-0.73645008,0.087140419,0.04761862,0.92889949,0.178386948,-0.316065778,-0.073663136,-0.7541162371635437,-0.1848757117986679,0.5961819887161255,0.9510010480880737,0.12883594632148743,-0.27454787492752075,-0.06018216907978058
redkitchen,test,seq-03,redkitchen/seq-03/frame-000035.color.png,-0.73825365,0.083460309,0.050739691,0.929494623,0.176971151,-0.315369843,-0.072545298,-0.7085050344467163,-0.18476171791553497,0.5514505505561829,0.9485483765602112,0.12787659466266632,-0.2821125388145447,-0.06569700688123703
redkitchen,test,seq-03,redkitchen/seq-03/frame-000036.color.png,-0.73962009,0.079514109,0.05613935,0.929034778,0.177337382,-0.316235829,-0.073761338,-0.7481269240379333,-0.1884412169456482,0.5880209803581238,0.9481159448623657,0.12897594273090363,-0.2831769585609436,-0.06520876288414001
redkitchen,test,seq-03,redkitchen/seq-03/frame-000037.color.png,-0.74357498,0.073402569,0.066585302,0.928909898,0.179197341,-0.314334038,-0.078796108,-0.7370829582214355,-0.17609228193759918,0.5794116854667664,0.9480552673339844,0.12993675470352173,-0.2821931540966034,-0.06837175786495209
redkitchen,test,seq-03,redkitchen/seq-03/frame-000038.color.png,-0.74624211,0.070641555,0.071317978,0.928521105,0.180493506,-0.314926138,-0.078052413,-0.7242254614830017,-0.20112885534763336,0.575591504573822,0.945380687713623,0.12096863985061646,-0.29342779517173767,-0.07431049644947052
redkitchen,test,seq-03,redkitchen/seq-03/frame-000039.color.png,-0.74534702,0.065979958,0.08035697,0.927032094,0.183228614,-0.317893838,-0.077345193,-0.7395151257514954,-0.2048695981502533,0.563471794128418,0.9469480514526367,0.12904731929302216,-0.2861471474170685,-0.0689641609787941
redkitchen,test,seq-03,redkitchen/seq-03/frame-000040.color.png,-0.74716496,0.063612364,0.087650366,0.926285209,0.184268736,-0.319412536,-0.077565298,-0.6518772840499878,-0.20944923162460327,0.5950096845626831,0.9445108771324158,0.12577489018440247,-0.2953580617904663,-0.06959584355354309
redkitchen,test,seq-03,redkitchen/seq-03/frame-000041.color.png,-0.74966252,0.060340736,0.094326228,0.926151619,0.18387672,-0.31974156,-0.078726519,-0.6704249382019043,-0.21527692675590515,0.6247656345367432,0.942793071269989,0.12406043708324432,-0.3018377125263214,-0.06814787536859512
redkitchen,test,seq-03,redkitchen/seq-03/frame-000042.color.png,-0.75267178,0.053709619,0.11253168,0.925563573,0.186981822,-0.319490961,-0.07934353,-0.7475299835205078,-0.22791112959384918,0.624544084072113,0.9483804702758789,0.11157789081335068,-0.28781554102897644,-0.07271149009466171
redkitchen,test,seq-03,redkitchen/seq-03/frame-000043.color.png,-0.7547366,0.051255159,0.12098651,0.92535036,0.187352295,-0.321184164,-0.073936202,-0.7643531560897827,-0.21325160562992096,0.6362529993057251,0.9476568698883057,0.10738663375377655,-0.2906681299209595,-0.07698436081409454
redkitchen,test,seq-03,redkitchen/seq-03/frame-000044.color.png,-0.75523365,0.046554141,0.1297995,0.92369158,0.189559637,-0.325008819,-0.072320655,-0.7454192638397217,-0.22775588929653168,0.6404087543487549,0.9512312412261963,0.0991329476237297,-0.2826300263404846,-0.0738382562994957
redkitchen,test,seq-03,redkitchen/seq-03/frame-000045.color.png,-0.75722694,0.043961622,0.13946854,0.922558429,0.19163752,-0.326707256,-0.073643565,-0.735041618347168,-0.24148209393024445,0.6050705909729004,0.9515061974525452,0.09787549823522568,-0.2825557589530945,-0.07223935425281525
redkitchen,test,seq-03,redkitchen/seq-03/frame-000046.color.png,-0.75954902,0.042091914,0.1487765,0.9223799,0.193049862,-0.326133791,-0.074724974,-0.7601648569107056,-0.2624385356903076,0.6220361590385437,0.9539626836776733,0.09869875013828278,-0.2730010449886322,-0.07539333403110504
redkitchen,test,seq-03,redkitchen/seq-03/frame-000047.color.png,-0.76094806,0.036738284,0.15700355,0.922636559,0.191784835,-0.326566185,-0.072903245,-0.7738080620765686,-0.22619186341762543,0.6424123644828796,0.951036274433136,0.0977594256401062,-0.28440919518470764,-0.07130568474531174
redkitchen,test,seq-03,redkitchen/seq-03/frame-000048.color.png,-0.76236612,0.031203013,0.1659932,0.922090745,0.190699117,-0.329169223,-0.070923391,-0.7999453544616699,-0.24029842019081116,0.6202552914619446,0.9520058631896973,0.10134799033403397,-0.2795911431312561,-0.0724034234881401
redkitchen,test,seq-03,redkitchen/seq-03/frame-000049.color.png,-0.7641564,0.022787908,0.17411381,0.92140829,0.19068822,-0.331004596,-0.071279192,-0.7727738618850708,-0.23225010931491852,0.6287180185317993,0.9514266848564148,0.10387439280748367,-0.28168684244155884,-0.06818947941064835
redkitchen,test,seq-03,redkitchen/seq-03/frame-000050.color.png,-0.76538152,0.020214051,0.18511786,0.921447996,0.189980552,-0.330778622,-0.073664674,-0.761833906173706,-0.226958230137825,0.6398426294326782,0.9482879638671875,0.10273763537406921,-0.29112347960472107,-0.07376968860626221
redkitchen,test,seq-03,redkitchen/seq-03/frame-000051.color.png,-0.7692402,0.015658498,0.20658241,0.921080113,0.190097492,-0.332070448,-0.072135885,-0.7797236442565918,-0.2254219800233841,0.6600605845451355,0.9477471709251404,0.10426156222820282,-0.2924940288066864,-0.07315817475318909
redkitchen,test,seq-03,redkitchen/seq-03/frame-000052.color.png,-0.77105087,0.005196236,0.21336739,0.920567389,0.187513781,-0.335451353,-0.06976141,-0.7972428798675537,-0.22370322048664093,0.679280161857605,0.9474496245384216,0.10585007816553116,-0.2932167947292328,-0.07182499766349792
redkitchen,test,seq-03,redkitchen/seq-03/frame-000053.color.png,-0.7731005,0.005177308,0.22568914,0.919901187,0.187455132,-0.337242671,-0.070069685,-0.7831715941429138,-0.22704502940177917,0.6730606555938721,0.9477942585945129,0.10667946934700012,-0.2916029989719391,-0.07261674851179123
redkitchen,test,seq-03,redkitchen/seq-03/frame-000054.color.png,-0.77444792,0.000293542,0.23620871,0.919669232,0.187596222,-0.337489386,-0.071533731,-0.7725722789764404,-0.2207927703857422,0.6613417863845825,0.9479048252105713,0.10503482818603516,-0.29175031185150146,-0.07297831773757935
redkitchen,test,seq-03,redkitchen/seq-03/frame-000055.color.png,-0.77486151,-0.005065022,0.24803105,0.919080459,0.188511511,-0.338284047,-0.072927524,-0.8027467727661133,-0.22802063822746277,0.6500686407089233,0.9467406868934631,0.10483377426862717,-0.2942500710487366,-0.07815831899642944
redkitchen,test,seq-03,redkitchen/seq-03/frame-000056.color.png,-0.77789611,-0.011218729,0.25446877,0.918834508,0.18797028,-0.339440133,-0.072046635,-0.8017169833183289,-0.23783601820468903,0.6618370413780212,0.9452682137489319,0.10731005668640137,-0.29885101318359375,-0.07510422170162201
redkitchen,test,seq-03,redkitchen/seq-03/frame-000057.color.png,-0.77872199,-0.0149286,0.26592779,0.917650618,0.188481391,-0.342360717,-0.071980879,-0.8263920545578003,-0.22426898777484894,0.6659550666809082,0.9491005539894104,0.10709746181964874,-0.2867385447025299,-0.07429204881191254
redkitchen,test,seq-03,redkitchen/seq-03/frame-000058.color.png,-0.78140724,-0.01977339,0.27515909,0.916805666,0.189313754,-0.34391932,-0.073124377,-0.7831804156303406,-0.23293723165988922,0.679588258266449,0.9458931088447571,0.11011188477277756,-0.29563814401626587,-0.07589217275381088
redkitchen,test,seq-03,redkitchen/seq-03/frame-000059.color.png,-0.78418601,-0.023145083,0.28367907,0.916437936,0.189120608,-0.345025343,-0.073023403,-0.7955099940299988,-0.24185116589069366,0.6737470030784607,0.9457029104232788,0.10638624429702759,-0.2971493601799011,-0.07765477895736694
redkitchen,test,seq-03,redkitchen/seq-03/frame-000060.color.png,-0.785276,-0.030791033,0.29381177,0.91542152,0.188610661,-0.348270562,-0.071673395,-0.7966853380203247,-0.24047870934009552,0.6951926350593567,0.9468781352043152,0.10692325234413147,-0.29274484515190125,-0.07930772006511688
redkitchen,test,seq-03,redkitchen/seq-03/frame-000061.color.png,-0.78735709,-0.037879936,0.30140978,0.914112976,0.188042544,-0.352082715,-0.071240647,-0.7727280259132385,-0.2512434124946594,0.715039849281311,0.9453808069229126,0.1027614027261734,-0.2989502251148224,-0.07952331006526947
redkitchen,test,seq-03,redkitchen/seq-03/frame-000062.color.png,-0.78866535,-0.045365043,0.31039095,0.912789196,0.18849097,-0.354535173,-0.07477867,-0.7465208768844604,-0.22860774397850037,0.7016503810882568,0.9419411420822144,0.10398559272289276,-0.3091832399368286,-0.0796213299036026
redkitchen,test,seq-03,redkitchen/seq-03/frame-000063.color.png,-0.79046011,-0.051243454,0.31924993,0.912039006,0.190073104,-0.354527708,-0.079794557,-0.7943910956382751,-0.22871743142604828,0.7009424567222595,0.9454933404922485,0.1046655997633934,-0.2977806329727173,-0.08008818328380585
redkitchen,test,seq-03,redkitchen/seq-03/frame-000064.color.png,-0.79306191,-0.056638256,0.3257314,0.911772125,0.191924737,-0.353370041,-0.083463175,-0.7623789310455322,-0.2540566325187683,0.6917600035667419,0.9424029588699341,0.10573482513427734,-0.3069336414337158,-0.08055191487073898
redkitchen,test,seq-03,redkitchen/seq-03/frame-000065.color.png,-0.79466367,-0.062457282,0.3326202,0.91199554,0.193230443,-0.35129965,-0.086687287,-0.7642436623573303,-0.2414797991514206,0.7002320885658264,0.9482940435409546,0.11130761355161667,-0.28679561614990234,-0.07808529585599899
redkitchen,test,seq-03,redkitchen/seq-03/frame-000066.color.png,-0.79865819,-0.060475808,0.33969185,0.91316305,0.191394857,-0.349422189,-0.086054552,-0.7614808082580566,-0.2754060626029968,0.7120497226715088,0.9426631331443787,0.10749080032110214,-0.30455800890922546,-0.08412033319473267
redkitchen,test,seq-03,redkitchen/seq-03/frame-000067.color.png,-0.80046988,-0.061831124,0.34709236,0.91333391,0.189634453,-0.350367742,-0.084275671,-0.8015618920326233,-0.26774388551712036,0.7095139026641846,0.9431892037391663,0.10783163458108902,-0.3017706274986267,-0.08775500953197479
redkitchen,test,seq-03,redkitchen/seq-03/frame-000068.color.png,-0.80214036,-0.065178849,0.35423625,0.913473901,0.1884166,-0.350844135,-0.083504546,-0.8258788585662842,-0.25847142934799194,0.722535252571106,0.945425808429718,0.10912740230560303,-0.2959020435810089,-0.08187343925237656
redkitchen,test,seq-03,redkitchen/seq-03/frame-000069.color.png,-0.80409801,-0.071515165,0.35987741,0.914202244,0.187371043,-0.349190491,-0.084807729,-0.8013392686843872,-0.26049333810806274,0.6886118054389954,0.9478918313980103,0.10940585285425186,-0.288357675075531,-0.07988312095403671
redkitchen,test,seq-03,redkitchen/seq-03/frame-000070.color.png,-0.80740905,-0.072485894,0.36625412,0.915105529,0.186660459,-0.346887464,-0.086074565,-0.8371536731719971,-0.2696647644042969,0.6963022351264954,0.9484385848045349,0.10069877654314041,-0.28824129700660706,-0.08509379625320435
redkitchen,test,seq-03,redkitchen/seq-03/frame-000071.color.png,-0.81095845,-0.075859785,0.37268788,0.916047697,0.18476617,-0.345323641,-0.086427201,-0.8283666968345642,-0.29022902250289917,0.7026478052139282,0.9457289576530457,0.09930972009897232,-0.2970801293849945,-0.08647402375936508
redkitchen,test,seq-03,redkitchen/seq-03/frame-000072.color.png,-0.8140828,-0.080896392,0.37878886,0.91691397,0.183641762,-0.343633052,-0.086375921,-0.8367409706115723,-0.2886795997619629,0.7243019342422485,0.9454231858253479,0.09873058646917343,-0.2987494170665741,-0.08471150696277618
redkitchen,test,seq-03,redkitchen/seq-03/frame-000073.color.png,-0.81665516,-0.087621644,0.38406426,0.917890295,0.181690409,-0.342099717,-0.086219403,-0.8532534837722778,-0.2780102491378784,0.729228675365448,0.9455229640007019,0.10040789842605591,-0.2983214557170868,-0.08311960101127625
redkitchen,test,seq-03,redkitchen/seq-03/frame-000074.color.png,-0.82082564,-0.088610046,0.39297685,0.918558528,0.181369031,-0.340483653,-0.086176488,-0.852556586265564,-0.27097970247268677,0.7265410423278809,0.9466171264648438,0.10369036346673965,-0.29223427176475525,-0.08811067789793015
redkitchen,test,seq-03,redkitchen/seq-03/frame-000075.color.png,-0.82600588,-0.0868036,0.4054805,0.919260893,0.183033603,-0.337836348,-0.085584534,-0.8097132444381714,-0.30052655935287476,0.7411944270133972,0.9402694702148438,0.10243558883666992,-0.31136780977249146,-0.09192581474781036
redkitchen,test,seq-03,redkitchen/seq-03/frame-000076.color.png,-0.8289299,-0.091839671,0.41024974,0.920427795,0.181288995,-0.33566568,-0.085296691,-0.8426890969276428,-0.2623524069786072,0.6824753880500793,0.9450066089630127,0.10158906877040863,-0.29917284846305847,-0.0844850242137909
redkitchen,test,seq-03,redkitchen/seq-03/frame-000077.color.png,-0.83470094,-0.091130771,0.41929728,0.921443802,0.180612245,-0.333135337,-0.085681878,-0.860077440738678,-0.26906323432922363,0.6929482221603394,0.941703200340271,0.10827459394931793,-0.3065541684627533,-0.08658060431480408
redkitchen,test,seq-03,redkitchen/seq-03/frame-000078.color.png,-0.84084338,-0.097211577,0.42671958,0.922713189,0.179828628,-0.330097867,-0.085425018,-0.8581830263137817,-0.2607881426811218,0.6986843347549438,0.941444993019104,0.11013869196176529,-0.30706727504730225,-0.085208460688591
redkitchen,test,seq-03,redkitchen/seq-03/frame-000079.color.png,-0.8488968,-0.097453222,0.43611711,0.924218918,0.179107304,-0.326456405,-0.084653294,-0.8807916045188904,-0.2788737416267395,0.7051191329956055,0.9415422677993774,0.11699298024177551,-0.30485987663269043,-0.0828930214047432
redkitchen,test,seq-03,redkitchen/seq-03/frame-000080.color.png,-0.85624611,-0.094582014,0.44484797,0.925403942,0.178973233,-0.323440308,-0.083561319,-0.902282178401947,-0.28249043226242065,0.6847932934761047,0.9435639977455139,0.11115780472755432,-0.2998547852039337,-0.08612807840108871
redkitchen,test,seq-03,redkitchen/seq-03/frame-000081.color.png,-0.86148435,-0.10211325,0.44957823,0.926506167,0.178705498,-0.320595231,-0.08288164,-0.9301889538764954,-0.26627400517463684,0.6871867179870605,0.9481626749038696,0.1195138469338417,-0.2831918001174927,-0.08066154271364212
redkitchen,test,seq-03,redkitchen/seq-03/frame-000082.color.png,-0.86827236,-0.098655976,0.45850807,0.927900538,0.178231788,-0.316587602,-0.083703719,-0.9318761229515076,-0.2585413157939911,0.6978024244308472,0.9512313604354858,0.13095521926879883,-0.2695440948009491,-0.0731809064745903
redkitchen,test,seq-03,redkitchen/seq-03/frame-000083.color.png,-0.87499011,-0.097422302,0.46672431,0.929057603,0.179482965,-0.312426599,-0.083829925,-0.9503688812255859,-0.27421116828918457,0.707596480846405,0.9517081379890442,0.1303565949201584,-0.2678639590740204,-0.07421396672725677
redkitchen,test,seq-03,redkitchen/seq-03/frame-000084.color.png,-0.88202053,-0.10290833,0.4712671,0.930405404,0.180644011,-0.308024486,-0.082670677,-0.9460775256156921,-0.2542404234409332,0.7166695594787598,0.9535164833068848,0.12850871682167053,-0.26191607117652893,-0.07544411718845367
redkitchen,test,seq-03,redkitchen/seq-03/frame-000085.color.png,-0.88824272,-0.10410576,0.4795706,0.9312503,0.182541022,-0.304840645,-0.080770261,-0.981401801109314,-0.25302207469940186,0.7034937143325806,0.9530266523361206,0.12166377902030945,-0.2662343382835388,-0.07782944291830063
redkitchen,test,seq-03,redkitchen/seq-03/frame-000086.color.png,-0.89577818,-0.11145374,0.48670381,0.932157163,0.184264083,-0.301700482,-0.078144673,-1.0528863668441772,-0.270974338054657,0.7569007873535156,0.9556978940963745,0.12206128239631653,-0.2566967308521271,-0.07648219168186188
redkitchen,test,seq-03,redkitchen/seq-03/frame-000087.color.png,-0.90552384,-0.1049559,0.49632004,0.93327147,0.185282848,-0.29854466,-0.074469557,-1.0459091663360596,-0.2640167772769928,0.7392212152481079,0.9550674557685852,0.1263400763273239,-0.2571830451488495,-0.07577076554298401
redkitchen,test,seq-03,redkitchen/seq-03/frame-000088.color.png,-0.91222787,-0.10988357,0.50439268,0.934231731,0.182566788,-0.29786352,-0.071817579,-1.046932578086853,-0.2507316768169403,0.7313271164894104,0.955258309841156,0.12115836888551712,-0.2580813467502594,-0.07871675491333008
redkitchen,test,seq-03,redkitchen/seq-03/frame-000089.color.png,-0.92158902,-0.11615553,0.51037669,0.934984782,0.182379128,-0.295048347,-0.074079574,-1.0463809967041016,-0.238175630569458,0.7091289162635803,0.9581694602966309,0.12406457215547562,-0.24653127789497375,-0.07577330619096756
redkitchen,test,seq-03,redkitchen/seq-03/frame-000090.color.png,-0.93158364,-0.11723246,0.5171569,0.936488296,0.181624259,-0.29044538,-0.075125106,-0.9874553084373474,-0.24900726974010468,0.697809636592865,0.9572405815124512,0.12451507151126862,-0.25023260712623596,-0.07463283091783524
redkitchen,test,seq-03,redkitchen/seq-03/frame-000091.color.png,-0.9404133,-0.12093123,0.52470905,0.937344718,0.180544672,-0.289020586,-0.072495536,-0.9970316886901855,-0.2705438733100891,0.7272869348526001,0.9564501643180847,0.1148284524679184,-0.25785523653030396,-0.07435168325901031
redkitchen,test,seq-03,redkitchen/seq-03/frame-000092.color.png,-0.94903922,-0.12572159,0.53191429,0.937100816,0.181811715,-0.2895229,-0.07044892,-1.017554521560669,-0.2747623324394226,0.7358384132385254,0.9566431045532227,0.1138451099395752,-0.2574687898159027,-0.07472012937068939
redkitchen,test,seq-03,redkitchen/seq-03/frame-000093.color.png,-0.95798481,-0.13161936,0.53923035,0.936710056,0.184307384,-0.289282811,-0.070146384,-1.0837130546569824,-0.26885920763015747,0.7332536578178406,0.9593092799186707,0.11816513538360596,-0.24634002149105072,-0.07126837223768234
redkitchen,test,seq-03,redkitchen/seq-03/frame-000094.color.png,-0.96677834,-0.13515665,0.54618055,0.937137976,0.184905004,-0.287163607,-0.071551498,-1.0281094312667847,-0.2867763936519623,0.7338687181472778,0.9583503007888794,0.12452884018421173,-0.2463570088148117,-0.07325024157762527
redkitchen,test,seq-03,redkitchen/seq-03/frame-000095.color.png,-0.97665358,-0.14039372,0.55215162,0.937765341,0.184801163,-0.285208846,-0.071418548,-1.0618882179260254,-0.28983795642852783,0.7440215945243835,0.9567728638648987,0.12375752627849579,-0.2523413896560669,-0.07479008287191391
redkitchen,test,seq-03,redkitchen/seq-03/frame-000096.color.png,-0.98575109,-0.14664046,0.55837762,0.937880747,0.185868085,-0.284057382,-0.071722827,-1.0817817449569702,-0.29305118322372437,0.7406951189041138,0.9591847658157349,0.12281548231840134,-0.2444973886013031,-0.07142864167690277
redkitchen,test,seq-03,redkitchen/seq-03/frame-000097.color.png,-0.99410194,-0.15308961,0.56295663,0.938406837,0.185318433,-0.282698417,-0.071633029,-1.098158836364746,-0.28446322679519653,0.7224400043487549,0.9594162702560425,0.12078529596328735,-0.24505110085010529,-0.06986644119024277
redkitchen,test,seq-03,redkitchen/seq-03/frame-000098.color.png,-1.0022442,-0.15814096,0.57003832,0.938534997,0.185406385,-0.282429324,-0.070782827,-1.1087908744812012,-0.29147613048553467,0.7263776063919067,0.9586513042449951,0.1172584742307663,-0.24842937290668488,-0.074303038418293
redkitchen,test,seq-03,redkitchen/seq-03/frame-000099.color.png,-1.0100117,-0.16319819,0.57708615,0.938525712,0.186006826,-0.282020324,-0.070961148,-1.1189910173416138,-0.2687200903892517,0.7108254432678223,0.9601802825927734,0.12218859046697617,-0.24254611134529114,-0.06553740799427032
redkitchen,test,seq-03,redkitchen/seq-03/frame-000100.color.png,-1.0182503,-0.16616511,0.58249956,0.93903912,0.186462832,-0.279994563,-0.070994284,-1.1153992414474487,-0.2611948251724243,0.7301628589630127,0.9617063403129578,0.12992490828037262,-0.23336577415466309,-0.06148852780461311
redkitchen,test,seq-03,redkitchen/seq-03/frame-000101.color.png,-1.0261335,-0.16730304,0.58939934,0.939586145,0.186610649,-0.278384963,-0.069686108,-1.1055712699890137,-0.26540398597717285,0.7357248067855835,0.9597054123878479,0.1268051415681839,-0.24274583160877228,-0.06293132156133652
redkitchen,test,seq-03,redkitchen/seq-03/frame-000102.color.png,-1.0338142,-0.1700206,0.59567273,0.939868185,0.186864876,-0.27771143,-0.067865114,-1.1031408309936523,-0.26428914070129395,0.7266294956207275,0.9591212272644043,0.125766783952713,-0.2452085316181183,-0.06435849517583847
redkitchen,test,seq-03,redkitchen/seq-03/frame-000103.color.png,-1.041405,-0.17175134,0.60173655,0.940112111,0.186747628,-0.277317923,-0.066402654,-1.1063152551651,-0.2656242549419403,0.7022467255592346,0.9598533511161804,0.12279939651489258,-0.24317163228988647,-0.06685342639684677
redkitchen,test,seq-03,redkitchen/seq-03/frame-000104.color.png,-1.0475361,-0.17680147,0.60651129,0.940283727,0.185893374,-0.27731192,-0.066394767,-1.1185822486877441,-0.2541210949420929,0.7196801900863647,0.9606260061264038,0.1272735446691513,-0.23848700523376465,-0.06421031802892685
redkitchen,test,seq-03,redkitchen/seq-03/frame-000105.color.png,-1.0541719,-0.18004198,0.61203587,0.940544708,0.185514443,-0.276938941,-0.065305947,-1.1516094207763672,-0.26015907526016235,0.7247025966644287,0.961159348487854,0.12210451811552048,-0.23906506597995758,-0.06411878019571304
redkitchen,test,seq-03,redkitchen/seq-03/frame-000106.color.png,-1.0608728,-0.1807674,0.61775255,0.940478317,0.185173199,-0.277711012,-0.063937583,-1.1848928928375244,-0.24159476161003113,0.7051699161529541,0.9632039070129395,0.12401473522186279,-0.23096473515033722,-0.05927759036421776
redkitchen,test,seq-03,redkitchen/seq-03/frame-000107.color.png,-1.0670421,-0.18302876,0.62287825,0.940234226,0.184232321,-0.278895354,-0.0650802,-1.1699488162994385,-0.2704169750213623,0.7177227735519409,0.9635266065597534,0.12603706121444702,-0.22855740785598755,-0.059098418802022934
redkitchen,test,seq-03,redkitchen/seq-03/frame-000108.color.png,-1.0731846,-0.19007082,0.62633306,0.940175256,0.184064876,-0.278475962,-0.068130368,-1.1696757078170776,-0.2787817716598511,0.7029343247413635,0.9639459848403931,0.1262001097202301,-0.22606396675109863,-0.06145447865128517
redkitchen,test,seq-03,redkitchen/seq-03/frame-000109.color.png,-1.0792269,-0.19170228,0.63091391,0.940581966,0.182474311,-0.277925298,-0.069037814,-1.1707844734191895,-0.28801196813583374,0.7202345728874207,0.9609267711639404,0.12216605991125107,-0.2386530488729477,-0.06884782761335373
redkitchen,test,seq-03,redkitchen/seq-03/frame-000110.color.png,-1.0843934,-0.192302,0.63735318,0.940445883,0.180910225,-0.279667276,-0.067965032,-1.2067835330963135,-0.2834378480911255,0.7403817176818848,0.9629145860671997,0.12439902871847153,-0.22998298704624176,-0.06654588133096695
redkitchen,test,seq-03,redkitchen/seq-03/frame-000111.color.png,-1.0886853,-0.19839126,0.64166659,0.939692506,0.180368931,-0.282741383,-0.067099576,-1.2102630138397217,-0.27608370780944824,0.7674549221992493,0.9633710384368896,0.1240030974149704,-0.23014049232006073,-0.05979016050696373
redkitchen,test,seq-03,redkitchen/seq-03/frame-000112.color.png,-1.0928192,-0.20371309,0.64602566,0.939365438,0.180087835,-0.283365139,-0.069750588,-1.2340407371520996,-0.29100409150123596,0.7481868267059326,0.9610815644264221,0.11721735447645187,-0.24085120856761932,-0.06762335449457169
redkitchen,test,seq-03,redkitchen/seq-03/frame-000113.color.png,-1.0970963,-0.20700631,0.65016848,0.939607505,0.180330131,-0.281942186,-0.071605756,-1.2283920049667358,-0.2928222715854645,0.7485674619674683,0.9628368020057678,0.12169787287712097,-0.2327272742986679,-0.06303105503320694
redkitchen,test,seq-03,redkitchen/seq-03/frame-000114.color.png,-1.10087,-0.20777607,0.65556365,0.93956746,0.179714405,-0.282875694,-0.069979009,-1.2260795831680298,-0.28569385409355164,0.749903678894043,0.9608258605003357,0.12058889120817184,-0.240147665143013,-0.0678306594491005
redkitchen,test,seq-03,redkitchen/seq-03/frame-000115.color.png,-1.1040347,-0.21063714,0.66040254,0.938888813,0.179681474,-0.284883614,-0.071018945,-1.2060505151748657,-0.28791123628616333,0.7548372745513916,0.959348738193512,0.11748061329126358,-0.24733339250087738,-0.0683697983622551
redkitchen,test,seq-03,redkitchen/seq-03/frame-000116.color.png,-1.1075253,-0.21469378,0.66496128,0.938790569,0.179017958,-0.285035645,-0.073345209,-1.182993769645691,-0.3118319511413574,0.7590760588645935,0.9593591094017029,0.11699136346578598,-0.24681061506271362,-0.07090477645397186
redkitchen,test,seq-03,redkitchen/seq-03/frame-000117.color.png,-1.1110069,-0.21863137,0.67042929,0.93896423,0.177668897,-0.284993393,-0.074556714,-1.1861376762390137,-0.3138982057571411,0.7717994451522827,0.9600790739059448,0.11515931040048599,-0.2446412891149521,-0.07167359441518784
redkitchen,test,seq-03,redkitchen/seq-03/frame-000118.color.png,-1.113845,-0.21905424,0.67750585,0.938798746,0.176615912,-0.286088231,-0.074948375,-1.1579375267028809,-0.31099438667297363,0.7566264271736145,0.961485743522644,0.1198522225022316,-0.23753361403942108,-0.06897999346256256
redkitchen,test,seq-03,redkitchen/seq-03/frame-000119.color.png,-1.1165464,-0.22531866,0.68263054,0.93819812,0.17658639,-0.287969888,-0.075331792,-1.172087550163269,-0.310078501701355,0.7658638954162598,0.9610899090766907,0.11942073702812195,-0.23906774818897247,-0.0699383020401001
redkitchen,test,seq-03,redkitchen/seq-03/frame-000120.color.png,-1.1198139,-0.22961578,0.68848127,0.937818926,0.176816039,-0.288616352,-0.077021759,-1.233948826789856,-0.3040362596511841,0.7553868293762207,0.9607479572296143,0.11835748702287674,-0.24032919108867645,-0.07208828628063202
redkitchen,test,seq-03,redkitchen/seq-03/frame-000121.color.png,-1.1230074,-0.23058148,0.69548929,0.937693075,0.176567445,-0.288931749,-0.077936382,-1.2187191247940063,-0.31625688076019287,0.7703096270561218,0.9601402282714844,0.11583682149648666,-0.24366460740566254,-0.07307638227939606
redkitchen,test,seq-03,redkitchen/seq-03/frame-000122.color.png,-1.1262709,-0.23364167,0.70284331,0.937144008,0.177006119,-0.290439907,-0.077939743,-1.2294625043869019,-0.3152543306350708,0.7708426117897034,0.9589430093765259,0.11488037556409836,-0.2477896809577942,-0.07636065036058426
redkitchen,test,seq-03,redkitchen/seq-03/frame-000123.color.png,-1.1298989,-0.2354219,0.71193248,0.936279208,0.17760291,-0.292788628,-0.078187407,-1.1871708631515503,-0.3197706341743469,0.8189683556556702,0.9574341773986816,0.11461297422647476,-0.25415128469467163,-0.07477153092622757
redkitchen,test,seq-03,redkitchen/seq-03/frame-000124.color.png,-1.1327343,-0.24185315,0.71961653,0.935468374,0.177494916,-0.294710985,-0.080869726,-1.2220187187194824,-0.32942503690719604,0.8010960817337036,0.9565300345420837,0.10858651250600815,-0.25891995429992676,-0.07886556535959244
redkitchen,test,seq-03,redkitchen/seq-03/frame-000125.color.png,-1.13527,-0.24802971,0.7270962,0.935216975,0.177019712,-0.295110346,-0.08332535,-1.2545291185379028,-0.3314683437347412,0.7998822927474976,0.9576991200447083,0.109857939183712,-0.254055380821228,-0.07873623818159103
redkitchen,test,seq-03,redkitchen/seq-03/frame-000126.color.png,-1.1396002,-0.24807994,0.73600256,0.935165723,0.17751059,-0.295096471,-0.082904369,-1.2190206050872803,-0.33217597007751465,0.803351104259491,0.9573557376861572,0.10995100438594818,-0.25553855299949646,-0.0779799148440361
redkitchen,test,seq-03,redkitchen/seq-03/frame-000127.color.png,-1.1425815,-0.25200683,0.7457549,0.934930779,0.175578067,-0.297164558,-0.082280046,-1.214098334312439,-0.3315924406051636,0.8177652359008789,0.9572911858558655,0.11286761611700058,-0.2543129026889801,-0.07860933989286423
redkitchen,test,seq-03,redkitchen/seq-03/frame-000128.color.png,-1.1438315,-0.26286486,0.7546348,0.934105466,0.17574494,-0.299833017,-0.081614066,-1.2572460174560547,-0.3556240200996399,0.8036545515060425,0.9586421847343445,0.11058206111192703,-0.24970756471157074,-0.08014310896396637
redkitchen,test,seq-03,redkitchen/seq-03/frame-000129.color.png,-1.144936,-0.27322707,0.76284152,0.933515883,0.178605004,-0.29979578,-0.082285113,-1.2901453971862793,-0.33240950107574463,0.7969551682472229,0.9614422917366028,0.11336210370063782,-0.23930953443050385,-0.07422173023223877
redkitchen,test,seq-03,redkitchen/seq-03/frame-000130.color.png,-1.1464508,-0.27621919,0.7722525,0.934289809,0.179976217,-0.296850242,-0.081185271,-1.24966561794281,-0.31573906540870667,0.8045711517333984,0.9601935744285583,0.11831699311733246,-0.24142421782016754,-0.07578761130571365
redkitchen,test,seq-03,redkitchen/seq-03/frame-000131.color.png,-1.1484375,-0.27612689,0.78426719,0.934829375,0.179919851,-0.296849763,-0.074853884,-1.2972307205200195,-0.342221200466156,0.8337044715881348,0.9589738845825195,0.11536896228790283,-0.24869738519191742,-0.07217052578926086
redkitchen,test,seq-03,redkitchen/seq-03/frame-000132.color.png,-1.1494428,-0.28068244,0.79469997,0.934472801,0.178621148,-0.299731238,-0.070825523,-1.3168920278549194,-0.3278096318244934,0.8048351407051086,0.9591103792190552,0.12193307280540466,-0.24593877792358398,-0.06894757598638535
redkitchen,test,seq-03,redkitchen/seq-03/frame-000133.color.png,-1.1501652,-0.28787526,0.80420613,0.93411225,0.177697894,-0.30157757,-0.07006235,-1.2983174324035645,-0.3310803771018982,0.7847346067428589,0.9620148539543152,0.11892568320035934,-0.2362094521522522,-0.06774400174617767
redkitchen,test,seq-03,redkitchen/seq-03/frame-000134.color.png,-1.1508658,-0.29508939,0.81477225,0.934046747,0.178079519,-0.30136574,-0.070873484,-1.2364528179168701,-0.33432936668395996,0.7946935892105103,0.9621813297271729,0.11937762051820755,-0.23474599421024323,-0.06964416801929474
redkitchen,test,seq-03,redkitchen/seq-03/frame-000135.color.png,-1.1526335,-0.29893383,0.82483774,0.934258155,0.178174804,-0.300981066,-0.069468242,-1.2453967332839966,-0.34210026264190674,0.7839881181716919,0.9617644548416138,0.12112908065319061,-0.2359660416841507,-0.06824181973934174
redkitchen,test,seq-03,redkitchen/seq-03/frame-000136.color.png,-1.1551844,-0.30133054,0.83554602,0.933825884,0.178404291,-0.302823281,-0.066627224,-1.2493425607681274,-0.34917140007019043,0.8040826916694641,0.9610772728919983,0.12358911335468292,-0.23743462562561035,-0.06841789186000824
redkitchen,test,seq-03,redkitchen/seq-03/frame-000137.color.png,-1.1574234,-0.30784583,0.84451199,0.933102247,0.178130235,-0.305330049,-0.066055858,-1.2294217348098755,-0.35943394899368286,0.7927267551422119,0.9592764377593994,0.12061703950166702,-0.24563783407211304,-0.07001715898513794
redkitchen,test,seq-03,redkitchen/seq-03/frame-000138.color.png,-1.1604267,-0.31409815,0.85343063,0.932639966,0.177701569,-0.306991402,-0.066038808,-1.225134253501892,-0.3608512878417969,0.7781031727790833,0.9596173167228699,0.12165568768978119,-0.24404333531856537,-0.06911851465702057
redkitchen,test,seq-03,redkitchen/seq-03/frame-000139.color.png,-1.1625267,-0.31832355,0.86391145,0.931966664,0.178066339,-0.308802589,-0.066117147,-1.2873469591140747,-0.3612480163574219,0.7497674822807312,0.9610688090324402,0.12229055911302567,-0.2382388412952423,-0.06807294487953186
redkitchen,test,seq-03,redkitchen/seq-03/frame-000140.color.png,-1.1659499,-0.32207355,0.87306625,0.931368865,0.178042586,-0.310606243,-0.06615616,-1.2722960710525513,-0.36554813385009766,0.7842699885368347,0.9608442783355713,0.12342288345098495,-0.23869375884532928,-0.06760397553443909
redkitchen,test,seq-03,redkitchen/seq-03/frame-000141.color.png,-1.1681979,-0.32784775,0.88096362,0.930561251,0.17769018,-0.31304568,-0.066965364,-1.2684853076934814,-0.3765939474105835,0.7854794859886169,0.9579434990882874,0.12200888246297836,-0.24991916120052338,-0.07069975137710571
redkitchen,test,seq-03,redkitchen/seq-03/frame-000142.color.png,-1.1715041,-0.33205342,0.88925284,0.930249638,0.177115946,-0.314306816,-0.066908726,-1.2919176816940308,-0.3846110701560974,0.8218955993652344,0.9577445983886719,0.12328746914863586,-0.2507607936859131,-0.06815020740032196
redkitchen,test,seq-03,redkitchen/seq-03/frame-000143.color.png,-1.175282,-0.33363065,0.8974508,0.92985917,0.175770549,-0.316572739,-0.06517928,-1.268061876296997,-0.3804372549057007,0.8191296458244324,0.9591400623321533,0.12414287030696869,-0.24530838429927826,-0.06680329144001007
redkitchen,test,seq-03,redkitchen/seq-03/frame-000144.color.png,-1.1788348,-0.33703873,0.90451264,0.929202769,0.173922159,-0.319636606,-0.064542516,-1.236896276473999,-0.3795795440673828,0.8306723237037659,0.957092821598053,0.12340850383043289,-0.25308868288993835,-0.06848224997520447
redkitchen,test,seq-03,redkitchen/seq-03/frame-000145.color.png,-1.182627,-0.34191388,0.9113099,0.9284947,0.173727176,-0.321504738,-0.065963355,-1.2423763275146484,-0.3887946605682373,0.836054801940918,0.9576693773269653,0.1155690848827362,-0.2535425126552582,-0.07231393456459045
redkitchen,test,seq-03,redkitchen/seq-03/frame-000146.color.png,-1.1858838,-0.34766948,0.91697431,0.928008088,0.173601874,-0.322481561,-0.068330229,-1.2118350267410278,-0.4052860140800476,0.8321021795272827,0.9580487012863159,0.11444742977619171,-0.2531930208206177,-0.07027028501033783
redkitchen,test,seq-03,redkitchen/seq-03/frame-000147.color.png,-1.189904,-0.35073349,0.92325717,0.927895269,0.172914784,-0.322934699,-0.069455217,-1.2546463012695312,-0.4087088108062744,0.8370129466056824,0.9569922089576721,0.11381955444812775,-0.25662386417388916,-0.07317950576543808
redkitchen,test,seq-03,redkitchen/seq-03/frame-000148.color.png,-1.1941136,-0.3541739,0.92947352,0.927517945,0.172072825,-0.324309675,-0.070175767,-1.2431411743164062,-0.4033591151237488,0.8154025673866272,0.9564626216888428,0.11468133330345154,-0.25710511207580566,-0.07696986198425293
redkitchen,test,seq-03,redkitchen/seq-03/frame-000149.color.png,-1.1978679,-0.35827261,0.93590152,0.92699627,0.171394186,-0.325887021,-0.071411463,-1.3093856573104858,-0.4076725244522095,0.8150588870048523,0.9563417434692383,0.10977088660001755,-0.25957247614860535,-0.07734963297843933
redkitchen,test,seq-03,redkitchen/seq-03/frame-000150.color.png,-1.2019303,-0.36289489,0.94081628,0.926724384,0.171432702,-0.326267377,-0.073091336,-1.2774665355682373,-0.4117405414581299,0.8129512667655945,0.9564400911331177,0.11316452920436859,-0.25801533460617065,-0.07644782960414886
redkitchen,test,seq-03,redkitchen/seq-03/frame-000151.color.png,-1.2059408,-0.36646304,0.94697607,0.926935917,0.170968752,-0.325667888,-0.07416144,-1.2764097452163696,-0.41502946615219116,0.8058858513832092,0.9563437700271606,0.11111850291490555,-0.25878259539604187,-0.0780438780784607
redkitchen,test,seq-03,redkitchen/seq-03/frame-000152.color.png,-1.2106549,-0.36768422,0.95396382,0.927069737,0.170752509,-0.325412387,-0.074108443,-1.2693705558776855,-0.4059223532676697,0.8086586594581604,0.9567819237709045,0.11085808277130127,-0.2576757073402405,-0.07669490575790405
redkitchen,test,seq-03,redkitchen/seq-03/frame-000153.color.png,-1.2153131,-0.37241396,0.95921713,0.927091268,0.170124834,-0.325610864,-0.074410257,-1.317537784576416,-0.4179919362068176,0.8337061405181885,0.9573047161102295,0.10699674487113953,-0.25612935423851013,-0.0807289332151413
redkitchen,test,seq-03,redkitchen/seq-03/frame-000154.color.png,-1.2155216,-0.37144971,0.96000659,0.927023848,0.170656294,-0.325517449,-0.074441961,-1.317537784576416,-0.4179919362068176,0.8337061405181885,0.9573047161102295,0.10699674487113953,-0.25612935423851013,-0.0807289332151413
redkitchen,test,seq-03,redkitchen/seq-03/frame-000155.color.png,-1.2199005,-0.37636811,0.96506345,0.927122679,0.170626153,-0.325069921,-0.075231644,-1.3541440963745117,-0.4242732524871826,0.8390686511993408,0.9605593681335449,0.10395707190036774,-0.24511665105819702,-0.0802280381321907
redkitchen,test,seq-03,redkitchen/seq-03/frame-000156.color.png,-1.2251613,-0.37893406,0.97171736,0.927769066,0.1706703,-0.32295549,-0.076262446,-1.3193691968917847,-0.43795090913772583,0.8312616348266602,0.9624594449996948,0.10443196445703506,-0.23868919909000397,-0.07611358165740967
redkitchen,test,seq-03,redkitchen/seq-03/frame-000157.color.png,-1.2304107,-0.38076341,0.97909933,0.928383515,0.170518107,-0.321305478,-0.076094762,-1.2944612503051758,-0.4510253667831421,0.8343522548675537,0.9616456627845764,0.10245449841022491,-0.24295131862163544,-0.07560068368911743
redkitchen,test,seq-03,redkitchen/seq-03/frame-000158.color.png,-1.2361679,-0.38552058,0.98547882,0.928717772,0.171393323,-0.319780616,-0.076472127,-1.3907279968261719,-0.4538516402244568,0.9219844937324524,0.9627175331115723,0.10394226759672165,-0.23794031143188477,-0.0758642852306366
redkitchen,test,seq-03,redkitchen/seq-03/frame-000159.color.png,-1.2424001,-0.39074442,0.99055737,0.929717859,0.171463904,-0.316563648,-0.077538954,-1.3822647333145142,-0.44663482904434204,0.8967750072479248,0.9635215997695923,0.10562416166067123,-0.23409433662891388,-0.07529622316360474
redkitchen,test,seq-03,redkitchen/seq-03/frame-000160.color.png,-1.2488054,-0.39289311,0.99727863,0.93085668,0.17293332,-0.312368906,-0.077624575,-1.4284292459487915,-0.46081751585006714,0.9234196543693542,0.964740514755249,0.10409112274646759,-0.23073972761631012,-0.07211127877235413
redkitchen,test,seq-03,redkitchen/seq-03/frame-000161.color.png,-1.255291,-0.39570272,1.0043298,0.931868008,0.174723666,-0.308454854,-0.077131442,-1.4335064888000488,-0.45382219552993774,0.932651937007904,0.9640322923660278,0.09711785614490509,-0.23461435735225677,-0.07852375507354736
redkitchen,test,seq-03,redkitchen/seq-03/frame-000162.color.png,-1.2617058,-0.40167004,1.0097905,0.933227649,0.174877613,-0.304512552,-0.076000528,-1.4485487937927246,-0.5070635676383972,0.9617214202880859,0.9656774997711182,0.09837397187948227,-0.22696717083454132,-0.07921729236841202
redkitchen,test,seq-03,redkitchen/seq-03/frame-000163.color.png,-1.2621161,-0.4011586,1.0101587,0.93319971,0.175297081,-0.304350298,-0.076027173,-1.4381521940231323,-0.489676833152771,1.0029579401016235,0.9641227722167969,0.10704502463340759,-0.2291410118341446,-0.08064061403274536
redkitchen,test,seq-03,redkitchen/seq-03/frame-000164.color.png,-1.2683369,-0.40662047,1.0161217,0.934649065,0.175979916,-0.299487209,-0.075957931,-1.4381521940231323,-0.489676833152771,1.0029579401016235,0.9641227722167969,0.10704502463340759,-0.2291410118341446,-0.08064061403274536
redkitchen,test,seq-03,redkitchen/seq-03/frame-000165.color.png,-1.2753708,-0.41163734,1.0216541,0.936333858,0.177896654,-0.293125379,-0.075559238,-1.4867647886276245,-0.5386871099472046,1.0576716661453247,0.9612486362457275,0.1107524186372757,-0.23784175515174866,-0.08465425670146942
redkitchen,test,seq-03,redkitchen/seq-03/frame-000166.color.png,-1.2829924,-0.41576925,1.0271851,0.938225446,0.17859941,-0.287059673,-0.073702155,-1.4069546461105347,-0.5319541096687317,1.0420489311218262,0.9596074223518372,0.11586698889732361,-0.24371777474880219,-0.07956193387508392
redkitchen,test,seq-03,redkitchen/seq-03/frame-000167.color.png,-1.2897458,-0.41744858,1.0350691,0.939651815,0.179280969,-0.282723073,-0.070572404,-1.4143661260604858,-0.5320732593536377,1.0034825801849365,0.9634507298469543,0.10720041394233704,-0.23238377273082733,-0.07917395979166031
redkitchen,test,seq-03,redkitchen/seq-03/frame-000168.color.png,-1.2972262,-0.42338318,1.0411412,0.9411268,0.178876829,-0.278737998,-0.067738871,-1.4060653448104858,-0.5186623930931091,1.0123406648635864,0.9631681442260742,0.1086333692073822,-0.23372113704681396,-0.07668363302946091
redkitchen,test,seq-03,redkitchen/seq-03/frame-000169.color.png,-1.3052589,-0.42826545,1.0473946,0.942870194,0.178699376,-0.272936476,-0.067587057,-1.4335461854934692,-0.4895237684249878,1.0320541858673096,0.9631016254425049,0.11444619297981262,-0.23148828744888306,-0.07583225518465042
redkitchen,test,seq-03,redkitchen/seq-03/frame-000170.color.png,-1.3126327,-0.43323186,1.0536159,0.944634169,0.179050869,-0.266364381,-0.068242866,-1.4308216571807861,-0.4939152002334595,1.0197454690933228,0.9640465378761292,0.11752326786518097,-0.2260628491640091,-0.0754859670996666
redkitchen,test,seq-03,redkitchen/seq-03/frame-000171.color.png,-1.3124574,-0.43307912,1.0538524,0.944637458,0.178821115,-0.266507209,-0.068242142,-1.4308216571807861,-0.4939152002334595,1.0197454690933228,0.9640465378761292,0.11752326786518097,-0.2260628491640091,-0.0754859670996666
redkitchen,test,seq-03,redkitchen/seq-03/frame-000172.color.png,-1.3202109,-0.43645799,1.0600661,0.946567695,0.178617979,-0.260185409,-0.06639857,-1.407039999961853,-0.4878833293914795,0.9833321571350098,0.9667741060256958,0.1190400943160057,-0.2162434607744217,-0.06645301729440689
redkitchen,test,seq-03,redkitchen/seq-03/frame-000173.color.png,-1.3267565,-0.44069538,1.067174,0.948217245,0.176995043,-0.255709957,-0.064569564,-1.4591617584228516,-0.49638932943344116,1.0081355571746826,0.9680361747741699,0.11681398749351501,-0.21289001405239105,-0.0627555325627327
redkitchen,test,seq-03,redkitchen/seq-03/frame-000174.color.png,-1.3344159,-0.44528979,1.0731771,0.949619925,0.17704873,-0.25026039,-0.065157372,-1.4449552297592163,-0.4821155071258545,1.0043563842773438,0.9692083597183228,0.11686962842941284,-0.20707732439041138,-0.06399676203727722
redkitchen,test,seq-03,redkitchen/seq-03/frame-000175.color.png,-1.3411106,-0.450728,1.079324,0.951507745,0.176598128,-0.242716528,-0.067340919,-1.4131921529769897,-0.48558181524276733,1.0128897428512573,0.9658869504928589,0.121391162276268,-0.2169315665960312,-0.07257580757141113
redkitchen,test,seq-03,redkitchen/seq-03/frame-000176.color.png,-1.3493658,-0.45148253,1.0850701,0.953878081,0.175625885,-0.233724753,-0.068153473,-1.358552098274231,-0.4981335997581482,0.9708470702171326,0.9662464261054993,0.11684372276067734,-0.21866361796855927,-0.07001139968633652
redkitchen,test,seq-03,redkitchen/seq-03/frame-000177.color.png,-1.3544755,-0.45304832,1.093349,0.955587501,0.173610535,-0.228923757,-0.065618776,-1.4672439098358154,-0.4829663634300232,0.9855432510375977,0.9682789444923401,0.12300073355436325,-0.20896199345588684,-0.06034484878182411
redkitchen,test,seq-03,redkitchen/seq-03/frame-000178.color.png,-1.3541403,-0.45317125,1.0932149,0.955575814,0.173424691,-0.229155185,-0.065472443,-1.4672439098358154,-0.4829663634300232,0.9855432510375977,0.9682789444923401,0.12300073355436325,-0.20896199345588684,-0.06034484878182411
redkitchen,test,seq-03,redkitchen/seq-03/frame-000179.color.png,-1.3623573,-0.45691189,1.0984551,0.956890301,0.172499677,-0.224941813,-0.063292919,-1.4605361223220825,-0.49517494440078735,0.9909281134605408,0.9692331552505493,0.12376713752746582,-0.2046128362417221,-0.058329932391643524
redkitchen,test,seq-03,redkitchen/seq-03/frame-000180.color.png,-1.3700634,-0.46063825,1.1037308,0.958433221,0.170847945,-0.219155615,-0.064711335,-1.4597253799438477,-0.5089717507362366,1.0323339700698853,0.9710917472839355,0.11586326360702515,-0.19961906969547272,-0.06089845672249794
redkitchen,test,seq-03,redkitchen/seq-03/frame-000181.color.png,-1.3773655,-0.46334669,1.1102599,0.960176473,0.169623105,-0.21220347,-0.065259707,-1.45658540725708,-0.5190358757972717,1.0311362743377686,0.9709158539772034,0.11786847561597824,-0.19891108572483063,-0.0621596984565258
redkitchen,test,seq-03,redkitchen/seq-03/frame-000182.color.png,-1.3838238,-0.46616191,1.1159708,0.961435586,0.170032508,-0.206852065,-0.062791583,-1.5016376972198486,-0.5172451734542847,1.036455512046814,0.9739760756492615,0.1167399138212204,-0.18617404997348785,-0.05551319941878319
redkitchen,test,seq-03,redkitchen/seq-03/frame-000183.color.png,-1.389608,-0.46793288,1.1218961,0.962018186,0.17115821,-0.204386149,-0.058755252,-1.478026032447815,-0.5511590242385864,1.0570846796035767,0.9729737639427185,0.11556932330131531,-0.19229665398597717,-0.05465994030237198
redkitchen,test,seq-03,redkitchen/seq-03/frame-000184.color.png,-1.3967633,-0.47133821,1.1264168,0.962861957,0.171381685,-0.200812176,-0.056565358,-1.4448670148849487,-0.5487028360366821,1.0542328357696533,0.9728702306747437,0.11831111460924149,-0.19206753373146057,-0.051342353224754333
redkitchen,test,seq-03,redkitchen/seq-03/frame-000185.color.png,-1.4032929,-0.47393987,1.131302,0.963784892,0.171685605,-0.196260841,-0.055896485,-1.4376755952835083,-0.527532696723938,1.0202375650405884,0.9757393002510071,0.1244923546910286,-0.17464224994182587,-0.04398494213819504
redkitchen,test,seq-03,redkitchen/seq-03/frame-000186.color.png,-1.4035243,-0.47448891,1.1311162,0.963781686,0.171773304,-0.196184911,-0.055948856,-1.4376755952835083,-0.527532696723938,1.0202375650405884,0.9757393002510071,0.1244923546910286,-0.17464224994182587,-0.04398494213819504
redkitchen,test,seq-03,redkitchen/seq-03/frame-000187.color.png,-1.4098909,-0.47513732,1.136409,0.964702915,0.171690028,-0.191841,-0.055388192,-1.4804573059082031,-0.5256276726722717,1.0412299633026123,0.9767916798591614,0.11550920456647873,-0.17443248629570007,-0.045923247933387756
redkitchen,test,seq-03,redkitchen/seq-03/frame-000188.color.png,-1.4159609,-0.47164831,1.1436954,0.965559345,0.169746747,-0.190435173,-0.051143308,-1.5235259532928467,-0.48044562339782715,1.0034621953964233,0.9774763584136963,0.12052547931671143,-0.1686738282442093,-0.03953133895993233
redkitchen,test,seq-03,redkitchen/seq-03/frame-000189.color.png,-1.4206978,-0.47271764,1.1503686,0.965688706,0.168027895,-0.192224257,-0.047558229,-1.5423458814620972,-0.5073285698890686,1.0385938882827759,0.9772360324859619,0.11698809266090393,-0.17192059755325317,-0.04203324764966965
redkitchen,test,seq-03,redkitchen/seq-03/frame-000190.color.png,-1.4263016,-0.47726512,1.1545572,0.96620606,0.165700137,-0.190871864,-0.050569227,-1.5733119249343872,-0.5148965120315552,1.0454086065292358,0.9784461855888367,0.11634152382612228,-0.1650366187095642,-0.04325185716152191
redkitchen,test,seq-03,redkitchen/seq-03/frame-000191.color.png,-1.4266012,-0.4783093,1.1541401,0.966240535,0.165688158,-0.190654299,-0.050770083,-1.602405071258545,-0.5099611282348633,1.0415115356445312,0.9792487025260925,0.11013731360435486,-0.16417506337165833,-0.04459124431014061
redkitchen,test,seq-03,redkitchen/seq-03/frame-000192.color.png,-1.4334095,-0.47758546,1.1599017,0.967292978,0.163636505,-0.186270295,-0.053579529,-1.602405071258545,-0.5099611282348633,1.0415115356445312,0.9792487025260925,0.11013731360435486,-0.16417506337165833,-0.04459124431014061
redkitchen,test,seq-03,redkitchen/seq-03/frame-000193.color.png,-1.4388961,-0.47688013,1.1663632,0.967936297,0.161558352,-0.185094613,-0.052327893,-1.62668776512146,-0.5065966248512268,1.0608983039855957,0.9779342412948608,0.10689014196395874,-0.17410415410995483,-0.04366812855005264
redkitchen,test,seq-03,redkitchen/seq-03/frame-000194.color.png,-1.4432305,-0.48190501,1.1706545,0.967755507,0.1610291,-0.186176356,-0.05345346,-1.6144030094146729,-0.5222503542900085,1.0864180326461792,0.9765292406082153,0.10815488547086716,-0.1800040602684021,-0.047870930284261703
redkitchen,test,seq-03,redkitchen/seq-03/frame-000195.color.png,-1.4476634,-0.4882488,1.1735442,0.967691728,0.160727375,-0.186075902,-0.055813871,-1.6030930280685425,-0.5256823897361755,1.083064317703247,0.9760366678237915,0.1085142120718956,-0.1823388636112213,-0.048265326768159866
redkitchen,test,seq-03,redkitchen/seq-03/frame-000196.color.png,-1.451982,-0.48944584,1.1773705,0.967996292,0.160008965,-0.184590389,-0.057503896,-1.577617883682251,-0.5258094072341919,1.0621424913406372,0.9756543636322021,0.11146634072065353,-0.18245849013328552,-0.04881363362073898
redkitchen,test,seq-03,redkitchen/seq-03/frame-000197.color.png,-1.4559296,-0.49283221,1.1813262,0.968099678,0.159736311,-0.18379473,-0.059049309,-1.6105012893676758,-0.5427377223968506,1.099626898765564,0.9751837849617004,0.10765466839075089,-0.18611498177051544,-0.05280369892716408
redkitchen,test,seq-03,redkitchen/seq-03/frame-000198.color.png,-1.4605329,-0.49246413,1.1860163,0.968179612,0.158325251,-0.184441207,-0.059521389,-1.621421456336975,-0.5367757678031921,1.092076063156128,0.9749701619148254,0.1089012548327446,-0.18693606555461884,-0.051269106566905975
redkitchen,test,seq-03,redkitchen/seq-03/frame-000199.color.png,-1.4641252,-0.49826214,1.1895511,0.96799019,0.156439057,-0.185903243,-0.062942814,-1.621421456336975,-0.5367757678031921,1.092076063156128,0.9749701619148254,0.1089012548327446,-0.18693606555461884,-0.051269106566905975
redkitchen,test,seq-03,redkitchen/seq-03/frame-000200.color.png,-1.4645535,-0.49702662,1.189677,0.967947101,0.156938286,-0.185701652,-0.062957762,-1.602138876914978,-0.5603774189949036,1.1323720216751099,0.9745047092437744,0.10213752835988998,-0.19260606169700623,-0.05302201211452484
redkitchen,test,seq-03,redkitchen/seq-03/frame-000201.color.png,-1.4682322,-0.49983951,1.1941994,0.967974668,0.156438166,-0.18426005,-0.067826068,-1.5468014478683472,-0.5728594660758972,1.1035470962524414,0.9741689562797546,0.09417328983545303,-0.19662386178970337,-0.0588672049343586
redkitchen,test,seq-03,redkitchen/seq-03/frame-000202.color.png,-1.4728094,-0.50330651,1.1981354,0.968336409,0.155261169,-0.18230656,-0.070589568,-1.4956653118133545,-0.5656841993331909,1.0868563652038574,0.9742482304573059,0.09368931502103806,-0.1958245038986206,-0.06095438450574875
redkitchen,test,seq-03,redkitchen/seq-03/frame-000203.color.png,-1.474468,-0.50189525,1.2042118,0.968159196,0.1551613,-0.182883405,-0.071738434,-1.4904505014419556,-0.5798863172531128,1.0936821699142456,0.9734907746315002,0.09843674302101135,-0.19727501273155212,-0.06089673563838005
redkitchen,test,seq-03,redkitchen/seq-03/frame-000204.color.png,-1.4777443,-0.50757498,1.2077894,0.96804693,0.154735646,-0.183741011,-0.07198099,-1.5036076307296753,-0.5809023380279541,1.130151391029358,0.9741830825805664,0.09555815160274506,-0.19569404423236847,-0.05949706956744194
redkitchen,test,seq-03,redkitchen/seq-03/frame-000205.color.png,-1.4801222,-0.51157063,1.2118499,0.968023296,0.154523541,-0.1833523,-0.073724546,-1.5091453790664673,-0.5667864680290222,1.1195347309112549,0.9743492007255554,0.09724406152963638,-0.19391025602817535,-0.059883274137973785
redkitchen,test,seq-03,redkitchen/seq-03/frame-000206.color.png,-1.4804834,-0.51053596,1.2122089,0.968044213,0.154597769,-0.183215843,-0.073633461,-1.5091453790664673,-0.5667864680290222,1.1195347309112549,0.9743492007255554,0.09724406152963638,-0.19391025602817535,-0.059883274137973785
redkitchen,test,seq-03,redkitchen/seq-03/frame-000207.color.png,-1.4834799,-0.51399052,1.2172685,0.968447394,0.153307785,-0.181616308,-0.074979232,-1.4887515306472778,-0.5871711373329163,1.1356772184371948,0.9728586673736572,0.09775014221668243,-0.20007066428661346,-0.06294890493154526
redkitchen,test,seq-03,redkitchen/seq-03/frame-000208.color.png,-1.4850147,-0.5123511,1.2255651,0.968651431,0.152161011,-0.181345164,-0.075335005,-1.4705607891082764,-0.5825226306915283,1.1215846538543701,0.9729694724082947,0.08941368013620377,-0.20280027389526367,-0.06486622244119644
redkitchen,test,seq-03,redkitchen/seq-03/frame-000209.color.png,-1.485993,-0.51675284,1.2315294,0.968568874,0.151604351,-0.181943462,-0.076072551,-1.4862926006317139,-0.5826795697212219,1.137496829032898,0.9742897748947144,0.08947955071926117,-0.19689436256885529,-0.0631299763917923
redkitchen,test,seq-03,redkitchen/seq-03/frame-000210.color.png,-1.4888575,-0.52051502,1.2369714,0.968854069,0.151382721,-0.18104005,-0.075030422,-1.4958149194717407,-0.5809227824211121,1.1456005573272705,0.9737764000892639,0.09492772072553635,-0.19723288714885712,-0.062028177082538605
redkitchen,test,seq-03,redkitchen/seq-03/frame-000211.color.png,-1.4894294,-0.52202791,1.2438737,0.969048535,0.150518272,-0.180522945,-0.075502662,-1.5213385820388794,-0.5871133208274841,1.1681387424468994,0.9748080372810364,0.09267332404851913,-0.19401878118515015,-0.059310540556907654
redkitchen,test,seq-03,redkitchen/seq-03/frame-000212.color.png,-1.4886448,-0.52237517,1.2526692,0.968991734,0.150449547,-0.181369676,-0.074330299,-1.5177764892578125,-0.5786840915679932,1.1687816381454468,0.9749523997306824,0.0937182605266571,-0.1925487071275711,-0.060081277042627335
redkitchen,test,seq-03,redkitchen/seq-03/frame-000213.color.png,-1.4887747,-0.52338529,1.2522992,0.969065842,0.150125867,-0.181390642,-0.07396657,-1.5447828769683838,-0.574509859085083,1.1546908617019653,0.9757183194160461,0.09200622141361237,-0.18923726677894592,-0.06081068888306618
redkitchen,test,seq-03,redkitchen/seq-03/frame-000214.color.png,-1.489848,-0.52610928,1.2595716,0.969006308,0.15174623,-0.180504826,-0.073606142,-1.5447828769683838,-0.574509859085083,1.1546908617019653,0.9757183194160461,0.09200622141361237,-0.18923726677894592,-0.06081068888306618
redkitchen,test,seq-03,redkitchen/seq-03/frame-000215.color.png,-1.4912733,-0.53009015,1.2664874,0.969516221,0.152488443,-0.177855722,-0.071783803,-1.6319040060043335,-0.5692019462585449,1.1717524528503418,0.9785693287849426,0.09769295901060104,-0.17312026023864746,-0.053736813366413116
redkitchen,test,seq-03,redkitchen/seq-03/frame-000216.color.png,-1.4921298,-0.53451139,1.2737571,0.96982463,0.153041857,-0.177654712,-0.066762114,-1.6077544689178467,-0.5474830865859985,1.1617944240570068,0.9787227511405945,0.09762664139270782,-0.1741650253534317,-0.047301340848207474
redkitchen,test,seq-03,redkitchen/seq-03/frame-000217.color.png,-1.4914911,-0.53891385,1.2810624,0.969738483,0.153442373,-0.178573311,-0.064608705,-1.5881816148757935,-0.5706600546836853,1.2021843194961548,0.979047954082489,0.100934699177742,-0.17082363367080688,-0.04578841105103493
redkitchen,test,seq-03,redkitchen/seq-03/frame-000218.color.png,-1.4935764,-0.54612911,1.2871622,0.969973854,0.154568426,-0.176217557,-0.06485905,-1.5005228519439697,-0.5878447890281677,1.158395528793335,0.9777716994285583,0.101646788418293,-0.17490798234939575,-0.05511385574936867
redkitchen,test,seq-03,redkitchen/seq-03/frame-000219.color.png,-1.4942365,-0.54658765,1.2866619,0.970011002,0.154661071,-0.175943279,-0.064827241,-1.5005228519439697,-0.5878447890281677,1.158395528793335,0.9777716994285583,0.101646788418293,-0.17490798234939575,-0.05511385574936867
redkitchen,test,seq-03,redkitchen/seq-03/frame-000220.color.png,-1.4948454,-0.54950494,1.2936817,0.970734275,0.155542038,-0.170251614,-0.067052441,-1.4589909315109253,-0.6313385963439941,1.1772313117980957,0.9774899482727051,0.09354770928621292,-0.1784825176000595,-0.06249905005097389
redkitchen,test,seq-03,redkitchen/seq-03/frame-000221.color.png,-1.4951166,-0.5446288,1.3050028,0.971451851,0.15653535,-0.166717072,-0.063114211,-1.525018572807312,-0.6064964532852173,1.19916832447052,0.9799712896347046,0.09334514290094376,-0.16728602349758148,-0.05439145490527153
redkitchen,test,seq-03,redkitchen/seq-03/frame-000222.color.png,-1.495284,-0.54844171,1.3133389,0.971550843,0.157866597,-0.166722902,-0.058056626,-1.4986188411712646,-0.6028352379798889,1.2334153652191162,0.9800130724906921,0.09662472456693649,-0.16625995934009552,-0.050946835428476334
redkitchen,test,seq-03,redkitchen/seq-03/frame-000223.color.png,-1.4963652,-0.55231166,1.3208981,0.971620672,0.159507146,-0.164686652,-0.058215526,-1.4673367738723755,-0.6382256746292114,1.2407493591308594,0.981062650680542,0.09278572350740433,-0.1609053611755371,-0.05492106452584267
redkitchen,test,seq-03,redkitchen/seq-03/frame-000224.color.png,-1.4982255,-0.55545962,1.3274101,0.972409693,0.160633089,-0.158733405,-0.058481668,-1.5268299579620361,-0.6317163109779358,1.2679709196090698,0.981196939945221,0.10182427614927292,-0.1568867564201355,-0.0476536899805069
redkitchen,test,seq-03,redkitchen/seq-03/frame-000225.color.png,-1.4978724,-0.55545092,1.3277237,0.972374558,0.160729956,-0.158992143,-0.058095601,-1.5268299579620361,-0.6317163109779358,1.2679709196090698,0.981196939945221,0.10182427614927292,-0.1568867564201355,-0.0476536899805069
redkitchen,test,seq-03,redkitchen/seq-03/frame-000226.color.png,-1.4986254,-0.56249917,1.3327767,0.973135206,0.160401016,-0.156108711,-0.053939365,-1.5614012479782104,-0.6143964529037476,1.2867554426193237,0.9826206564903259,0.09950779378414154,-0.15127211809158325,-0.04088526591658592
redkitchen,test,seq-03,redkitchen/seq-03/frame-000227.color.png,-1.4986984,-0.56261283,1.3407309,0.973142786,0.160961823,-0.15612794,-0.052043029,-1.5454585552215576,-0.6236304640769958,1.2905974388122559,0.9827658534049988,0.10061866044998169,-0.1499411165714264,-0.03955754265189171
redkitchen,test,seq-03,redkitchen/seq-03/frame-000228.color.png,-1.4992845,-0.56816959,1.3461319,0.973622803,0.159752221,-0.153910401,-0.053380276,-1.5375113487243652,-0.613710343837738,1.267069935798645,0.9830920100212097,0.10622061043977737,-0.14413456618785858,-0.03837250545620918
redkitchen,test,seq-03,redkitchen/seq-03/frame-000229.color.png,-1.5011126,-0.57308656,1.3518435,0.974283914,0.15913158,-0.150089895,-0.054046455,-1.5193246603012085,-0.6234860420227051,1.2979949712753296,0.983171820640564,0.1109263002872467,-0.1391722708940506,-0.0412263385951519
redkitchen,test,seq-03,redkitchen/seq-03/frame-000230.color.png,-1.5027312,-0.57905048,1.3561559,0.974719653,0.159341027,-0.146384862,-0.055709132,-1.5119924545288086,-0.6149334907531738,1.30082106590271,0.9815561771392822,0.10882970690727234,-0.15148049592971802,-0.041918545961380005
redkitchen,test,seq-03,redkitchen/seq-03/frame-000231.color.png,-1.5037029,-0.58073336,1.3616135,0.975106908,0.159524822,-0.14364043,-0.055549757,-1.4691916704177856,-0.6078802347183228,1.2623212337493896,0.9812711477279663,0.10636068880558014,-0.15529337525367737,-0.04096649959683418
redkitchen,test,seq-03,redkitchen/seq-03/frame-000232.color.png,-1.5038639,-0.58163142,1.3612293,0.975181903,0.15914751,-0.143481682,-0.055725517,-1.5253779888153076,-0.6064465641975403,1.2727597951889038,0.9832072854042053,0.10407993942499161,-0.14534419775009155,-0.03668557479977608
redkitchen,test,seq-03,redkitchen/seq-03/frame-000233.color.png,-1.5050915,-0.58700889,1.365163,0.97589659,0.157401277,-0.141028097,-0.054422056,-1.5253779888153076,-0.6064465641975403,1.2727597951889038,0.9832072854042053,0.10407993942499161,-0.14534419775009155,-0.03668557479977608
redkitchen,test,seq-03,redkitchen/seq-03/frame-000234.color.png,-1.5057267,-0.58755475,1.3711774,0.976375532,0.15608533,-0.139584485,-0.053332557,-1.5460472106933594,-0.599034309387207,1.272883415222168,0.9830769300460815,0.1048043742775917,-0.14551588892936707,-0.03743000701069832
redkitchen,test,seq-03,redkitchen/seq-03/frame-000235.color.png,-1.5073209,-0.59006679,1.3764985,0.976776025,0.154721475,-0.138204426,-0.053566773,-1.5480190515518188,-0.6219199895858765,1.2906213998794556,0.9821904301643372,0.10705941915512085,-0.14922161400318146,-0.03966189920902252
redkitchen,test,seq-03,redkitchen/seq-03/frame-000236.color.png,-1.5088078,-0.59367543,1.3811431,0.977345409,0.152705752,-0.135720927,-0.055287746,-1.5842031240463257,-0.6128962635993958,1.2950435876846313,0.9849072694778442,0.10473470389842987,-0.13254696130752563,-0.03767857328057289
redkitchen,test,seq-03,redkitchen/seq-03/frame-000237.color.png,-1.5091383,-0.5932672,1.381206,0.977358023,0.152782213,-0.135507292,-0.055377462,-1.5842031240463257,-0.6128962635993958,1.2950435876846313,0.9849072694778442,0.10473470389842987,-0.13254696130752563,-0.03767857328057289
redkitchen,test,seq-03,redkitchen/seq-03/frame-000238.color.png,-1.5109264,-0.59489846,1.3875226,0.977944892,0.150989451,-0.132382024,-0.057454095,-1.58901846408844,-0.6062958240509033,1.276806116104126,0.9847556948661804,0.09583623707294464,-0.1383729726076126,-0.04386884719133377
redkitchen,test,seq-03,redkitchen/seq-03/frame-000239.color.png,-1.5113695,-0.59572005,1.3941028,0.97821497,0.1512486,-0.129654555,-0.058386893,-1.5556837320327759,-0.6084374189376831,1.2678866386413574,0.9866585731506348,0.0932403951883316,-0.1273268312215805,-0.03998758643865585
redkitchen,test,seq-03,redkitchen/seq-03/frame-000240.color.png,-1.5133687,-0.60054266,1.3982471,0.978742508,0.150900706,-0.126768041,-0.056762172,-1.5763527154922485,-0.6037313938140869,1.2710117101669312,0.9866473078727722,0.09655436873435974,-0.1261926293373108,-0.035771701484918594
redkitchen,test,seq-03,redkitchen/seq-03/frame-000241.color.png,-1.5149053,-0.60721034,1.4029201,0.979295896,0.149416429,-0.124926878,-0.055204654,-1.5850545167922974,-0.6003594994544983,1.3240751028060913,0.9864510297775269,0.09770987182855606,-0.12675802409648895,-0.03604815527796745
redkitchen,test,seq-03,redkitchen/seq-03/frame-000242.color.png,-1.5156066,-0.6078769,1.4025643,0.979348882,0.14936902,-0.124553482,-0.055236702,-1.5850545167922974,-0.6003594994544983,1.3240751028060913,0.9864510297775269,0.09770987182855606,-0.12675802409648895,-0.03604815527796745
redkitchen,test,seq-03,redkitchen/seq-03/frame-000243.color.png,-1.5167131,-0.60750276,1.4092225,0.979487017,0.150664482,-0.121348631,-0.056390665,-1.5713993310928345,-0.6343846917152405,1.3357042074203491,0.9863896369934082,0.09776085615158081,-0.12528179585933685,-0.0422234907746315
redkitchen,test,seq-03,redkitchen/seq-03/frame-000244.color.png,-1.5191607,-0.60854626,1.4150043,0.980099442,0.151367057,-0.114965211,-0.057237203,-1.61117422580719,-0.6661155223846436,1.3492417335510254,0.9871270060539246,0.09444204717874527,-0.12265186756849289,-0.04021838679909706
redkitchen,test,seq-03,redkitchen/seq-03/frame-000245.color.png,-1.5223445,-0.61410648,1.4200485,0.98095676,0.150110444,-0.11004784,-0.055499221,-1.6733654737472534,-0.6628773212432861,1.357418417930603,0.9872175455093384,0.09461623430252075,-0.12241844832897186,-0.038250695914030075
redkitchen,test,seq-03,redkitchen/seq-03/frame-000246.color.png,-1.5232892,-0.61427546,1.4276228,0.981358242,0.149905771,-0.108133159,-0.052644858,-1.6717287302017212,-0.659818708896637,1.3699722290039062,0.987759530544281,0.0927945077419281,-0.12010118365287781,-0.035998910665512085
redkitchen,test,seq-03,redkitchen/seq-03/frame-000247.color.png,-1.5225706,-0.61379009,1.4279046,0.981324752,0.150020409,-0.108390061,-0.052413767,-1.6717287302017212,-0.659818708896637,1.3699722290039062,0.987759530544281,0.0927945077419281,-0.12010118365287781,-0.035998910665512085
redkitchen,test,seq-03,redkitchen/seq-03/frame-000248.color.png,-1.5249815,-0.61834532,1.4335258,0.981686058,0.149236901,-0.107227074,-0.050231312,-1.6655733585357666,-0.6806387901306152,1.407456874847412,0.9877896904945374,0.10164526104927063,-0.11399608850479126,-0.030734820291399956
redkitchen,test,seq-03,redkitchen/seq-03/frame-000249.color.png,-1.5273459,-0.6213457,1.4398201,0.981984734,0.148709312,-0.104183547,-0.052319323,-1.640444278717041,-0.6962797045707703,1.4211376905441284,0.9889360666275024,0.09444373846054077,-0.10931222140789032,-0.03371504694223404
redkitchen,test,seq-03,redkitchen/seq-03/frame-000250.color.png,-1.5302782,-0.62628466,1.4453472,0.982614042,0.148216066,-0.099118742,-0.051740863,-1.7011375427246094,-0.6669781804084778,1.4490373134613037,0.9889860153198242,0.09557346999645233,-0.10912355780601501,-0.02940189465880394
redkitchen,test,seq-03,redkitchen/seq-03/frame-000251.color.png,-1.5304557,-0.62608385,1.4455678,0.982622728,0.148298209,-0.099088658,-0.051397008,-1.7011375427246094,-0.6669781804084778,1.4490373134613037,0.9889860153198242,0.09557346999645233,-0.10912355780601501,-0.02940189465880394
redkitchen,test,seq-03,redkitchen/seq-03/frame-000252.color.png,-1.5314739,-0.62878323,1.452021,0.982886221,0.148339945,-0.097165715,-0.049887495,-1.695967435836792,-0.6454699635505676,1.4656105041503906,0.9885419011116028,0.09593566507101059,-0.1141713559627533,-0.02336999401450157
redkitchen,test,seq-03,redkitchen/seq-03/frame-000253.color.png,-1.5345155,-0.63535327,1.4561424,0.983158803,0.147166412,-0.096883396,-0.048522404,-1.7058775424957275,-0.6643912196159363,1.4751107692718506,0.9890500903129578,0.09622646868228912,-0.10944746434688568,-0.023273663595318794
redkitchen,test,seq-03,redkitchen/seq-03/frame-000254.color.png,-1.5363588,-0.63848484,1.4617652,0.983436664,0.146251384,-0.09466918,-0.050006076,-1.735464334487915,-0.6677653789520264,1.5012098550796509,0.9887051582336426,0.10293404012918472,-0.10644084960222244,-0.0231747068464756
redkitchen,test,seq-03,redkitchen/seq-03/frame-000255.color.png,-1.5367512,-0.63823915,1.4618082,0.983455212,0.146276266,-0.094691165,-0.049524572,-1.735464334487915,-0.6677653789520264,1.5012098550796509,0.9887051582336426,0.10293404012918472,-0.10644084960222244,-0.0231747068464756
redkitchen,test,seq-03,redkitchen/seq-03/frame-000256.color.png,-1.5383101,-0.63723361,1.4688535,0.983788222,0.145754382,-0.090904524,-0.051504972,-1.7232915163040161,-0.6546054482460022,1.4877798557281494,0.9871615767478943,0.10367874056100845,-0.1190590187907219,-0.024242814630270004
redkitchen,test,seq-03,redkitchen/seq-03/frame-000257.color.png,-1.5412432,-0.64210051,1.4734808,0.984228951,0.144406597,-0.088643274,-0.050818077,-1.718737244606018,-0.6631953120231628,1.509066104888916,0.9868863224983215,0.10500253736972809,-0.12052064388990402,-0.022463100031018257
redkitchen,test,seq-03,redkitchen/seq-03/frame-000258.color.png,-1.5410203,-0.64059401,1.4803623,0.984219648,0.145112666,-0.087642615,-0.050722491,-1.714827299118042,-0.683657705783844,1.5422606468200684,0.9870210886001587,0.10775117576122284,-0.11660321801900864,-0.024138914421200752
redkitchen,test,seq-03,redkitchen/seq-03/frame-000259.color.png,-1.540857,-0.64098054,1.4801425,0.984240475,0.144968299,-0.087755867,-0.050535014,-1.7000612020492554,-0.6830231547355652,1.5333101749420166,0.9881331920623779,0.1091797724366188,-0.10630602389574051,-0.01927522011101246
redkitchen,test,seq-03,redkitchen/seq-03/frame-000260.color.png,-1.5441667,-0.65022284,1.4822134,0.984671493,0.143742661,-0.085112592,-0.050159195,-1.7000612020492554,-0.6830231547355652,1.5333101749420166,0.9881331920623779,0.1091797724366188,-0.10630602389574051,-0.01927522011101246
redkitchen,test,seq-03,redkitchen/seq-03/frame-000261.color.png,-1.545563,-0.64920431,1.4885879,0.984896714,0.14389856,-0.082142188,-0.050242692,-1.6572601795196533,-0.6872074007987976,1.5357232093811035,0.9874699711799622,0.10900062322616577,-0.11160639673471451,-0.023789241909980774
redkitchen,test,seq-03,redkitchen/seq-03/frame-000262.color.png,-1.5452536,-0.65368742,1.4923967,0.985107039,0.143631061,-0.080202216,-0.050018439,-1.6905871629714966,-0.67783522605896,1.5442203283309937,0.9874808192253113,0.11268489062786102,-0.107953742146492,-0.02301640436053276
redkitchen,test,seq-03,redkitchen/seq-03/frame-000263.color.png,-1.5459771,-0.65321678,1.4924403,0.985103427,0.143864574,-0.079971984,-0.049786579,-1.6905871629714966,-0.67783522605896,1.5442203283309937,0.9874808192253113,0.11268489062786102,-0.107953742146492,-0.02301640436053276
redkitchen,test,seq-03,redkitchen/seq-03/frame-000264.color.png,-1.5481553,-0.65505964,1.4970934,0.985270051,0.144632007,-0.077191881,-0.048640751,-1.727311134338379,-0.6864326000213623,1.5579088926315308,0.9883956909179688,0.11358025670051575,-0.09850481897592545,-0.02168458141386509
redkitchen,test,seq-03,redkitchen/seq-03/frame-000265.color.png,-1.5496022,-0.66012597,1.500699,0.985649205,0.144129993,-0.073810105,-0.047689191,-1.6921167373657227,-0.6791224479675293,1.5359649658203125,0.9899007081985474,0.11038132011890411,-0.08646973222494125,-0.020872853696346283
redkitchen,test,seq-03,redkitchen/seq-03/frame-000266.color.png,-1.5511827,-0.66098517,1.5062104,0.985728158,0.14543963,-0.068842139,-0.049478003,-1.7043917179107666,-0.7102147936820984,1.5554451942443848,0.9912751913070679,0.10354839265346527,-0.07673981040716171,-0.027608931064605713
redkitchen,test,seq-03,redkitchen/seq-03/frame-000267.color.png,-1.5517389,-0.66515374,1.5097457,0.986093936,0.145297158,-0.062889484,-0.050521269,-1.7068167924880981,-0.750304102897644,1.5789650678634644,0.9909510612487793,0.10902740061283112,-0.07369276136159897,-0.026425914838910103
redkitchen,test,seq-03,redkitchen/seq-03/frame-000268.color.png,-1.552271,-0.66417819,1.5102437,0.986060689,0.145625241,-0.063034129,-0.050043028,-1.7068167924880981,-0.750304102897644,1.5789650678634644,0.9909510612487793,0.10902740061283112,-0.07369276136159897,-0.026425914838910103
redkitchen,test,seq-03,redkitchen/seq-03/frame-000269.color.png,-1.5490801,-0.66497034,1.5163798,0.986420596,0.145545936,-0.059828514,-0.047024859,-1.747779130935669,-0.7445819973945618,1.5916236639022827,0.9919176697731018,0.10583658516407013,-0.06735030561685562,-0.01902410387992859
redkitchen,test,seq-03,redkitchen/seq-03/frame-000270.color.png,-1.5488564,-0.67173719,1.5199623,0.986811264,0.144858647,-0.057677335,-0.043506617,-1.7446519136428833,-0.7554939985275269,1.589803695678711,0.9924276471138,0.09973061084747314,-0.06869173049926758,-0.02056066319346428
redkitchen,test,seq-03,redkitchen/seq-03/frame-000271.color.png,-1.550885,-0.67359465,1.5248864,0.987055592,0.145740986,-0.053372947,-0.040399894,-1.7446519136428833,-0.7554939985275269,1.589803695678711,0.9924276471138,0.09973061084747314,-0.06869173049926758,-0.02056066319346428
redkitchen,test,seq-03,redkitchen/seq-03/frame-000272.color.png,-1.5503852,-0.67414933,1.5246319,0.987043775,0.145661356,-0.053330407,-0.041027099,-1.7091498374938965,-0.75995934009552,1.614943504333496,0.9920176863670349,0.10284292697906494,-0.0698976069688797,-0.02094261348247528
redkitchen,test,seq-03,redkitchen/seq-03/frame-000273.color.png,-1.5514287,-0.67166722,1.5317723,0.987417159,0.145695222,-0.047790226,-0.038682694,-1.682845950126648,-0.7467482089996338,1.608238697052002,0.9935256242752075,0.0962272584438324,-0.057623013854026794,-0.018075302243232727
redkitchen,test,seq-03,redkitchen/seq-03/frame-000274.color.png,-1.548336,-0.676027,1.5363702,0.987756225,0.145327358,-0.04324481,-0.036708118,-1.682845950126648,-0.7467482089996338,1.608238697052002,0.9935256242752075,0.0962272584438324,-0.057623013854026794,-0.018075302243232727
redkitchen,test,seq-03,redkitchen/seq-03/frame-000275.color.png,-1.5486158,-0.67635363,1.5364473,0.987742252,0.145369144,-0.04311878,-0.037065159,-1.7281557321548462,-0.75977623462677,1.625929594039917,0.9937152862548828,0.09870690852403641,-0.05004056915640831,-0.01681925356388092
redkitchen,test,seq-03,redkitchen/seq-03/frame-000276.color.png,-1.5484742,-0.68063051,1.5404657,0.988035164,0.145609314,-0.0389256,-0.032699233,-1.7443864345550537,-0.798633873462677,1.649217128753662,0.9924631714820862,0.11040198057889938,-0.051895640790462494,-0.011622516438364983
redkitchen,test,seq-03,redkitchen/seq-03/frame-000277.color.png,-1.5460259,-0.6858452,1.5435575,0.988309807,0.145176515,-0.034119588,-0.031675838,-1.7443864345550537,-0.798633873462677,1.649217128753662,0.9924631714820862,0.11040198057889938,-0.051895640790462494,-0.011622516438364983
redkitchen,test,seq-03,redkitchen/seq-03/frame-000278.color.png,-1.5461668,-0.68598044,1.5437274,0.988299074,0.145250272,-0.034102412,-0.031691076,-1.7245509624481201,-0.804256021976471,1.6427065134048462,0.9919936060905457,0.11339060217142105,-0.05465642735362053,-0.010190014727413654
redkitchen,test,seq-03,redkitchen/seq-03/frame-000279.color.png,-1.5442078,-0.68703669,1.5485963,0.988502243,0.145356894,-0.027780983,-0.031030732,-1.7283810377120972,-0.8077196478843689,1.6567438840866089,0.9922096133232117,0.11265140026807785,-0.05170755460858345,-0.012489700689911842
redkitchen,test,seq-03,redkitchen/seq-03/frame-000280.color.png,-1.5409904,-0.69276321,1.551913,0.988790478,0.144753161,-0.023243774,-0.028277904,-1.8032680749893188,-0.8116775751113892,1.7255222797393799,0.9932434558868408,0.11080394685268402,-0.033952176570892334,-0.006099604535847902
redkitchen,test,seq-03,redkitchen/seq-03/frame-000281.color.png,-1.5413984,-0.69279957,1.5518461,0.988783306,0.144808247,-0.023310598,-0.028191521,-1.8032680749893188,-0.8116775751113892,1.7255222797393799,0.9932434558868408,0.11080394685268402,-0.033952176570892334,-0.006099604535847902
redkitchen,test,seq-03,redkitchen/seq-03/frame-000282.color.png,-1.5374552,-0.6970017,1.555415,0.988899717,0.144990252,-0.021051449,-0.024738909,-1.791407585144043,-0.8265687823295593,1.7285507917404175,0.9927480220794678,0.11302374303340912,-0.04085936024785042,-0.0027553627733141184
redkitchen,test,seq-03,redkitchen/seq-03/frame-000283.color.png,-1.5349512,-0.70173007,1.5586436,0.989040116,0.144572802,-0.018493556,-0.023586895,-1.7671440839767456,-0.8497240543365479,1.6767247915267944,0.9920010566711426,0.12120480835437775,-0.0352417528629303,-0.0010845722863450646
redkitchen,test,seq-03,redkitchen/seq-03/frame-000284.color.png,-1.5311689,-0.70110798,1.5644753,0.989043432,0.145006601,-0.014114648,-0.023810764,-1.8053845167160034,-0.8377329111099243,1.7255401611328125,0.9925241470336914,0.11724996566772461,-0.03388234227895737,-0.0004758845898322761
redkitchen,test,seq-03,redkitchen/seq-03/frame-000285.color.png,-1.5301917,-0.70099163,1.5647197,0.989022213,0.145084965,-0.01402842,-0.024261481,-1.8053845167160034,-0.8377329111099243,1.7255401611328125,0.9925241470336914,0.11724996566772461,-0.03388234227895737,-0.0004758845898322761
redkitchen,test,seq-03,redkitchen/seq-03/frame-000286.color.png,-1.5254205,-0.70152968,1.5701497,0.989084432,0.145129533,-0.0093229,-0.023716836,-1.7962279319763184,-0.8269438147544861,1.7329354286193848,0.9929684996604919,0.114008828997612,-0.031866405159235,-0.00017575330275576562
redkitchen,test,seq-03,redkitchen/seq-03/frame-000287.color.png,-1.5196754,-0.69933087,1.5765343,0.989220772,0.144679837,-0.006428891,-0.021648956,-1.7796372175216675,-0.820807695388794,1.7034318447113037,0.993870198726654,0.10844682902097702,-0.020931240171194077,0.004813939332962036
redkitchen,test,seq-03,redkitchen/seq-03/frame-000288.color.png,-1.5191556,-0.69909018,1.576721,0.989197,0.144842406,-0.006417433,-0.021651546,-1.7796372175216675,-0.820807695388794,1.7034318447113037,0.993870198726654,0.10844682902097702,-0.020931240171194077,0.004813939332962036
redkitchen,test,seq-03,redkitchen/seq-03/frame-000289.color.png,-1.5154629,-0.6984418,1.5833749,0.9894195,0.143577258,-0.004535196,-0.020348353,-1.7522841691970825,-0.8138671517372131,1.6871497631072998,0.9940400123596191,0.10623648017644882,-0.024175764992833138,0.003708816133439541
redkitchen,test,seq-03,redkitchen/seq-03/frame-000290.color.png,-1.5124571,-0.69990128,1.5894665,0.989592084,0.142590609,-0.0015216,-0.019316071,-1.7219871282577515,-0.8409128189086914,1.653967022895813,0.9948790669441223,0.09919440001249313,-0.01937992498278618,-0.0007244025473482907
redkitchen,test,seq-03,redkitchen/seq-03/frame-000291.color.png,-1.5124439,-0.7004295,1.5893431,0.989621338,0.142449073,-0.001754336,-0.018835894,-1.7219871282577515,-0.8409128189086914,1.653967022895813,0.9948790669441223,0.09919440001249313,-0.01937992498278618,-0.0007244025473482907
redkitchen,test,seq-03,redkitchen/seq-03/frame-000292.color.png,-1.5090413,-0.70042664,1.5957658,0.989668714,0.142276306,0.001882198,-0.017599597,-1.7485545873641968,-0.8381182551383972,1.6825064420700073,0.9944154620170593,0.10414106398820877,-0.01693599857389927,0.002373245544731617
redkitchen,test,seq-03,redkitchen/seq-03/frame-000293.color.png,-1.5064659,-0.70356703,1.6007972,0.989683095,0.142395665,0.004251593,-0.015256829,-1.6893030405044556,-0.823771595954895,1.6676127910614014,0.9941085577011108,0.10635655373334885,-0.0208730548620224,0.0008400647784583271
redkitchen,test,seq-03,redkitchen/seq-03/frame-000294.color.png,-1.5071433,-0.70396954,1.6007062,0.989698857,0.142319725,0.004048154,-0.014996047,-1.6893030405044556,-0.823771595954895,1.6676127910614014,0.9941085577011108,0.10635655373334885,-0.0208730548620224,0.0008400647784583271
redkitchen,test,seq-03,redkitchen/seq-03/frame-000295.color.png,-1.5003518,-0.70500922,1.6069233,0.989683693,0.142271194,0.007866462,-0.014940345,-1.6969207525253296,-0.8286862969398499,1.6826788187026978,0.9944880604743958,0.10386926680803299,-0.014157385565340519,0.002054195385426283
redkitchen,test,seq-03,redkitchen/seq-03/frame-000296.color.png,-1.5004181,-0.70630789,1.6064929,0.989758156,0.14186176,0.007531976,-0.014046459,-1.6804027557373047,-0.7898380756378174,1.6639015674591064,0.9940106868743896,0.10785520821809769,-0.017173049971461296,0.0038851071149110794
redkitchen,test,seq-03,redkitchen/seq-03/frame-000297.color.png,-1.4958352,-0.70627797,1.6135707,0.98969486,0.142076072,0.011407682,-0.013723627,-1.6804027557373047,-0.7898380756378174,1.6639015674591064,0.9940106868743896,0.10785520821809769,-0.017173049971461296,0.0038851071149110794
redkitchen,test,seq-03,redkitchen/seq-03/frame-000298.color.png,-1.4903657,-0.70844501,1.6196165,0.989804576,0.141362585,0.01346519,-0.011054807,-1.7329130172729492,-0.7927759289741516,1.6757527589797974,0.9941004514694214,0.10763034969568253,-0.013209657743573189,0.0023560491390526295
redkitchen,test,seq-03,redkitchen/seq-03/frame-000299.color.png,-1.4895222,-0.70715255,1.6201957,0.989748459,0.141751367,0.013564274,-0.010979466,-1.7329130172729492,-0.7927759289741516,1.6757527589797974,0.9941004514694214,0.10763034969568253,-0.013209657743573189,0.0023560491390526295
redkitchen,test,seq-03,redkitchen/seq-03/frame-000300.color.png,-1.4832127,-0.70867383,1.6265426,0.98985804,0.141267649,0.013017942,-0.007419227,-1.7433929443359375,-0.8200192451477051,1.6880478858947754,0.9948663711547852,0.10049138963222504,-0.010785272344946861,0.005102472845464945
redkitchen,test,seq-03,redkitchen/seq-03/frame-000301.color.png,-1.4772758,-0.71388227,1.6316742,0.9898757,0.141039066,0.014391864,-0.00685241,-1.7376469373703003,-0.8420683145523071,1.6955108642578125,0.9951320290565491,0.09786205738782883,-0.005119440611451864,0.010446421802043915
redkitchen,test,seq-03,redkitchen/seq-03/frame-000302.color.png,-1.4763209,-0.71231222,1.6321882,0.989805557,0.141484824,0.014574326,-0.007388767,-1.7376469373703003,-0.8420683145523071,1.6955108642578125,0.9951320290565491,0.09786205738782883,-0.005119440611451864,0.010446421802043915
redkitchen,test,seq-03,redkitchen/seq-03/frame-000303.color.png,-1.4737633,-0.71525669,1.6376741,0.989784333,0.141224054,0.018505512,-0.006347167,-1.7238850593566895,-0.8231827616691589,1.7150355577468872,0.995212972164154,0.09717323631048203,-0.004417935386300087,0.009427529759705067
redkitchen,test,seq-03,redkitchen/seq-03/frame-000304.color.png,-1.4683025,-0.71759909,1.643154,0.989762112,0.141121756,0.020783204,-0.004865164,-1.7025201320648193,-0.8375604152679443,1.7153855562210083,0.9953380823135376,0.09571371227502823,-0.002081741578876972,0.011693828739225864
redkitchen,test,seq-03,redkitchen/seq-03/frame-000305.color.png,-1.4696559,-0.71861994,1.6430442,0.989766431,0.1411296,0.020644225,-0.00432015,-1.7025201320648193,-0.8375604152679443,1.7153855562210083,0.9953380823135376,0.09571371227502823,-0.002081741578876972,0.011693828739225864
redkitchen,test,seq-03,redkitchen/seq-03/frame-000306.color.png,-1.4615192,-0.72168744,1.6480483,0.98989272,0.140407537,0.019915008,-0.001232183,-1.709484338760376,-0.8361639380455017,1.7337819337844849,0.9951188564300537,0.0978781133890152,-0.003936237655580044,0.01194858830422163
redkitchen,test,seq-03,redkitchen/seq-03/frame-000307.color.png,-1.4573188,-0.72720706,1.6520985,0.989886068,0.140286917,0.02105232,-0.001397489,-1.68175208568573,-0.8946815729141235,1.7278512716293335,0.994678258895874,0.10100721567869186,0.009537527337670326,0.017935676500201225
redkitchen,test,seq-03,redkitchen/seq-03/frame-000308.color.png,-1.4562556,-0.72552627,1.6526754,0.989826767,0.140754722,0.020747328,-0.000792039,-1.68175208568573,-0.8946815729141235,1.7278512716293335,0.994678258895874,0.10100721567869186,0.009537527337670326,0.017935676500201225
redkitchen,test,seq-03,redkitchen/seq-03/frame-000309.color.png,-1.4517183,-0.72655588,1.6586523,0.989900949,0.139661378,0.024274548,-0.001248039,-1.7373098134994507,-0.9113864898681641,1.8157587051391602,0.99576735496521,0.09049836546182632,0.005673705600202084,0.01500384509563446
redkitchen,test,seq-03,redkitchen/seq-03/frame-000310.color.png,-1.4493979,-0.72827786,1.664184,0.990092034,0.137814884,0.026875329,-0.00159364,-1.716772437095642,-0.9083895683288574,1.8177381753921509,0.9959527850151062,0.08794523030519485,0.010854496620595455,0.015029163099825382
redkitchen,test,seq-03,redkitchen/seq-03/frame-000311.color.png,-1.4499002,-0.7289058,1.6642574,0.990082314,0.1378764,0.026940963,-0.00113754,-1.716772437095642,-0.9083895683288574,1.8177381753921509,0.9959527850151062,0.08794523030519485,0.010854496620595455,0.015029163099825382
redkitchen,test,seq-03,redkitchen/seq-03/frame-000312.color.png,-1.4437045,-0.7296229,1.6696929,0.990156357,0.137466196,0.026330424,0.000378242,-1.7206976413726807,-0.9091954827308655,1.8148120641708374,0.9958904385566711,0.08893898129463196,0.0066635459661483765,0.015738805755972862
redkitchen,test,seq-03,redkitchen/seq-03/frame-000313.color.png,-1.4438279,-0.72994941,1.6696172,0.990153972,0.137398628,0.026768618,-0.000412804,-1.7206976413726807,-0.9091954827308655,1.8148120641708374,0.9958904385566711,0.08893898129463196,0.0066635459661483765,0.015738805755972862
redkitchen,test,seq-03,redkitchen/seq-03/frame-000314.color.png,-1.439043,-0.73061758,1.6745539,0.990342005,0.135784695,0.028021961,8.73e-06,-1.7246860265731812,-0.9239860773086548,1.8442384004592896,0.9964864253997803,0.08168231695890427,0.012097755447030067,0.014014062471687794
redkitchen,test,seq-03,redkitchen/seq-03/frame-000315.color.png,-1.4347618,-0.73219317,1.6793901,0.990455493,0.134072548,0.031957576,-0.001087067,-1.6553364992141724,-0.9123448133468628,1.8338854312896729,0.9968587756156921,0.07654985040426254,0.01721619814634323,0.01077962014824152
redkitchen,test,seq-03,redkitchen/seq-03/frame-000316.color.png,-1.4353442,-0.73253119,1.6794653,0.990450673,0.134108225,0.031966013,-0.000788349,-1.6553364992141724,-0.9123448133468628,1.8338854312896729,0.9968587756156921,0.07654985040426254,0.01721619814634323,0.01077962014824152
redkitchen,test,seq-03,redkitchen/seq-03/frame-000317.color.png,-1.4339062,-0.7331847,1.6841736,0.990402559,0.133545371,0.035590814,-0.001303271,-1.6439183950424194,-0.9019312262535095,1.7742412090301514,0.9966011643409729,0.07913636416196823,0.020007913932204247,0.011105429381132126
redkitchen,test,seq-03,redkitchen/seq-03/frame-000318.color.png,-1.4279896,-0.7351349,1.6875882,0.990472209,0.133205975,0.034898243,0.001756115,-1.6729456186294556,-0.9120905995368958,1.7855829000473022,0.9959304928779602,0.08410535007715225,0.028564034029841423,0.015264339745044708
redkitchen,test,seq-03,redkitchen/seq-03/frame-000319.color.png,-1.4276072,-0.73491722,1.6877919,0.990442688,0.133375424,0.035107426,0.001321941,-1.6729456186294556,-0.9120905995368958,1.7855829000473022,0.9959304928779602,0.08410535007715225,0.028564034029841423,0.015264339745044708
redkitchen,test,seq-03,redkitchen/seq-03/frame-000320.color.png,-1.4255226,-0.73911828,1.6904477,0.990573168,0.132264152,0.035570545,0.002393745,-1.6587880849838257,-0.9282969236373901,1.8256056308746338,0.9958223700523376,0.08525878190994263,0.0289823729544878,0.0151258185505867
redkitchen,test,seq-03,redkitchen/seq-03/frame-000321.color.png,-1.4241018,-0.74265081,1.6943036,0.990638502,0.130989516,0.038389226,0.001836286,-1.6550273895263672,-0.9570221900939941,1.8207067251205444,0.9962016940116882,0.07921969145536423,0.03306270018219948,0.014600913040339947
redkitchen,test,seq-03,redkitchen/seq-03/frame-000322.color.png,-1.4231055,-0.74273002,1.6942548,0.990642974,0.130973223,0.038333238,0.001753815,-1.6550273895263672,-0.9570221900939941,1.8207067251205444,0.9962016940116882,0.07921969145536423,0.03306270018219948,0.014600913040339947
redkitchen,test,seq-03,redkitchen/seq-03/frame-000323.color.png,-1.419855,-0.74592525,1.6981434,0.990548103,0.130316941,0.042799757,-0.000363176,-1.6419517993927002,-0.9533277153968811,1.816110610961914,0.9967490434646606,0.07234901934862137,0.031889673322439194,0.01549205556511879
redkitchen,test,seq-03,redkitchen/seq-03/frame-000324.color.png,-1.4173677,-0.75146675,1.7008265,0.990432237,0.13016516,0.04582685,-0.000956107,-1.6391444206237793,-0.9177336692810059,1.779800295829773,0.9966525435447693,0.07520462572574615,0.028319813311100006,0.015036122873425484
redkitchen,test,seq-03,redkitchen/seq-03/frame-000325.color.png,-1.4117786,-0.75606591,1.703632,0.99040143,0.129676509,0.047810119,-0.00178956,-1.6358124017715454,-0.9517720937728882,1.8273968696594238,0.9965696334838867,0.07536759972572327,0.030538011342287064,0.015363066457211971
redkitchen,test,seq-03,redkitchen/seq-03/frame-000326.color.png,-1.4113945,-0.7557385,1.7038779,0.990375922,0.12989268,0.04776116,-0.001515596,-1.6358124017715454,-0.9517720937728882,1.8273968696594238,0.9965696334838867,0.07536759972572327,0.030538011342287064,0.015363066457211971
redkitchen,test,seq-03,redkitchen/seq-03/frame-000327.color.png,-1.4084094,-0.75726581,1.708128,0.990304211,0.129746833,0.049615975,-0.001258484,-1.6484203338623047,-0.9477538466453552,1.8116897344589233,0.996475338935852,0.07457323372364044,0.03407583385705948,0.0177393089979887
redkitchen,test,seq-03,redkitchen/seq-03/frame-000328.color.png,-1.4063126,-0.76269019,1.7117453,0.990241441,0.129182603,0.052285181,-6.41e-05,-1.664106011390686,-0.9434376358985901,1.8042510747909546,0.9960042834281921,0.08342590183019638,0.027261367067694664,0.016508877277374268
redkitchen,test,seq-03,redkitchen/seq-03/frame-000329.color.png,-1.4054562,-0.76209021,1.7118262,0.990228366,0.129297751,0.05224687,-0.000374369,-1.664106011390686,-0.9434376358985901,1.8042510747909546,0.9960042834281921,0.08342590183019638,0.027261367067694664,0.016508877277374268
redkitchen,test,seq-03,redkitchen/seq-03/frame-000330.color.png,-1.4040406,-0.76794004,1.7150996,0.990153855,0.128672103,0.055121986,-0.000632907,-1.6895917654037476,-0.9500944018363953,1.8088481426239014,0.9958267211914062,0.08488567173480988,0.02794419601559639,0.018510159105062485
redkitchen,test,seq-03,redkitchen/seq-03/frame-000331.color.png,-1.4027431,-0.77265471,1.719313,0.990103335,0.127612638,0.058391694,-0.000899885,-1.6630507707595825,-0.9472020268440247,1.7809226512908936,0.9955175518989563,0.08551593124866486,0.03536850959062576,0.019516700878739357
redkitchen,test,seq-03,redkitchen/seq-03/frame-000332.color.png,-1.4026303,-0.77241528,1.7196707,0.990065856,0.127893774,0.058418283,-0.000295796,-1.6630507707595825,-0.9472020268440247,1.7809226512908936,0.9955175518989563,0.08551593124866486,0.03536850959062576,0.019516700878739357
redkitchen,test,seq-03,redkitchen/seq-03/frame-000333.color.png,-1.4002622,-0.77442378,1.725455,0.98984295,0.127482832,0.062915438,-0.000842605,-1.6670547723770142,-0.9409428238868713,1.7794013023376465,0.9950701594352722,0.08487337082624435,0.04684442654252052,0.02091343142092228
redkitchen,test,seq-03,redkitchen/seq-03/frame-000334.color.png,-1.3942115,-0.77789044,1.7308252,0.98960059,0.126922896,0.067644478,-0.00233992,-1.6439557075500488,-0.9405469298362732,1.814224362373352,0.9946649074554443,0.08620137721300125,0.05125538259744644,0.024162476882338524
redkitchen,test,seq-03,redkitchen/seq-03/frame-000335.color.png,-1.3943884,-0.77752954,1.7311529,0.989519841,0.127464962,0.067795917,-0.002623358,-1.6439557075500488,-0.9405469298362732,1.814224362373352,0.9946649074554443,0.08620137721300125,0.05125538259744644,0.024162476882338524
redkitchen,test,seq-03,redkitchen/seq-03/frame-000336.color.png,-1.3906617,-0.78050292,1.7371545,0.989306906,0.127485674,0.070846448,0.00017009,-1.6577383279800415,-0.9413716197013855,1.8560224771499634,0.9945016503334045,0.08835025131702423,0.04960891604423523,0.026451831683516502
redkitchen,test,seq-03,redkitchen/seq-03/frame-000337.color.png,-1.3880039,-0.7842322,1.7433839,0.989001629,0.127779093,0.074484098,0.000633633,-1.6409446001052856,-0.9379808902740479,1.8325356245040894,0.9940367937088013,0.09125583618879318,0.052682626992464066,0.028068114072084427
redkitchen,test,seq-03,redkitchen/seq-03/frame-000338.color.png,-1.3867346,-0.78368491,1.7434733,0.988977778,0.127969529,0.07447606,0.000265248,-1.6409446001052856,-0.9379808902740479,1.8325356245040894,0.9940367937088013,0.09125583618879318,0.052682626992464066,0.028068114072084427
redkitchen,test,seq-03,redkitchen/seq-03/frame-000339.color.png,-1.3845657,-0.78907949,1.7495458,0.988481085,0.127612401,0.081358529,-0.001004828,-1.6335982084274292,-0.9882472157478333,1.8799712657928467,0.9934332966804504,0.09374133497476578,0.060259558260440826,0.025914641097187996
redkitchen,test,seq-03,redkitchen/seq-03/frame-000340.color.png,-1.3839716,-0.78929627,1.7494391,0.988475332,0.12764209,0.081379808,-0.001158174,-1.6335982084274292,-0.9882472157478333,1.8799712657928467,0.9934332966804504,0.09374133497476578,0.060259558260440826,0.025914641097187996
redkitchen,test,seq-03,redkitchen/seq-03/frame-000341.color.png,-1.382424,-0.79098207,1.757046,0.98807841,0.127033109,0.086945775,0.002019112,-1.66847825050354,-0.9536814093589783,1.9353721141815186,0.9923222661018372,0.09719991683959961,0.07023138552904129,0.030269624665379524
redkitchen,test,seq-03,redkitchen/seq-03/frame-000342.color.png,-1.3821181,-0.79529256,1.7641816,0.98786444,0.126483849,0.090005636,0.00496681,-1.6890387535095215,-0.9458296895027161,1.9346390962600708,0.9919178485870361,0.10024674981832504,0.07135187089443207,0.030961379408836365
redkitchen,test,seq-03,redkitchen/seq-03/frame-000343.color.png,-1.3819422,-0.79518569,1.7644603,0.987815583,0.126782536,0.090129112,0.004827599,-1.6890387535095215,-0.9458296895027161,1.9346390962600708,0.9919178485870361,0.10024674981832504,0.07135187089443207,0.030961379408836365
redkitchen,test,seq-03,redkitchen/seq-03/frame-000344.color.png,-1.3771502,-0.80148375,1.7704828,0.987560627,0.126449943,0.093340976,0.004677904,-1.7196940183639526,-0.9865232706069946,1.932885766029358,0.9911788105964661,0.09407705068588257,0.08644559234380722,0.03523164987564087
redkitchen,test,seq-03,redkitchen/seq-03/frame-000345.color.png,-1.3774883,-0.80767179,1.7766123,0.987106371,0.125830852,0.09871569,0.00654381,-1.6871588230133057,-0.9855706691741943,1.903507113456726,0.9904813170433044,0.09269105643033981,0.09448662400245667,0.0377824567258358
redkitchen,test,seq-03,redkitchen/seq-03/frame-000346.color.png,-1.3771129,-0.80725247,1.7767776,0.987087837,0.125952851,0.098770807,0.006148971,-1.6871588230133057,-0.9855706691741943,1.903507113456726,0.9904813170433044,0.09269105643033981,0.09448662400245667,0.0377824567258358
redkitchen,test,seq-03,redkitchen/seq-03/frame-000347.color.png,-1.3766595,-0.81246048,1.7835126,0.986582091,0.125164954,0.104507675,0.008225494,-1.6876027584075928,-0.9628415703773499,1.9650804996490479,0.9903475046157837,0.0938027873635292,0.09391578286886215,0.0399092361330986
redkitchen,test,seq-03,redkitchen/seq-03/frame-000348.color.png,-1.3754098,-0.81737602,1.7900647,0.986095719,0.125377699,0.108760297,0.008176994,-1.7097575664520264,-0.9795604944229126,2.025580406188965,0.9902647137641907,0.09521175920963287,0.094139963388443,0.03805454075336456
redkitchen,test,seq-03,redkitchen/seq-03/frame-000349.color.png,-1.3760353,-0.81822622,1.7897598,0.986152403,0.12493432,0.108742354,0.00836385,-1.7097575664520264,-0.9795604944229126,2.025580406188965,0.9902647137641907,0.09521175920963287,0.094139963388443,0.03805454075336456
redkitchen,test,seq-03,redkitchen/seq-03/frame-000350.color.png,-1.376532,-0.82604295,1.7942383,0.98572068,0.124532875,0.113155315,0.006494546,-1.6747275590896606,-0.9730849862098694,1.984279751777649,0.9904193878173828,0.09036406874656677,0.09692374616861343,0.03885268419981003
redkitchen,test,seq-03,redkitchen/seq-03/frame-000351.color.png,-1.3733932,-0.82823765,1.8008509,0.984984703,0.126269429,0.117230987,0.010865613,-1.615405797958374,-0.9537299275398254,1.8999691009521484,0.9901781678199768,0.09083255380392075,0.09969498962163925,0.03684542328119278
redkitchen,test,seq-03,redkitchen/seq-03/frame-000352.color.png,-1.3732964,-0.82738024,1.8011168,0.984972242,0.126269835,0.117376217,0.010413197,-1.615405797958374,-0.9537299275398254,1.8999691009521484,0.9901781678199768,0.09083255380392075,0.09969498962163925,0.03684542328119278
redkitchen,test,seq-03,redkitchen/seq-03/frame-000353.color.png,-1.3752254,-0.83198351,1.8058212,0.984230503,0.127913934,0.121608787,0.011817183,-1.6400492191314697,-0.9282622933387756,1.9110313653945923,0.9890852570533752,0.10874693840742111,0.09298168867826462,0.03519690781831741
redkitchen,test,seq-03,redkitchen/seq-03/frame-000354.color.png,-1.3758888,-0.83777678,1.8098606,0.983604966,0.128637654,0.125496356,0.014976323,-1.6471184492111206,-0.9426420331001282,1.8915989398956299,0.9885042905807495,0.10937207192182541,0.09825052320957184,0.035269610583782196
redkitchen,test,seq-03,redkitchen/seq-03/frame-000355.color.png,-1.3762684,-0.83763486,1.809785,0.983626194,0.12847907,0.125497318,0.014935234,-1.6471184492111206,-0.9426420331001282,1.8915989398956299,0.9885042905807495,0.10937207192182541,0.09825052320957184,0.035269610583782196
redkitchen,test,seq-03,redkitchen/seq-03/frame-000356.color.png,-1.3770549,-0.84154731,1.815346,0.983205,0.12793145,0.129081308,0.016717864,-1.6608513593673706,-0.9419783353805542,1.8945542573928833,0.9873307347297668,0.11103872209787369,0.10680248588323593,0.037969063967466354
redkitchen,test,seq-03,redkitchen/seq-03/frame-000357.color.png,-1.3761969,-0.84226131,1.8225253,0.982758899,0.127321779,0.133030234,0.016645375,-1.634719967842102,-0.9532669186592102,1.9127368927001953,0.9874774217605591,0.11083795130252838,0.1046905592083931,0.04053620621562004
redkitchen,test,seq-03,redkitchen/seq-03/frame-000358.color.png,-1.377085,-0.84304905,1.8222846,0.982772894,0.127304869,0.132846025,0.017402369,-1.634719967842102,-0.9532669186592102,1.9127368927001953,0.9874774217605591,0.11083795130252838,0.1046905592083931,0.04053620621562004
redkitchen,test,seq-03,redkitchen/seq-03/frame-000359.color.png,-1.3776082,-0.84541953,1.828438,0.982401003,0.125336921,0.13743582,0.017038794,-1.6577943563461304,-0.9395641684532166,1.9366618394851685,0.9876546859741211,0.1091286912560463,0.10436456650495529,0.041679490357637405
redkitchen,test,seq-03,redkitchen/seq-03/frame-000360.color.png,-1.3761489,-0.84897923,1.8343314,0.98212311,0.123487662,0.140951975,0.017819536,-1.6377902030944824,-0.9333156943321228,1.9592739343643188,0.9883840680122375,0.10638488084077835,0.10070368647575378,0.04047076031565666
redkitchen,test,seq-03,redkitchen/seq-03/frame-000361.color.png,-1.3769329,-0.84895593,1.8344343,0.982134806,0.123424456,0.140934679,0.017749452,-1.6377902030944824,-0.9333156943321228,1.9592739343643188,0.9883840680122375,0.10638488084077835,0.10070368647575378,0.04047076031565666
redkitchen,test,seq-03,redkitchen/seq-03/frame-000362.color.png,-1.3772856,-0.85060805,1.8404356,0.981686182,0.123314296,0.144049607,0.018317603,-1.631492257118225,-0.9251931309700012,1.9258261919021606,0.9888743162155151,0.10688020288944244,0.09554380178451538,0.03969307243824005
redkitchen,test,seq-03,redkitchen/seq-03/frame-000363.color.png,-1.3774533,-0.85311276,1.8456357,0.981316972,0.122423702,0.14716706,0.019268998,-1.603885293006897,-0.9236428141593933,1.9353033304214478,0.9896559119224548,0.10503319650888443,0.08969482034444809,0.03878376632928848
redkitchen,test,seq-03,redkitchen/seq-03/frame-000364.color.png,-1.3790851,-0.85617101,1.8506655,0.980939664,0.121164561,0.150635648,0.019632305,-1.6255501508712769,-0.9364943504333496,1.9527223110198975,0.9888081550598145,0.10880284011363983,0.09452715516090393,0.03853548690676689
redkitchen,test,seq-03,redkitchen/seq-03/frame-000365.color.png,-1.3785808,-0.85637158,1.8506353,0.98093108,0.121256948,0.150640962,0.019449135,-1.6255501508712769,-0.9364943504333496,1.9527223110198975,0.9888081550598145,0.10880284011363983,0.09452715516090393,0.03853548690676689
redkitchen,test,seq-03,redkitchen/seq-03/frame-000366.color.png,-1.3776208,-0.85838437,1.8557128,0.980527386,0.120482106,0.153664576,0.020911834,-1.6218355894088745,-0.9186222553253174,1.9458309412002563,0.9882861971855164,0.10656660795211792,0.10132846236228943,0.040822312235832214
redkitchen,test,seq-03,redkitchen/seq-03/frame-000367.color.png,-1.3789665,-0.86271518,1.859651,0.979906856,0.11999855,0.158184929,0.018984981,-1.6039416790008545,-0.9569905996322632,1.9874310493469238,0.9880036115646362,0.1062607541680336,0.10417608916759491,0.04128938540816307
redkitchen,test,seq-03,redkitchen/seq-03/frame-000368.color.png,-1.3778524,-0.86003029,1.8657658,0.97935449,0.120496306,0.160600718,0.023512392,-1.5539910793304443,-0.9614741802215576,1.9835702180862427,0.9879621863365173,0.11119837313890457,0.10107342153787613,0.036738160997629166
redkitchen,test,seq-03,redkitchen/seq-03/frame-000369.color.png,-1.3787059,-0.85846883,1.8665364,0.979279753,0.120955681,0.160831031,0.022677498,-1.5539910793304443,-0.9614741802215576,1.9835702180862427,0.9879621863365173,0.11119837313890457,0.10107342153787613,0.036738160997629166
redkitchen,test,seq-03,redkitchen/seq-03/frame-000370.color.png,-1.3768839,-0.86106336,1.8709555,0.978992045,0.119614947,0.163357587,0.024106812,-1.5858091115951538,-0.9611959457397461,1.9661754369735718,0.9868223071098328,0.10985592007637024,0.11036085337400436,0.04397657513618469
redkitchen,test,seq-03,redkitchen/seq-03/frame-000371.color.png,-1.3778694,-0.864461,1.8749889,0.978517772,0.118469938,0.166761944,0.025657296,-1.5883862972259521,-0.9623275995254517,1.9823442697525024,0.9859404563903809,0.11274514347314835,0.1141638532280922,0.04665298014879227
redkitchen,test,seq-03,redkitchen/seq-03/frame-000372.color.png,-1.3791652,-0.86532223,1.880125,0.977898845,0.118036486,0.170294222,0.02794844,-1.5671911239624023,-0.9581575989723206,1.9936003684997559,0.9844235777854919,0.11106867343187332,0.12656213343143463,0.05055752024054527
redkitchen,test,seq-03,redkitchen/seq-03/frame-000373.color.png,-1.3778577,-0.86370504,1.8805529,0.977871633,0.118552794,0.170219051,0.027162089,-1.5671911239624023,-0.9581575989723206,1.9936003684997559,0.9844235777854919,0.11106867343187332,0.12656213343143463,0.05055752024054527
redkitchen,test,seq-03,redkitchen/seq-03/frame-000374.color.png,-1.3795826,-0.86650985,1.885453,0.977395579,0.117098944,0.174006231,0.026599819,-1.5867016315460205,-0.9893054962158203,2.0227978229522705,0.9835906028747559,0.11621876060962677,0.12864264845848083,0.04993866756558418
redkitchen,test,seq-03,redkitchen/seq-03/frame-000375.color.png,-1.3770362,-0.86822402,1.8906111,0.976994107,0.115915844,0.176742042,0.028430316,-1.5779612064361572,-0.969563901424408,2.020519256591797,0.9844605326652527,0.11733609437942505,0.12174826860427856,0.04740483686327934
redkitchen,test,seq-03,redkitchen/seq-03/frame-000376.color.png,-1.3778352,-0.86826277,1.8905883,0.97698287,0.116111539,0.176712253,0.028202153,-1.5779612064361572,-0.969563901424408,2.020519256591797,0.9844605326652527,0.11733609437942505,0.12174826860427856,0.04740483686327934
redkitchen,test,seq-03,redkitchen/seq-03/frame-000377.color.png,-1.3747327,-0.86296123,1.8978095,0.976488241,0.116360574,0.178734829,0.031381414,-1.5361984968185425,-0.9834964275360107,2.0051016807556152,0.9855842590332031,0.11696350574493408,0.11407506465911865,0.043933119624853134
redkitchen,test,seq-03,redkitchen/seq-03/frame-000378.color.png,-1.3744496,-0.86575198,1.9023134,0.976042407,0.114864653,0.182009952,0.03193289,-1.5352604389190674,-0.9611824750900269,1.973203182220459,0.9853291511535645,0.1194346472620964,0.11343851685523987,0.044649429619312286
redkitchen,test,seq-03,redkitchen/seq-03/frame-000379.color.png,-1.3728766,-0.86528116,1.9058418,0.975694099,0.11486986,0.183098512,0.036067655,-1.4988185167312622,-0.9701151847839355,1.9835847616195679,0.9854298830032349,0.1140531599521637,0.11693708598613739,0.04738669842481613
redkitchen,test,seq-03,redkitchen/seq-03/frame-000380.color.png,-1.3730563,-0.86544704,1.9060835,0.975637024,0.11490599,0.183370763,0.036113346,-1.4988185167312622,-0.9701151847839355,1.9835847616195679,0.9854298830032349,0.1140531599521637,0.11693708598613739,0.04738669842481613
redkitchen,test,seq-03,redkitchen/seq-03/frame-000381.color.png,-1.372216,-0.86668462,1.9099422,0.975202023,0.115471153,0.185070666,0.037366763,-1.5108625888824463,-0.9771648049354553,2.011758804321289,0.9843113422393799,0.11533868312835693,0.12473704665899277,0.04763202741742134
redkitchen,test,seq-03,redkitchen/seq-03/frame-000382.color.png,-1.3744245,-0.87389117,1.9114317,0.974828791,0.114733094,0.187775822,0.035852278,-1.4980297088623047,-0.9829380512237549,1.9961254596710205,0.9837585091590881,0.11919773370027542,0.12421917170286179,0.050800640136003494
redkitchen,test,seq-03,redkitchen/seq-03/frame-000383.color.png,-1.3735023,-0.87444788,1.9111753,0.97484189,0.114688021,0.187715157,0.03595786,-1.497512936592102,-0.9697666764259338,2.0032217502593994,0.9829697608947754,0.11449573934078217,0.13305652141571045,0.05438055470585823
redkitchen,test,seq-03,redkitchen/seq-03/frame-000384.color.png,-1.368731,-0.86828721,1.9168596,0.974371755,0.116184487,0.187399364,0.044523315,-1.497512936592102,-0.9697666764259338,2.0032217502593994,0.9829697608947754,0.11449573934078217,0.13305652141571045,0.05438055470585823
redkitchen,test,seq-03,redkitchen/seq-03/frame-000385.color.png,-1.3653749,-0.86965692,1.9199467,0.973892876,0.116239648,0.188944623,0.048176135,-1.4552589654922485,-0.9732028245925903,1.9729928970336914,0.982055127620697,0.11740807443857193,0.13515949249267578,0.05928727611899376
redkitchen,test,seq-03,redkitchen/seq-03/frame-000386.color.png,-1.3642024,-0.8722142,1.9224482,0.97340068,0.11591308,0.19152211,0.048729415,-1.3934168815612793,-0.9674144387245178,2.002823829650879,0.9836945533752441,0.1112375259399414,0.13023145496845245,0.054872628301382065
redkitchen,test,seq-03,redkitchen/seq-03/frame-000387.color.png,-1.365177,-0.87238252,1.9224235,0.973400056,0.115935736,0.19152218,0.048687684,-1.3934168815612793,-0.9674144387245178,2.002823829650879,0.9836945533752441,0.1112375259399414,0.13023145496845245,0.054872628301382065
redkitchen,test,seq-03,redkitchen/seq-03/frame-000388.color.png,-1.3615973,-0.87060595,1.9264345,0.973071536,0.116502894,0.191588721,0.053409951,-1.397192120552063,-0.9655032753944397,2.0066945552825928,0.983600914478302,0.11898843199014664,0.12473158538341522,0.053037580102682114
redkitchen,test,seq-03,redkitchen/seq-03/frame-000389.color.png,-1.3613743,-0.87050503,1.9302435,0.972759715,0.115956977,0.193586343,0.053073946,-1.4396034479141235,-0.9594787359237671,1.9920881986618042,0.9815731048583984,0.11637906730175018,0.1393728405237198,0.059543710201978683
redkitchen,test,seq-03,redkitchen/seq-03/frame-000390.color.png,-1.3599583,-0.87107253,1.9335831,0.972420735,0.114342426,0.196109209,0.05352478,-1.4966155290603638,-0.9847733974456787,2.0415027141571045,0.9815239906311035,0.1157393753528595,0.13963590562343597,0.06096712127327919
redkitchen,test,seq-03,redkitchen/seq-03/frame-000391.color.png,-1.3575438,-0.86896312,1.9371629,0.972193935,0.113875483,0.19668047,0.056463439,-1.433858036994934,-0.9881220459938049,2.0596728324890137,0.9822566509246826,0.11112269014120102,0.1382710188627243,0.06086656451225281
redkitchen,test,seq-03,redkitchen/seq-03/frame-000392.color.png,-1.3573924,-0.8684898,1.9374667,0.972146938,0.114157918,0.196786548,0.056332545,-1.433858036994934,-0.9881220459938049,2.0596728324890137,0.9822566509246826,0.11112269014120102,0.1382710188627243,0.06086656451225281
redkitchen,test,seq-03,redkitchen/seq-03/frame-000393.color.png,-1.3563112,-0.8699348,1.9398599,0.972245611,0.112828144,0.196990818,0.056594169,-1.4784139394760132,-0.9954952597618103,2.0770576000213623,0.9819639325141907,0.10817865282297134,0.14222244918346405,0.06178199127316475
redkitchen,test,seq-03,redkitchen/seq-03/frame-000394.color.png,-1.351546,-0.87263364,1.9421562,0.97226087,0.11012029,0.199004503,0.054585068,-1.4910186529159546,-0.9829604029655457,2.0351498126983643,0.9807003140449524,0.10290459543466568,0.152748242020607,0.06561657041311264
redkitchen,test,seq-03,redkitchen/seq-03/frame-000395.color.png,-1.3475555,-0.87216383,1.9458224,0.971768004,0.107640385,0.203060258,0.053357535,-1.5155678987503052,-0.9670993089675903,2.0229172706604004,0.9802749156951904,0.08977565169334412,0.16089017689228058,0.07152386754751205
redkitchen,test,seq-03,redkitchen/seq-03/frame-000396.color.png,-1.3479538,-0.87366843,1.9486144,0.971365451,0.105346674,0.20690326,0.050421034,-1.4619563817977905,-0.9801137447357178,2.0556085109710693,0.9810082912445068,0.08817233145236969,0.15715743601322174,0.07176307588815689
redkitchen,test,seq-03,redkitchen/seq-03/frame-000397.color.png,-1.3475643,-0.87448144,1.9479839,0.97145742,0.105126683,0.20652696,0.050650522,-1.4619563817977905,-0.9801137447357178,2.0556085109710693,0.9810082912445068,0.08817233145236969,0.15715743601322174,0.07176307588815689
redkitchen,test,seq-03,redkitchen/seq-03/frame-000398.color.png,-1.3442458,-0.87324435,1.9518846,0.971242105,0.105012816,0.207274085,0.051947429,-1.452161192893982,-0.9532144665718079,2.0169849395751953,0.9814371466636658,0.08788655698299408,0.15621981024742126,0.06820877641439438
redkitchen,test,seq-03,redkitchen/seq-03/frame-000399.color.png,-1.3408035,-0.87536544,1.954442,0.971308777,0.103791754,0.207379573,0.052728017,-1.4514251947402954,-0.9545385837554932,2.06296706199646,0.9828124046325684,0.08917394280433655,0.14680814743041992,0.06763982027769089
redkitchen,test,seq-03,redkitchen/seq-03/frame-000400.color.png,-1.3341194,-0.87676162,1.957152,0.971250611,0.101523319,0.208584443,0.053458368,-1.3991645574569702,-0.9488939046859741,2.046508550643921,0.9806544780731201,0.08472593128681183,0.1617732048034668,0.07048191130161285
redkitchen,test,seq-03,redkitchen/seq-03/frame-000401.color.png,-1.3264023,-0.87697279,1.9609925,0.970650553,0.100905748,0.211646427,0.05349135,-1.3991645574569702,-0.9488939046859741,2.046508550643921,0.9806544780731201,0.08472593128681183,0.1617732048034668,0.07048191130161285
redkitchen,test,seq-03,redkitchen/seq-03/frame-000402.color.png,-1.3273607,-0.87812221,1.9608916,0.970637439,0.100468837,0.211771057,0.054055468,-1.4251995086669922,-0.9468923807144165,2.0907084941864014,0.9815345406532288,0.08372987061738968,0.15635226666927338,0.07164665311574936
redkitchen,test,seq-03,redkitchen/seq-03/frame-000403.color.png,-1.3237941,-0.87615544,1.9649788,0.970279174,0.101597903,0.212687476,0.054774337,-1.3805140256881714,-0.9393220543861389,2.0234858989715576,0.9823035001754761,0.08335630595684052,0.15409894287586212,0.06621964275836945
redkitchen,test,seq-03,redkitchen/seq-03/frame-000404.color.png,-1.3156115,-0.87767768,1.9670898,0.970756329,0.10125978,0.209803057,0.057976588,-1.3818626403808594,-0.964780867099762,2.099712610244751,0.9824643731117249,0.0808192789554596,0.15376614034175873,0.06773407012224197
redkitchen,test,seq-03,redkitchen/seq-03/frame-000405.color.png,-1.3060246,-0.87844169,1.9703633,0.970724932,0.100525678,0.210161278,0.058480179,-1.3477163314819336,-0.9421737194061279,2.050694227218628,0.9777718782424927,0.0768195390701294,0.1793663501739502,0.07673700898885727
redkitchen,test,seq-03,redkitchen/seq-03/frame-000406.color.png,-1.307263,-0.8787505,1.9707273,0.970642272,0.100320224,0.21058982,0.058663108,-1.3477163314819336,-0.9421737194061279,2.050694227218628,0.9777718782424927,0.0768195390701294,0.1793663501739502,0.07673700898885727
redkitchen,test,seq-03,redkitchen/seq-03/frame-000407.color.png,-1.3036844,-0.87873465,1.9733807,0.970339281,0.101695691,0.211397342,0.058402319,-1.3490732908248901,-0.9502717852592468,2.066901922225952,0.9796294569969177,0.08014911413192749,0.16941724717617035,0.07211124151945114
redkitchen,test,seq-03,redkitchen/seq-03/frame-000408.color.png,-1.2973082,-0.87775326,1.9764323,0.970195205,0.103809037,0.210983254,0.058574856,-1.3434054851531982,-0.9586838483810425,2.054863214492798,0.9796225428581238,0.08503168076276779,0.16728229820728302,0.0715949758887291
redkitchen,test,seq-03,redkitchen/seq-03/frame-000409.color.png,-1.2886055,-0.87828743,1.9790558,0.970222427,0.1056887,0.209272444,0.060855444,-1.3451725244522095,-0.9740620851516724,2.102800130844116,0.9792819619178772,0.08861289173364639,0.1661442369222641,0.07450371980667114
redkitchen,test,seq-03,redkitchen/seq-03/frame-000410.color.png,-1.2875725,-0.87712109,1.9794974,0.970155681,0.106242663,0.209388295,0.060555702,-1.3269355297088623,-0.9618158936500549,2.1136014461517334,0.9777024984359741,0.08354203402996063,0.17603996396064758,0.07828515768051147
redkitchen,test,seq-03,redkitchen/seq-03/frame-000411.color.png,-1.2797762,-0.88075358,1.9813343,0.970201614,0.106369663,0.209483389,0.059253965,-1.3269355297088623,-0.9618158936500549,2.1136014461517334,0.9777024984359741,0.08354203402996063,0.17603996396064758,0.07828515768051147
redkitchen,test,seq-03,redkitchen/seq-03/frame-000412.color.png,-1.272748,-0.88165778,1.984062,0.970175014,0.106888147,0.209469057,0.058805439,-1.3371375799179077,-0.9699440598487854,2.1170685291290283,0.9821374416351318,0.0760631188750267,0.15628676116466522,0.07207553833723068
redkitchen,test,seq-03,redkitchen/seq-03/frame-000413.color.png,-1.268304,-0.88222396,1.9875473,0.970275689,0.108182506,0.208157691,0.059430709,-1.366158366203308,-0.9817563891410828,2.110762596130371,0.9815954566001892,0.08760952204465866,0.15543456375598907,0.0680810809135437
redkitchen,test,seq-03,redkitchen/seq-03/frame-000414.color.png,-1.2597792,-0.88660556,1.9889238,0.970571925,0.109584113,0.205802084,0.060224264,-1.3896820545196533,-0.9881318807601929,2.1250288486480713,0.9824075102806091,0.08216765522956848,0.1525823473930359,0.06958810985088348
redkitchen,test,seq-03,redkitchen/seq-03/frame-000415.color.png,-1.2608199,-0.885997,1.9892248,0.970503152,0.109967976,0.205814289,0.060590055,-1.3896820545196533,-0.9881318807601929,2.1250288486480713,0.9824075102806091,0.08216765522956848,0.1525823473930359,0.06958810985088348
redkitchen,test,seq-03,redkitchen/seq-03/frame-000416.color.png,-1.2512197,-0.89146787,1.9903001,0.970928766,0.109114282,0.204288109,0.060479525,-1.38627290725708,-1.006774663925171,2.174647331237793,0.9814188480377197,0.07880670577287674,0.1599632054567337,0.07083985209465027
redkitchen,test,seq-03,redkitchen/seq-03/frame-000417.color.png,-1.2436433,-0.88954747,1.9944533,0.971319374,0.108027583,0.203541805,0.058646817,-1.388944149017334,-0.997981071472168,2.1693663597106934,0.9803003668785095,0.07870814204216003,0.16500703990459442,0.07475878298282623
redkitchen,test,seq-03,redkitchen/seq-03/frame-000418.color.png,-1.2385267,-0.8900134,1.9978706,0.971451351,0.108812383,0.202754952,0.057728393,-1.365735650062561,-0.9822480082511902,2.120412826538086,0.9803194403648376,0.07350865006446838,0.1662517935037613,0.07701057195663452
redkitchen,test,seq-03,redkitchen/seq-03/frame-000419.color.png,-1.2300501,-0.89362264,1.9991736,0.971915226,0.107736789,0.201126856,0.05763303,-1.3876827955245972,-0.9688389301300049,2.069692850112915,0.9778034090995789,0.08169274777173996,0.17496880888938904,0.08131885528564453
redkitchen,test,seq-03,redkitchen/seq-03/frame-000420.color.png,-1.2289662,-0.89378053,1.9991746,0.971871712,0.107982731,0.200987148,0.058388971,-1.3876827955245972,-0.9688389301300049,2.069692850112915,0.9778034090995789,0.08169274777173996,0.17496880888938904,0.08131885528564453
redkitchen,test,seq-03,redkitchen/seq-03/frame-000421.color.png,-1.226364,-0.89544308,2.001776,0.972174642,0.107965224,0.200157669,0.056186148,-1.3653459548950195,-0.9979698061943054,2.0912981033325195,0.9777852892875671,0.07781066000461578,0.17840509116649628,0.07780086994171143
redkitchen,test,seq-03,redkitchen/seq-03/frame-000422.color.png,-1.2185464,-0.89845711,2.0038612,0.972084877,0.10769366,0.201324283,0.054051834,-1.4061411619186401,-0.9936644434928894,2.125974655151367,0.9755698442459106,0.08018636703491211,0.1877068132162094,0.08123929798603058
redkitchen,test,seq-03,redkitchen/seq-03/frame-000423.color.png,-1.2177778,-0.898853,2.0036566,0.972120068,0.107432265,0.201345405,0.053860096,-1.4121311902999878,-0.9866103529930115,2.1045591831207275,0.9752499461174011,0.08315996825695038,0.1887275129556656,0.07971139997243881
redkitchen,test,seq-03,redkitchen/seq-03/frame-000424.color.png,-1.211772,-0.902749,2.0044942,0.971965603,0.106194187,0.202944309,0.053096792,-1.4121311902999878,-0.9866103529930115,2.1045591831207275,0.9752499461174011,0.08315996825695038,0.1887275129556656,0.07971139997243881
redkitchen,test,seq-03,redkitchen/seq-03/frame-000425.color.png,-1.2083787,-0.89999354,2.0074797,0.971608868,0.106654173,0.204390851,0.053155201,-1.4081476926803589,-0.9830040335655212,2.103520393371582,0.9745007753372192,0.0896211639046669,0.18813757598400116,0.0831906870007515
redkitchen,test,seq-03,redkitchen/seq-03/frame-000426.color.png,-1.2016013,-0.90517795,2.0069702,0.971526663,0.105324604,0.204671783,0.056143849,-1.38831627368927,-0.993649959564209,2.1558783054351807,0.9764208793640137,0.08921044319868088,0.1783623993396759,0.0826474204659462
redkitchen,test,seq-03,redkitchen/seq-03/frame-000427.color.png,-1.202008,-0.90320534,2.0075724,0.971487664,0.105976371,0.204711349,0.055443595,-1.38831627368927,-0.993649959564209,2.1558783054351807,0.9764208793640137,0.08921044319868088,0.1783623993396759,0.0826474204659462
redkitchen,test,seq-03,redkitchen/seq-03/frame-000428.color.png,-1.1995713,-0.90546179,2.0083497,0.97131874,0.105670985,0.205596389,0.055710616,-1.360876441001892,-0.996636152267456,2.1418962478637695,0.9766398668289185,0.08938584476709366,0.17983850836753845,0.07643914967775345
redkitchen,test,seq-03,redkitchen/seq-03/frame-000429.color.png,-1.1942805,-0.90319633,2.0114725,0.970774342,0.106081471,0.208408797,0.053941375,-1.3447234630584717,-1.0169545412063599,2.0901131629943848,0.973823606967926,0.0871548280119896,0.19272348284721375,0.0832422748208046
redkitchen,test,seq-03,redkitchen/seq-03/frame-000430.color.png,-1.1870776,-0.91033554,2.0104887,0.97054377,0.102777808,0.210813476,0.055128862,-1.2977529764175415,-1.0005346536636353,2.1045446395874023,0.9782629609107971,0.07212967425584793,0.17797990143299103,0.07824432849884033
redkitchen,test,seq-03,redkitchen/seq-03/frame-000431.color.png,-1.1839252,-0.90948093,2.0128417,0.970047802,0.10275137,0.213027184,0.05539708,-1.3234821557998657,-1.0074082612991333,2.153887987136841,0.9771507978439331,0.07936830073595047,0.18120448291301727,0.07772944122552872
redkitchen,test,seq-03,redkitchen/seq-03/frame-000432.color.png,-1.1843657,-0.90937471,2.0130496,0.97000621,0.103010354,0.213093585,0.055389012,-1.3234821557998657,-1.0074082612991333,2.153887987136841,0.9771507978439331,0.07936830073595047,0.18120448291301727,0.07772944122552872
redkitchen,test,seq-03,redkitchen/seq-03/frame-000433.color.png,-1.1830438,-0.9097451,2.0149281,0.969209569,0.103765032,0.216709756,0.053874962,-1.3265184164047241,-1.0052809715270996,2.0867390632629395,0.9755856394767761,0.08367064595222473,0.18516285717487335,0.08334572613239288
redkitchen,test,seq-03,redkitchen/seq-03/frame-000434.color.png,-1.1774474,-0.92602527,2.0104742,0.968876555,0.099220684,0.219660526,0.056415685,-1.2852544784545898,-1.015822172164917,2.154381036758423,0.9754436016082764,0.07769068330526352,0.1868867427110672,0.08687590807676315
redkitchen,test,seq-03,redkitchen/seq-03/frame-000435.color.png,-1.1765054,-0.91350979,2.0180709,0.967766693,0.102066906,0.222517978,0.059124644,-1.2517116069793701,-1.0119539499282837,2.1328160762786865,0.9746112823486328,0.07159342616796494,0.19308117032051086,0.08790306001901627
redkitchen,test,seq-03,redkitchen/seq-03/frame-000436.color.png,-1.1764719,-0.92182219,2.0183408,0.967267891,0.101200063,0.224971573,0.059490885,-1.2059845924377441,-1.014369010925293,2.181992292404175,0.9754005074501038,0.07230181246995926,0.1897430568933487,0.08581308275461197
redkitchen,test,seq-03,redkitchen/seq-03/frame-000437.color.png,-1.1740214,-0.9234491,2.017329,0.96737445,0.100773081,0.224460765,0.060405505,-1.2059845924377441,-1.014369010925293,2.181992292404175,0.9754005074501038,0.07230181246995926,0.1897430568933487,0.08581308275461197
redkitchen,test,seq-03,redkitchen/seq-03/frame-000438.color.png,-1.1711373,-0.92081732,2.0213418,0.966740334,0.100751505,0.227097382,0.06073747,-1.1287788152694702,-1.0082154273986816,2.106757640838623,0.9723038673400879,0.07318799942731857,0.20389191806316376,0.0877310037612915
redkitchen,test,seq-03,redkitchen/seq-03/frame-000439.color.png,-1.1662184,-0.92296648,2.0239635,0.965815559,0.099237793,0.231735604,0.060421659,-1.1927402019500732,-1.0032094717025757,2.111717462539673,0.9727151393890381,0.06981832534074783,0.20158520340919495,0.09118114411830902
redkitchen,test,seq-03,redkitchen/seq-03/frame-000440.color.png,-1.1642637,-0.92742819,2.0250807,0.965098404,0.098699266,0.234337006,0.062687259,-1.1884777545928955,-1.0090856552124023,2.1673972606658936,0.9748357534408569,0.07093704491853714,0.19020141661167145,0.09212317317724228
redkitchen,test,seq-03,redkitchen/seq-03/frame-000441.color.png,-1.1574669,-0.92638153,2.0291808,0.964497468,0.099285895,0.235819289,0.065392726,-1.2354094982147217,-1.0104273557662964,2.2176573276519775,0.9732406139373779,0.07092791050672531,0.19591794908046722,0.09689188003540039
redkitchen,test,seq-03,redkitchen/seq-03/frame-000442.color.png,-1.1534554,-0.94200742,2.0270162,0.96432466,0.095546906,0.237679374,0.066762673,-1.2454893589019775,-1.0213764905929565,2.2335917949676514,0.9706322550773621,0.06949584931135178,0.20913593471050262,0.09646481275558472
redkitchen,test,seq-03,redkitchen/seq-03/frame-000443.color.png,-1.1531039,-0.94313949,2.0266411,0.964358168,0.095142293,0.237581764,0.067202478,-1.2454893589019775,-1.0213764905929565,2.2335917949676514,0.9706322550773621,0.06949584931135178,0.20913593471050262,0.09646481275558472
redkitchen,test,seq-03,redkitchen/seq-03/frame-000444.color.png,-1.1531374,-0.93331593,2.0345678,0.962948434,0.097065356,0.242766671,0.066128455,-1.2813109159469604,-1.014264702796936,2.2416954040527344,0.9687225222587585,0.07819508761167526,0.2136022001504898,0.09917858988046646
redkitchen,test,seq-03,redkitchen/seq-03/frame-000445.color.png,-1.1487637,-0.93776524,2.0361786,0.962292117,0.096885029,0.244444337,0.069671653,-1.2223842144012451,-1.0295723676681519,2.2691643238067627,0.973229169845581,0.08137191087007523,0.19555515050888062,0.08922860771417618
redkitchen,test,seq-03,redkitchen/seq-03/frame-000446.color.png,-1.1486924,-0.93806529,2.0399513,0.962151226,0.098428328,0.243970306,0.071101136,-1.2225903272628784,-1.016027569770813,2.25555419921875,0.9737675189971924,0.08596877753734589,0.193049356341362,0.08436915278434753
redkitchen,test,seq-03,redkitchen/seq-03/frame-000447.color.png,-1.143409,-0.94804066,2.0408604,0.962212251,0.096502998,0.244327262,0.071686434,-1.198637843132019,-1.016409993171692,2.2116854190826416,0.9720849394798279,0.07843438535928726,0.20106704533100128,0.09203728288412094
redkitchen,test,seq-03,redkitchen/seq-03/frame-000448.color.png,-1.1426029,-0.94927222,2.0454054,0.96122921,0.096019273,0.248970852,0.069514168,-1.136244773864746,-1.0183242559432983,2.1662020683288574,0.9724814295768738,0.07000560313463211,0.20045188069343567,0.09590625017881393
redkitchen,test,seq-03,redkitchen/seq-03/frame-000449.color.png,-1.141592,-0.95189834,2.04758,0.960452548,0.095455858,0.251796343,0.070835614,-1.1594609022140503,-1.0382663011550903,2.197434186935425,0.9735708236694336,0.07535684108734131,0.19337999820709229,0.09531760960817337
redkitchen,test,seq-03,redkitchen/seq-03/frame-000450.color.png,-1.1410172,-0.9516995,2.0478756,0.960441289,0.095588745,0.251846509,0.070630426,-1.1594609022140503,-1.0382663011550903,2.197434186935425,0.9735708236694336,0.07535684108734131,0.19337999820709229,0.09531760960817337
redkitchen,test,seq-03,redkitchen/seq-03/frame-000451.color.png,-1.1395571,-0.95306289,2.0507634,0.959988978,0.096492899,0.252760926,0.072264776,-1.1397043466567993,-1.0172796249389648,2.208531141281128,0.9746909141540527,0.07059672474861145,0.19064980745315552,0.09298552572727203
redkitchen,test,seq-03,redkitchen/seq-03/frame-000452.color.png,-1.1373378,-0.957533,2.0528409,0.959396059,0.097149445,0.254309319,0.07381028,-1.1771970987319946,-1.0272629261016846,2.198012113571167,0.9711422324180603,0.06988568603992462,0.20462894439697266,0.10062664747238159
redkitchen,test,seq-03,redkitchen/seq-03/frame-000453.color.png,-1.138113,-0.95901328,2.0561423,0.958408384,0.097033304,0.257946609,0.074171787,-1.179964303970337,-0.981256365776062,2.176311731338501,0.9732039570808411,0.07570092380046844,0.19422106444835663,0.09706563502550125
redkitchen,test,seq-03,redkitchen/seq-03/frame-000454.color.png,-1.1348956,-0.9587875,2.0592926,0.957724266,0.096693139,0.260247613,0.07540456,-1.1798418760299683,-1.001797080039978,2.224234104156494,0.9730919599533081,0.07246916741132736,0.195780411362648,0.09752023220062256
redkitchen,test,seq-03,redkitchen/seq-03/frame-000455.color.png,-1.1293614,-0.96773541,2.0600476,0.957416296,0.094340478,0.261264006,0.078708507,-1.187828540802002,-0.9821953773498535,2.227478504180908,0.9746338129043579,0.07403597235679626,0.19032980501651764,0.09155342727899551
redkitchen,test,seq-03,redkitchen/seq-03/frame-000456.color.png,-1.1318669,-0.96197808,2.0655797,0.95695707,0.093992695,0.263328667,0.077823861,-1.2204698324203491,-0.9831541776657104,2.2435989379882812,0.9739407300949097,0.07059700787067413,0.19294103980064392,0.0960690975189209
redkitchen,test,seq-03,redkitchen/seq-03/frame-000457.color.png,-1.1278356,-0.96715331,2.06686,0.956461837,0.092794213,0.264673524,0.080733597,-1.2204698324203491,-0.9831541776657104,2.2435989379882812,0.9739407300949097,0.07059700787067413,0.19294103980064392,0.0960690975189209
redkitchen,test,seq-03,redkitchen/seq-03/frame-000458.color.png,-1.1270361,-0.96644402,2.0671957,0.956385583,0.093319343,0.264802429,0.080608868,-1.1654471158981323,-0.9921494126319885,2.254563093185425,0.9729238748550415,0.07115107029676437,0.19782979786396027,0.09602124243974686
redkitchen,test,seq-03,redkitchen/seq-03/frame-000459.color.png,-1.1254389,-0.96784955,2.0695353,0.955646129,0.092771237,0.267219513,0.08202259,-1.1475027799606323,-1.0033788681030273,2.2539868354797363,0.97272789478302,0.06662160903215408,0.19899344444274902,0.09881111979484558
redkitchen,test,seq-03,redkitchen/seq-03/frame-000460.color.png,-1.1217399,-0.97307646,2.0701122,0.955057354,0.091632386,0.269276379,0.083421748,-1.1560646295547485,-0.9890020489692688,2.239133834838867,0.9736741185188293,0.06147938221693039,0.19577954709529877,0.09924406558275223
redkitchen,test,seq-03,redkitchen/seq-03/frame-000461.color.png,-1.1206703,-0.96970654,2.0735986,0.954301346,0.092392083,0.271541102,0.083893226,-1.0975065231323242,-0.9755027890205383,2.213601589202881,0.9765805602073669,0.06637407839298248,0.1845255196094513,0.08851687610149384
redkitchen,test,seq-03,redkitchen/seq-03/frame-000462.color.png,-1.1181386,-0.97402596,2.0745149,0.953648044,0.091599458,0.273373534,0.086208226,-1.1067802906036377,-0.9746366143226624,2.1964528560638428,0.9736734628677368,0.06167170777916908,0.19655093550682068,0.09759245067834854
redkitchen,test,seq-03,redkitchen/seq-03/frame-000463.color.png,-1.1154408,-0.97575295,2.0760021,0.952907745,0.090858152,0.276325515,0.085766164,-1.1215617656707764,-0.9786562323570251,2.2262520790100098,0.9729707837104797,0.06178086996078491,0.1972363442182541,0.10299941897392273
redkitchen,test,seq-03,redkitchen/seq-03/frame-000464.color.png,-1.1149544,-0.9753356,2.0764294,0.952104375,0.091343695,0.278841845,0.08602798,-1.1084669828414917,-0.972071647644043,2.249654769897461,0.9739291667938232,0.062492016702890396,0.1947358250617981,0.09815636277198792
redkitchen,test,seq-03,redkitchen/seq-03/frame-000465.color.png,-1.1138395,-0.97401386,2.0779576,0.951788985,0.091831475,0.279559463,0.086667266,-1.0731557607650757,-0.9928434491157532,2.3106071949005127,0.9753245711326599,0.06004467234015465,0.19250129163265228,0.089887835085392
redkitchen,test,seq-03,redkitchen/seq-03/frame-000466.color.png,-1.1141326,-0.97474426,2.0789833,0.951520729,0.091562783,0.280466945,0.086964652,-1.0987844467163086,-0.9991164803504944,2.3030858039855957,0.9735717177391052,0.0597367025911808,0.19752798974514008,0.09783796221017838
redkitchen,test,seq-03,redkitchen/seq-03/frame-000467.color.png,-1.1104594,-0.97854334,2.0790949,0.951379424,0.090160241,0.28063637,0.089395465,-1.0959184169769287,-0.9878578782081604,2.3003697395324707,0.9741525053977966,0.062337517738342285,0.19521120190620422,0.09504503756761551
redkitchen,test,seq-03,redkitchen/seq-03/frame-000468.color.png,-1.1110712,-0.975658,2.0816963,0.951110343,0.090515843,0.281366886,0.089602868,-1.0722206830978394,-0.9731091856956482,2.306511640548706,0.9724725484848022,0.055998269468545914,0.20134872198104858,0.10305340588092804
redkitchen,test,seq-03,redkitchen/seq-03/frame-000469.color.png,-1.1093959,-0.97294372,2.0839367,0.951493366,0.092747255,0.278616773,0.091820561,-1.0487016439437866,-0.9791626334190369,2.2391765117645264,0.9672806262969971,0.06831400841474533,0.21744561195373535,0.11143936216831207
redkitchen,test,seq-03,redkitchen/seq-03/frame-000470.color.png,-1.1098707,-0.9727549,2.086096,0.952737529,0.09395053,0.273658861,0.092603058,-1.0487016439437866,-0.9791626334190369,2.2391765117645264,0.9672806262969971,0.06831400841474533,0.21744561195373535,0.11143936216831207
redkitchen,test,seq-03,redkitchen/seq-03/frame-000471.color.png,-1.1093056,-0.97314292,2.0859725,0.952764042,0.093877732,0.273617777,0.092525478,-1.0887315273284912,-0.9791255593299866,2.232029438018799,0.9717404842376709,0.06033718213438988,0.2024800330400467,0.10526949912309647
redkitchen,test,seq-03,redkitchen/seq-03/frame-000472.color.png,-1.1117053,-0.97618878,2.0868125,0.953769948,0.09168466,0.270964517,0.092168538,-1.0868583917617798,-0.9664919376373291,2.2597222328186035,0.9743180274963379,0.06183837354183197,0.19438375532627106,0.0953693762421608
redkitchen,test,seq-03,redkitchen/seq-03/frame-000473.color.png,-1.1114424,-0.97584403,2.0893719,0.954223968,0.091353966,0.269697647,0.091510934,-1.1047953367233276,-0.9861806035041809,2.2506492137908936,0.9718751907348633,0.06278467923402786,0.20252865552902222,0.10246340185403824
redkitchen,test,seq-03,redkitchen/seq-03/frame-000474.color.png,-1.1124519,-0.97385722,2.0935044,0.955074573,0.090367051,0.268308192,0.087618892,-1.1576529741287231,-0.9830678701400757,2.250250816345215,0.9744018912315369,0.06091374531388283,0.19326958060264587,0.09735133498907089
redkitchen,test,seq-03,redkitchen/seq-03/frame-000475.color.png,-1.1136379,-0.9742775,2.096823,0.95593495,0.088740068,0.266166297,0.086423801,-1.1425549983978271,-0.9698249101638794,2.1929969787597656,0.9726342558860779,0.06299097836017609,0.20018967986106873,0.09969379007816315
redkitchen,test,seq-03,redkitchen/seq-03/frame-000476.color.png,-1.1114548,-0.97775549,2.098242,0.957254552,0.086239946,0.261801369,0.08767233,-1.1649837493896484,-0.9717261791229248,2.2044074535369873,0.9730033874511719,0.06101316586136818,0.1985291838645935,0.10063755512237549
redkitchen,test,seq-03,redkitchen/seq-03/frame-000477.color.png,-1.1216497,-0.96821177,2.1061316,0.95808031,0.086053903,0.260897654,0.08129735,-1.1643359661102295,-0.9833958745002747,2.2046689987182617,0.9715045094490051,0.059113502502441406,0.20533578097820282,0.10257573425769806
redkitchen,test,seq-03,redkitchen/seq-03/frame-000478.color.png,-1.1203239,-0.96807146,2.1063602,0.958084451,0.086133836,0.260881113,0.081216946,-1.133320689201355,-1.0034458637237549,2.2095818519592285,0.9721719026565552,0.05131157860159874,0.20428602397441864,0.1025485023856163
redkitchen,test,seq-03,redkitchen/seq-03/frame-000479.color.png,-1.1206206,-0.96909648,2.1088376,0.959259239,0.084691371,0.257287573,0.08032551,-1.133320689201355,-1.0034458637237549,2.2095818519592285,0.9721719026565552,0.05131157860159874,0.20428602397441864,0.1025485023856163
redkitchen,test,seq-03,redkitchen/seq-03/frame-000480.color.png,-1.1144645,-0.97058845,2.1109359,0.960590231,0.081982312,0.252649477,0.081936265,-1.1628435850143433,-1.0299551486968994,2.2865805625915527,0.9726521372795105,0.05894586816430092,0.20344790816307068,0.09530032426118851
redkitchen,test,seq-03,redkitchen/seq-03/frame-000481.color.png,-1.1244522,-0.966066,2.1172056,0.961463866,0.080335971,0.251235955,0.077549088,-1.1601382493972778,-1.0063494443893433,2.2474100589752197,0.9719976782798767,0.0598071850836277,0.20353209972381592,0.10108581185340881
redkitchen,test,seq-03,redkitchen/seq-03/frame-000482.color.png,-1.1253483,-0.9698562,2.1195271,0.962526401,0.077489038,0.248760464,0.075210427,-1.1098992824554443,-1.0127699375152588,2.2701826095581055,0.9738495945930481,0.06484485417604446,0.19600030779838562,0.09484688192605972
redkitchen,test,seq-03,redkitchen/seq-03/frame-000483.color.png,-1.1283687,-0.95868456,2.1270535,0.962954919,0.076126988,0.248506923,0.071880556,-1.1733611822128296,-1.039312720298767,2.319326639175415,0.9717363715171814,0.06115473434329033,0.20678305625915527,0.0960698053240776
redkitchen,test,seq-03,redkitchen/seq-03/frame-000484.color.png,-1.1247846,-0.95976645,2.1291502,0.963976037,0.072816707,0.245264917,0.07275334,-1.1746575832366943,-1.0209686756134033,2.244830369949341,0.9722402691841125,0.05845945328474045,0.20388929545879364,0.09879515320062637
redkitchen,test,seq-03,redkitchen/seq-03/frame-000485.color.png,-1.1238072,-0.96000826,2.1291769,0.963972763,0.072744117,0.245188532,0.073125845,-1.0835374593734741,-1.0005793571472168,2.2002415657043457,0.9760586619377136,0.05672231689095497,0.19248616695404053,0.08391142636537552
redkitchen,test,seq-03,redkitchen/seq-03/frame-000486.color.png,-1.1269436,-0.95736951,2.1337571,0.964668271,0.071479299,0.243465329,0.070925806,-1.0835374593734741,-1.0005793571472168,2.2002415657043457,0.9760586619377136,0.05672231689095497,0.19248616695404053,0.08391142636537552
redkitchen,test,seq-03,redkitchen/seq-03/frame-000487.color.png,-1.1291578,-0.95455718,2.1381469,0.965297929,0.067942962,0.241838857,0.071397679,-1.0677738189697266,-0.9885662794113159,2.154151439666748,0.9797585010528564,0.05488086864352226,0.17910338938236237,0.0705932080745697
redkitchen,test,seq-03,redkitchen/seq-03/frame-000488.color.png,-1.1325605,-0.94872069,2.1447849,0.965737227,0.062931564,0.242594557,0.067372904,-1.0492334365844727,-1.0037654638290405,2.175356388092041,0.9776848554611206,0.050933536142110825,0.18896985054016113,0.07634425908327103
redkitchen,test,seq-03,redkitchen/seq-03/frame-000489.color.png,-1.1316296,-0.948089,2.1474099,0.966449612,0.060207857,0.240175548,0.068307155,-1.0639170408248901,-0.9702370166778564,2.141486644744873,0.9726494550704956,0.046985067427158356,0.20976237952709198,0.08800722658634186
redkitchen,test,seq-03,redkitchen/seq-03/frame-000490.color.png,-1.1321018,-0.94663823,2.1483665,0.966397435,0.060343996,0.240794946,0.066726256,-1.0639170408248901,-0.9702370166778564,2.141486644744873,0.9726494550704956,0.046985067427158356,0.20976237952709198,0.08800722658634186
redkitchen,test,seq-03,redkitchen/seq-03/frame-000491.color.png,-1.1329204,-0.94548416,2.151931,0.967057525,0.05792686,0.238735373,0.066705658,-1.0188781023025513,-0.9766128659248352,2.127159357070923,0.9740808010101318,0.04915371537208557,0.202431321144104,0.08815858513116837
redkitchen,test,seq-03,redkitchen/seq-03/frame-000492.color.png,-1.1309395,-0.9446224,2.1541529,0.967722823,0.054669954,0.23657427,0.067500727,-1.0281301736831665,-0.9870607852935791,2.122074604034424,0.9750694632530212,0.04835839942097664,0.19971054792404175,0.08376582711935043
redkitchen,test,seq-03,redkitchen/seq-03/frame-000493.color.png,-1.1302838,-0.9421128,2.1570928,0.968049816,0.052376864,0.23569702,0.067698833,-1.065649390220642,-1.0139429569244385,2.163813352584839,0.9750868082046509,0.042683206498622894,0.19981737434864044,0.08635302633047104
redkitchen,test,seq-03,redkitchen/seq-03/frame-000494.color.png,-1.1336465,-0.94055009,2.1603506,0.968258333,0.048580968,0.236438598,0.06490362,-1.0558699369430542,-1.0064404010772705,2.132904291152954,0.9724645614624023,0.04373932629823685,0.20779193937778473,0.096031554043293
redkitchen,test,seq-03,redkitchen/seq-03/frame-000495.color.png,-1.1328785,-0.94314849,2.159318,0.968351976,0.047933065,0.235722102,0.066572982,-1.0558699369430542,-1.0064404010772705,2.132904291152954,0.9724645614624023,0.04373932629823685,0.20779193937778473,0.096031554043293
redkitchen,test,seq-03,redkitchen/seq-03/frame-000496.color.png,-1.1341183,-0.94200444,2.1610677,0.968364968,0.045727435,0.235836364,0.067524066,-1.07266366481781,-1.017045259475708,2.1294307708740234,0.9739351272583008,0.04870341345667839,0.20009635388851166,0.0950777605175972
redkitchen,test,seq-03,redkitchen/seq-03/frame-000497.color.png,-1.1326396,-0.94040507,2.1626954,0.968463808,0.042942463,0.236058266,0.067158718,-1.0576326847076416,-1.0155961513519287,2.118476629257202,0.9741519093513489,0.049263130873441696,0.20105312764644623,0.0904368981719017
redkitchen,test,seq-03,redkitchen/seq-03/frame-000498.color.png,-1.1335807,-0.93953961,2.1645696,0.968384455,0.04077224,0.236722077,0.067318871,-1.0534526109695435,-0.9856874942779541,2.1121814250946045,0.9756717681884766,0.043268751353025436,0.19505435228347778,0.09025650471448898
redkitchen,test,seq-03,redkitchen/seq-03/frame-000499.color.png,-1.1340295,-0.93988937,2.1641328,0.968401238,0.040786874,0.236490937,0.067878638,-1.0534526109695435,-0.9856874942779541,2.1121814250946045,0.9756717681884766,0.043268751353025436,0.19505435228347778,0.09025650471448898
redkitchen,test,seq-03,redkitchen/seq-03/frame-000500.color.png,-1.1322205,-0.94106597,2.164463,0.968496744,0.037894647,0.236165283,0.069310976,-1.0566320419311523,-1.001773476600647,2.1493632793426514,0.9789068102836609,0.04237012565135956,0.1807367503643036,0.0853264182806015
redkitchen,test,seq-03,redkitchen/seq-03/frame-000501.color.png,-1.1332476,-0.93860275,2.165658,0.96846987,0.034709094,0.236756081,0.069339373,-1.084782361984253,-1.0280410051345825,2.2141685485839844,0.9783356189727783,0.04908796772360802,0.1815831959247589,0.08647110313177109
redkitchen,test,seq-03,redkitchen/seq-03/frame-000502.color.png,-1.1319146,-0.94270396,2.1640697,0.968617037,0.029509941,0.235974001,0.072294333,-1.0503939390182495,-1.0221474170684814,2.2341771125793457,0.9791204929351807,0.03821524232625961,0.18077398836612701,0.08475528657436371
redkitchen,test,seq-03,redkitchen/seq-03/frame-000503.color.png,-1.1323271,-0.93707299,2.1669724,0.968350039,0.027999395,0.237696497,0.070813918,-1.088521122932434,-1.0121829509735107,2.1892781257629395,0.9755605459213257,0.04273799806833267,0.1956401914358139,0.09044303745031357
redkitchen,test,seq-03,redkitchen/seq-03/frame-000504.color.png,-1.1337225,-0.93790168,2.1672947,0.968270606,0.02781308,0.238041053,0.070816115,-1.088521122932434,-1.0121829509735107,2.1892781257629395,0.9755605459213257,0.04273799806833267,0.1956401914358139,0.09044303745031357
redkitchen,test,seq-03,redkitchen/seq-03/frame-000505.color.png,-1.1331557,-0.93432945,2.1684737,0.968161348,0.025097587,0.238697554,0.071113946,-1.0996227264404297,-1.0316998958587646,2.196305513381958,0.9778487682342529,0.03902187943458557,0.18684621155261993,0.0858931690454483
redkitchen,test,seq-03,redkitchen/seq-03/frame-000506.color.png,-1.1334146,-0.93136799,2.1693265,0.96812296,0.023580718,0.238849781,0.071642623,-1.0886069536209106,-1.0077701807022095,2.1723639965057373,0.9750606417655945,0.03933916613459587,0.1970522254705429,0.09423208981752396
redkitchen,test,seq-03,redkitchen/seq-03/frame-000507.color.png,-1.134612,-0.93051606,2.1701236,0.968122993,0.021064397,0.238932188,0.07214965,-1.1120846271514893,-1.0196359157562256,2.201172113418579,0.9770520925521851,0.05060984194278717,0.1879514902830124,0.08649960160255432
redkitchen,test,seq-03,redkitchen/seq-03/frame-000508.color.png,-1.1355588,-0.9312731,2.1699755,0.968170564,0.020757182,0.238829915,0.07193866,-1.1173142194747925,-1.0015437602996826,2.1958656311035156,0.9763444066047668,0.046849172562360764,0.19051063060760498,0.09089874476194382
redkitchen,test,seq-03,redkitchen/seq-03/frame-000509.color.png,-1.1353385,-0.92654729,2.171175,0.96809469,0.019711891,0.239249067,0.071860946,-1.1173142194747925,-1.0015437602996826,2.1958656311035156,0.9763444066047668,0.046849172562360764,0.19051063060760498,0.09089874476194382
redkitchen,test,seq-03,redkitchen/seq-03/frame-000510.color.png,-1.1357378,-0.92193079,2.1724617,0.968285425,0.019778097,0.238399493,0.072096079,-1.119416356086731,-1.0179568529129028,2.2012977600097656,0.9723021984100342,0.04206846281886101,0.20799851417541504,0.09795590490102768
redkitchen,test,seq-03,redkitchen/seq-03/frame-000511.color.png,-1.1368874,-0.91949278,2.1733348,0.968628356,0.018673749,0.23701294,0.072355139,-1.1658326387405396,-1.0292507410049438,2.2246296405792236,0.974230170249939,0.037205129861831665,0.200827494263649,0.09570639580488205
redkitchen,test,seq-03,redkitchen/seq-03/frame-000512.color.png,-1.1385185,-0.91674346,2.1728139,0.969032767,0.018367632,0.235386078,0.072329257,-1.154902458190918,-1.0433799028396606,2.2227509021759033,0.9722176194190979,0.0329597070813179,0.20928335189819336,0.099534772336483
redkitchen,test,seq-03,redkitchen/seq-03/frame-000513.color.png,-1.1401763,-0.91473138,2.1746602,0.969135861,0.017522106,0.235386905,0.071145374,-1.1150022745132446,-1.0190279483795166,2.185664653778076,0.9729360938072205,0.04166256636381149,0.20302051305770874,0.10218750685453415
redkitchen,test,seq-03,redkitchen/seq-03/frame-000514.color.png,-1.1365169,-0.91564691,2.1736042,0.969305141,0.017279471,0.234652807,0.071323381,-1.1150022745132446,-1.0190279483795166,2.185664653778076,0.9729360938072205,0.04166256636381149,0.20302051305770874,0.10218750685453415
redkitchen,test,seq-03,redkitchen/seq-03/frame-000515.color.png,-1.1383173,-0.91448694,2.1742058,0.96937845,0.0166654,0.234491401,0.071003289,-1.1414682865142822,-1.0230737924575806,2.210101366043091,0.9734077453613281,0.0370178297162056,0.20253755152225494,0.10042697191238403
redkitchen,test,seq-03,redkitchen/seq-03/frame-000516.color.png,-1.1408125,-0.90788037,2.1765845,0.969432346,0.019078338,0.234465951,0.069732784,-1.1297181844711304,-1.022290825843811,2.1893672943115234,0.9679847955703735,0.03026708774268627,0.2243022918701172,0.10852570831775665
redkitchen,test,seq-03,redkitchen/seq-03/frame-000517.color.png,-1.1415244,-0.90094429,2.1787927,0.970218705,0.02295834,0.231542202,0.067355686,-1.2256006002426147,-1.049716830253601,2.2199032306671143,0.9675211906433105,0.026602590456604958,0.2273109406232834,0.1073533445596695
redkitchen,test,seq-03,redkitchen/seq-03/frame-000518.color.png,-1.1428739,-0.8964473,2.1810775,0.971124797,0.023615767,0.229628822,0.060245568,-1.184575080871582,-0.9904878735542297,2.1502857208251953,0.9687193632125854,0.026960639283061028,0.22276465594768524,0.10598059743642807
redkitchen,test,seq-03,redkitchen/seq-03/frame-000519.color.png,-1.1452674,-0.89550233,2.1821334,0.971597553,0.024539279,0.227706108,0.059547859,-1.1485096216201782,-0.96842360496521,2.1246986389160156,0.9700912833213806,0.03154823184013367,0.21599867939949036,0.10617008805274963
redkitchen,test,seq-03,redkitchen/seq-03/frame-000520.color.png,-1.1463883,-0.89368892,2.1829827,0.971472712,0.024993461,0.228425581,0.058633187,-1.1485096216201782,-0.96842360496521,2.1246986389160156,0.9700912833213806,0.03154823184013367,0.21599867939949036,0.10617008805274963
redkitchen,test,seq-03,redkitchen/seq-03/frame-000521.color.png,-1.1453385,-0.89174825,2.1823194,0.972621398,0.026698596,0.223922761,0.056155134,-1.1761029958724976,-0.9924650192260742,2.1395862102508545,0.9697774052619934,0.03688850998878479,0.21846792101860046,0.1021895781159401
redkitchen,test,seq-03,redkitchen/seq-03/frame-000522.color.png,-1.1450255,-0.89320046,2.182595,0.973771972,0.027003672,0.21889772,0.055881453,-1.1673141717910767,-1.004941463470459,2.104995012283325,0.9690552353858948,0.03291941061615944,0.22086288034915924,0.105203777551651
redkitchen,test,seq-03,redkitchen/seq-03/frame-000523.color.png,-1.1460644,-0.88969833,2.1843271,0.97469012,0.028986783,0.214638266,0.055401726,-1.1534303426742554,-0.9705452919006348,2.0395188331604004,0.9696078896522522,0.03751745820045471,0.21782171726226807,0.104912668466568
redkitchen,test,seq-03,redkitchen/seq-03/frame-000524.color.png,-1.1490132,-0.89177132,2.1839554,0.976037073,0.029430021,0.208869199,0.053471158,-1.1534303426742554,-0.9705452919006348,2.0395188331604004,0.9696078896522522,0.03751745820045471,0.21782171726226807,0.104912668466568
redkitchen,test,seq-03,redkitchen/seq-03/frame-000525.color.png,-1.1481214,-0.89136291,2.1833043,0.976098852,0.02930209,0.208394857,0.05425866,-1.108439326286316,-0.9289156794548035,1.9233989715576172,0.9656665325164795,0.04018910601735115,0.23243604600429535,0.10884179919958115
redkitchen,test,seq-03,redkitchen/seq-03/frame-000526.color.png,-1.1526277,-0.88404572,2.1869946,0.977943989,0.033240074,0.200115361,0.049744288,-1.041670322418213,-0.9279170036315918,1.8624764680862427,0.9673694372177124,0.03593894839286804,0.22688919305801392,0.10689221322536469
redkitchen,test,seq-03,redkitchen/seq-03/frame-000527.color.png,-1.1535068,-0.88809639,2.1860545,0.979540153,0.030281775,0.192357806,0.050819062,-1.1481660604476929,-0.9656937122344971,2.0063436031341553,0.9726550579071045,0.03290513902902603,0.20798169076442719,0.09799520671367645
redkitchen,test,seq-03,redkitchen/seq-03/frame-000528.color.png,-1.1539437,-0.8896172,2.1854579,0.979623875,0.029791193,0.191787084,0.051645547,-1.1481660604476929,-0.9656937122344971,2.0063436031341553,0.9726550579071045,0.03290513902902603,0.20798169076442719,0.09799520671367645
redkitchen,test,seq-03,redkitchen/seq-03/frame-000529.color.png,-1.1553524,-0.88291925,2.1883473,0.980668165,0.031151569,0.186322147,0.051025362,-1.126070261001587,-0.9187372326850891,1.9041740894317627,0.9720463156700134,0.0322301983833313,0.21189576387405396,0.09585010260343552
redkitchen,test,seq-03,redkitchen/seq-03/frame-000530.color.png,-1.155283,-0.88297796,2.1883736,0.980749654,0.030817248,0.186222103,0.050017417,-1.1327632665634155,-0.8944237232208252,1.781237244606018,0.970923662185669,0.027288908138871193,0.2188730686903,0.09304389357566833
redkitchen,test,seq-03,redkitchen/seq-03/frame-000531.color.png,-1.1578431,-0.88025564,2.1897404,0.982257985,0.031754919,0.17773101,0.050720447,-1.1327632665634155,-0.8944237232208252,1.781237244606018,0.970923662185669,0.027288908138871193,0.2188730686903,0.09304389357566833
redkitchen,test,seq-03,redkitchen/seq-03/frame-000532.color.png,-1.1560349,-0.88470995,2.1898286,0.983544633,0.028855747,0.170435288,0.052527257,-1.155571460723877,-0.9126638174057007,1.8452379703521729,0.9726638793945312,0.020500611513853073,0.2109568864107132,0.09487763047218323
redkitchen,test,seq-03,redkitchen/seq-03/frame-000533.color.png,-1.159773,-0.8836934,2.1913249,0.984548762,0.02682474,0.165186364,0.05155224,-1.1451212167739868,-0.8476852178573608,1.7704524993896484,0.9762037992477417,0.023479051887989044,0.1971411257982254,0.08723641186952591
redkitchen,test,seq-03,redkitchen/seq-03/frame-000534.color.png,-1.1584164,-0.88456064,2.1914716,0.984559066,0.026482835,0.16516918,0.051587275,-1.1451212167739868,-0.8476852178573608,1.7704524993896484,0.9762037992477417,0.023479051887989044,0.1971411257982254,0.08723641186952591
redkitchen,test,seq-03,redkitchen/seq-03/frame-000535.color.png,-1.1570255,-0.8870672,2.1912851,0.985846294,0.022812043,0.158656694,0.049140088,-1.1740936040878296,-0.873877763748169,1.8568686246871948,0.9752075672149658,0.02505357377231121,0.20191015303134918,0.08703365176916122
redkitchen,test,seq-03,redkitchen/seq-03/frame-000536.color.png,-1.1585413,-0.88748163,2.1924014,0.986499409,0.020400658,0.155067549,0.048546729,-1.1548409461975098,-0.8877087235450745,1.8512390851974487,0.9759513139724731,0.022289128974080086,0.19776587188243866,0.0889437198638916
redkitchen,test,seq-03,redkitchen/seq-03/frame-000537.color.png,-1.1578912,-0.88612849,2.1927729,0.986500546,0.020939891,0.155100914,0.04818609,-1.1548409461975098,-0.8877087235450745,1.8512390851974487,0.9759513139724731,0.022289128974080086,0.19776587188243866,0.0889437198638916
redkitchen,test,seq-03,redkitchen/seq-03/frame-000538.color.png,-1.1574934,-0.8855229,2.1937776,0.987321162,0.019541043,0.150682267,0.045933925,-1.122306227684021,-0.8987793326377869,1.8206415176391602,0.9755536913871765,0.025874868035316467,0.2006797045469284,0.08574993908405304
redkitchen,test,seq-03,redkitchen/seq-03/frame-000539.color.png,-1.1596905,-0.88571107,2.1939981,0.988296423,0.018094645,0.144352862,0.045880446,-1.1145474910736084,-0.8697932362556458,1.7744500637054443,0.9786069989204407,0.032005421817302704,0.1867551952600479,0.08016624301671982
redkitchen,test,seq-03,redkitchen/seq-03/frame-000540.color.png,-1.1595869,-0.88547552,2.1941805,0.98833632,0.018345115,0.144130142,0.045621024,-1.1145474910736084,-0.8697932362556458,1.7744500637054443,0.9786069989204407,0.032005421817302704,0.1867551952600479,0.08016624301671982
redkitchen,test,seq-03,redkitchen/seq-03/frame-000541.color.png,-1.1630898,-0.88721675,2.1940114,0.989392103,0.014780186,0.137101074,0.045695824,-1.0829039812088013,-0.8814243674278259,1.7661380767822266,0.9808924794197083,0.02380559965968132,0.17389921844005585,0.08391910791397095
redkitchen,test,seq-03,redkitchen/seq-03/frame-000542.color.png,-1.1621709,-0.88672841,2.1942852,0.989373865,0.015093953,0.137225586,0.045614327,-1.0829039812088013,-0.8814243674278259,1.7661380767822266,0.9808924794197083,0.02380559965968132,0.17389921844005585,0.08391910791397095
redkitchen,test,seq-03,redkitchen/seq-03/frame-000543.color.png,-1.1668208,-0.8848713,2.1959031,0.989832086,0.012778098,0.134503176,0.044475361,-1.0381309986114502,-0.8643016815185547,1.7976958751678467,0.9790407419204712,0.02047848328948021,0.1819959580898285,0.08909138292074203
redkitchen,test,seq-03,redkitchen/seq-03/frame-000544.color.png,-1.1669936,-0.88282305,2.1970661,0.990603169,0.010770894,0.129886416,0.041459247,-0.9863904118537903,-0.8340278267860413,1.6765788793563843,0.9832640886306763,0.02286611683666706,0.16308952867984772,0.07791568338871002
redkitchen,test,seq-03,redkitchen/seq-03/frame-000545.color.png,-1.165302,-0.88247949,2.196924,0.990647342,0.011129833,0.129498812,0.041521425,-0.9863904118537903,-0.8340278267860413,1.6765788793563843,0.9832640886306763,0.02286611683666706,0.16308952867984772,0.07791568338871002
redkitchen,test,seq-03,redkitchen/seq-03/frame-000546.color.png,-1.1719261,-0.88333976,2.1969283,0.991572743,0.008068263,0.123185902,0.03928908,-0.963301420211792,-0.8312280774116516,1.7025444507598877,0.9829902648925781,0.02738039754331112,0.16254739463329315,0.08098620176315308
redkitchen,test,seq-03,redkitchen/seq-03/frame-000547.color.png,-1.1713525,-0.88478577,2.1968732,0.991631752,0.007410133,0.122938139,0.03870107,-0.963301420211792,-0.8312280774116516,1.7025444507598877,0.9829902648925781,0.02738039754331112,0.16254739463329315,0.08098620176315308
redkitchen,test,seq-03,redkitchen/seq-03/frame-000548.color.png,-1.1786689,-0.88516575,2.1971154,0.992207757,0.004593246,0.119363824,0.035425228,-0.9921777248382568,-0.7818340063095093,1.7010347843170166,0.984364926815033,0.024078477174043655,0.15296322107315063,0.08395341038703918
redkitchen,test,seq-03,redkitchen/seq-03/frame-000549.color.png,-1.1781878,-0.88609976,2.1972809,0.99287484,0.001415225,0.114271778,0.033756622,-1.0287641286849976,-0.752007246017456,1.6773377656936646,0.985491156578064,0.028361547738313675,0.15041811764240265,0.07332892715930939
redkitchen,test,seq-03,redkitchen/seq-03/frame-000550.color.png,-1.1773006,-0.88648325,2.1973991,0.992904492,0.00132211,0.114144534,0.033315881,-1.0287641286849976,-0.752007246017456,1.6773377656936646,0.985491156578064,0.028361547738313675,0.15041811764240265,0.07332892715930939
redkitchen,test,seq-03,redkitchen/seq-03/frame-000551.color.png,-1.1808858,-0.88218969,2.1980631,0.993696835,0.001103461,0.107179719,0.032831246,-0.9298478960990906,-0.7402085065841675,1.5991147756576538,0.986125111579895,0.019174005836248398,0.15222856402397156,0.06337296217679977
redkitchen,test,seq-03,redkitchen/seq-03/frame-000552.color.png,-1.1830225,-0.88149595,2.1984918,0.994358253,-0.00104241,0.100940606,0.032581784,-0.9245450496673584,-0.7458699345588684,1.569197654724121,0.9898389577865601,0.021972117945551872,0.12920154631137848,0.0551641546189785
redkitchen,test,seq-03,redkitchen/seq-03/frame-000553.color.png,-1.1826376,-0.88167042,2.1984828,0.994375731,-0.00096904,0.100854732,0.032315467,-0.9245450496673584,-0.7458699345588684,1.569197654724121,0.9898389577865601,0.021972117945551872,0.12920154631137848,0.0551641546189785
redkitchen,test,seq-03,redkitchen/seq-03/frame-000554.color.png,-1.1863034,-0.88827956,2.1967642,0.994959781,-0.005539087,0.095634214,0.029638653,-0.9170236587524414,-0.7486580014228821,1.523522973060608,0.9890329241752625,0.02549765259027481,0.13443128764629364,0.055605530738830566
redkitchen,test,seq-03,redkitchen/seq-03/frame-000555.color.png,-1.1887519,-0.88898283,2.1969397,0.994890844,-0.006368349,0.096196724,0.029964021,-0.9961471557617188,-0.7453131675720215,1.5363637208938599,0.9907768964767456,0.021290559321641922,0.12364625930786133,0.05117950215935707
redkitchen,test,seq-03,redkitchen/seq-03/frame-000556.color.png,-1.1861006,-0.88435733,2.1985147,0.995565205,-0.00615531,0.08991282,0.026976284,-0.9961471557617188,-0.7453131675720215,1.5363637208938599,0.9907768964767456,0.021290559321641922,0.12364625930786133,0.05117950215935707
redkitchen,test,seq-03,redkitchen/seq-03/frame-000557.color.png,-1.1955186,-0.88739485,2.1985078,0.995611997,-0.0118503,0.089410112,0.02494302,-0.9645988941192627,-0.7314846515655518,1.521511197090149,0.9934219717979431,0.015516741201281548,0.10556287318468094,0.04157616198062897
redkitchen,test,seq-03,redkitchen/seq-03/frame-000558.color.png,-1.1975034,-0.88631254,2.1988039,0.995545623,-0.011547855,0.089553509,0.027124315,-0.9645988941192627,-0.7314846515655518,1.521511197090149,0.9934219717979431,0.015516741201281548,0.10556287318468094,0.04157616198062897
redkitchen,test,seq-03,redkitchen/seq-03/frame-000559.color.png,-1.191779,-0.8808133,2.1997499,0.99598313,-0.01078808,0.086016543,0.022413742,-0.9585737586021423,-0.7257544994354248,1.4967026710510254,0.9907596111297607,0.019387762993574142,0.12436365336179733,0.05052919685840607
redkitchen,test,seq-03,redkitchen/seq-03/frame-000560.color.png,-1.1952187,-0.88311911,2.1999128,0.996515329,-0.014250719,0.079479456,0.020907696,-0.8959132432937622,-0.7173643112182617,1.5218796730041504,0.9928480982780457,0.023554446175694466,0.10813996195793152,0.04476166144013405
redkitchen,test,seq-03,redkitchen/seq-03/frame-000561.color.png,-1.197683,-0.88295537,2.2002306,0.9964332,-0.01504642,0.079838298,0.022810735,-0.8959132432937622,-0.7173643112182617,1.5218796730041504,0.9928480982780457,0.023554446175694466,0.10813996195793152,0.04476166144013405
redkitchen,test,seq-03,redkitchen/seq-03/frame-000562.color.png,-1.2026278,-0.89266098,2.1987994,0.996780544,-0.022731497,0.073805486,0.021554048,-0.9605795741081238,-0.7163886427879333,1.5302023887634277,0.9944313168525696,0.026408227160573006,0.09353545308113098,0.040743954479694366
redkitchen,test,seq-03,redkitchen/seq-03/frame-000563.color.png,-1.2020104,-0.89206606,2.1991167,0.99679433,-0.022109516,0.073856374,0.021388515,-0.9605795741081238,-0.7163886427879333,1.5302023887634277,0.9944313168525696,0.026408227160573006,0.09353545308113098,0.040743954479694366
redkitchen,test,seq-03,redkitchen/seq-03/frame-000564.color.png,-1.2006608,-0.91020769,2.1981542,0.997097268,-0.035569795,0.064669213,0.018700839,-0.9931395053863525,-0.6875934600830078,1.518847942352295,0.995060384273529,0.021044878289103508,0.08704410493373871,0.042840588837862015
redkitchen,test,seq-03,redkitchen/seq-03/frame-000565.color.png,-1.1983131,-0.90566552,2.1992245,0.997295478,-0.03565393,0.06208309,0.016619741,-0.9716565608978271,-0.6891712546348572,1.4981260299682617,0.993663489818573,0.014906421303749084,0.10132227838039398,0.04630992189049721
redkitchen,test,seq-03,redkitchen/seq-03/frame-000566.color.png,-1.1988889,-0.90403086,2.1993728,0.997285166,-0.034613184,0.062811508,0.016701511,-0.9716565608978271,-0.6891712546348572,1.4981260299682617,0.993663489818573,0.014906421303749084,0.10132227838039398,0.04630992189049721
redkitchen,test,seq-03,redkitchen/seq-03/frame-000567.color.png,-1.1959239,-0.90600353,2.1987653,0.997404315,-0.038743454,0.058843666,0.01486608,-0.9254812598228455,-0.6787230968475342,1.438206672668457,0.9954686760902405,0.016073372215032578,0.08734014630317688,0.033991489559412
redkitchen,test,seq-03,redkitchen/seq-03/frame-000568.color.png,-1.1952937,-0.90541524,2.1985755,0.997455186,-0.037874144,0.058730467,0.014122058,-0.9254812598228455,-0.6787230968475342,1.438206672668457,0.9954686760902405,0.016073372215032578,0.08734014630317688,0.033991489559412
redkitchen,test,seq-03,redkitchen/seq-03/frame-000569.color.png,-1.1970545,-0.90638149,2.1981683,0.997417943,-0.041006561,0.057269328,0.014004744,-0.8537632822990417,-0.6195251941680908,1.3840458393096924,0.9973534345626831,0.012104688212275505,0.06597914546728134,0.028042862191796303
redkitchen,test,seq-03,redkitchen/seq-03/frame-000570.color.png,-1.1981549,-0.90846616,2.1977105,0.997419747,-0.041597124,0.057177485,0.012420231,-0.8537632822990417,-0.6195251941680908,1.3840458393096924,0.9973534345626831,0.012104688212275505,0.06597914546728134,0.028042862191796303
redkitchen,test,seq-03,redkitchen/seq-03/frame-000571.color.png,-1.2055752,-0.90582347,2.1983705,0.997161158,-0.042667155,0.06112361,0.010632208,-0.8890361785888672,-0.641681432723999,1.414579153060913,0.9973656535148621,0.012813039124011993,0.0661516860127449,0.026863262057304382
redkitchen,test,seq-03,redkitchen/seq-03/frame-000572.color.png,-1.2030545,-0.90931362,2.1963494,0.997034045,-0.044753337,0.062607243,0.000765413,-0.828412652015686,-0.6494780778884888,1.4258736371994019,0.997401237487793,0.012579265050590038,0.06462190300226212,0.029266875237226486
redkitchen,test,seq-03,redkitchen/seq-03/frame-000573.color.png,-1.203228,-0.90723711,2.1965749,0.997054428,-0.043655657,0.063046505,0.001337562,-0.828412652015686,-0.6494780778884888,1.4258736371994019,0.997401237487793,0.012579265050590038,0.06462190300226212,0.029266875237226486
redkitchen,test,seq-03,redkitchen/seq-03/frame-000574.color.png,-1.1996454,-0.90979403,2.1951747,0.996910989,-0.044077989,0.064999389,-0.00083087,-0.8991350531578064,-0.6778181195259094,1.4782108068466187,0.9940919280052185,0.012124688364565372,0.10294526815414429,0.03219481185078621
redkitchen,test,seq-03,redkitchen/seq-03/frame-000575.color.png,-1.2022557,-0.90864956,2.1935246,0.996627101,-0.042294043,0.070285627,-0.002359222,-0.843403160572052,-0.6947951912879944,1.443595051765442,0.9967871308326721,0.013563360087573528,0.07426774501800537,0.02675415761768818
redkitchen,test,seq-03,redkitchen/seq-03/frame-000576.color.png,-1.1999329,-0.90564495,2.1938999,0.996710436,-0.041076677,0.06985698,-0.001008197,-0.843403160572052,-0.6947951912879944,1.443595051765442,0.9967871308326721,0.013563360087573528,0.07426774501800537,0.02675415761768818
redkitchen,test,seq-03,redkitchen/seq-03/frame-000577.color.png,-1.2067136,-0.89129883,2.1942384,0.996703722,-0.032677046,0.074144182,0.004067042,-0.8565399646759033,-0.7218139171600342,1.5068327188491821,0.9976630806922913,0.013337074778974056,0.0635354071855545,0.021300679072737694
redkitchen,test,seq-03,redkitchen/seq-03/frame-000578.color.png,-1.2097909,-0.8779707,2.1951947,0.996580623,-0.025065671,0.078494047,0.006120315,-0.8565399646759033,-0.7218139171600342,1.5068327188491821,0.9976630806922913,0.013337074778974056,0.0635354071855545,0.021300679072737694
redkitchen,test,seq-03,redkitchen/seq-03/frame-000579.color.png,-1.206542,-0.86925143,2.1937373,0.996197835,-0.017925125,0.084820645,0.008603642,-0.8476200699806213,-0.7020346522331238,1.4451082944869995,0.9930012822151184,0.013850203715264797,0.11119846999645233,0.037302497774362564
redkitchen,test,seq-03,redkitchen/seq-03/frame-000580.color.png,-1.2038749,-0.86639684,2.194272,0.996184749,-0.016618267,0.085486024,0.005649734,-0.8476200699806213,-0.7020346522331238,1.4451082944869995,0.9930012822151184,0.013850203715264797,0.11119846999645233,0.037302497774362564
redkitchen,test,seq-03,redkitchen/seq-03/frame-000581.color.png,-1.2050843,-0.86032993,2.1938822,0.995536495,-0.012460464,0.093351961,0.006102104,-0.943619966506958,-0.7290918827056885,1.4896931648254395,0.991539478302002,0.02044299803674221,0.12077850103378296,0.042944081127643585
redkitchen,test,seq-03,redkitchen/seq-03/frame-000582.color.png,-1.2057869,-0.85755992,2.1929293,0.995057645,-0.009553391,0.098483617,0.008366194,-0.9160527586936951,-0.6761922836303711,1.4541864395141602,0.9927992820739746,0.023389244452118874,0.11014966666698456,0.0408601276576519
redkitchen,test,seq-03,redkitchen/seq-03/frame-000583.color.png,-1.2040216,-0.85804588,2.1927407,0.995077984,-0.00971867,0.098307707,0.007806857,-0.9160527586936951,-0.6761922836303711,1.4541864395141602,0.9927992820739746,0.023389244452118874,0.11014966666698456,0.0408601276576519
redkitchen,test,seq-03,redkitchen/seq-03/frame-000584.color.png,-1.199692,-0.86162907,2.1901238,0.994746958,-0.01005526,0.101635514,0.006899562,-0.954846978187561,-0.6960301399230957,1.504966378211975,0.9917721748352051,0.0249005313962698,0.118285171687603,0.04214876890182495
redkitchen,test,seq-03,redkitchen/seq-03/frame-000585.color.png,-1.1924058,-0.85765475,2.1894534,0.994052985,-0.006597106,0.108437282,0.007516506,-0.9254859089851379,-0.6870624423027039,1.497434377670288,0.9920157194137573,0.022629961371421814,0.11598589271306992,0.044044237583875656
redkitchen,test,seq-03,redkitchen/seq-03/frame-000586.color.png,-1.19016,-0.85729957,2.1893799,0.99405866,-0.006310891,0.108381085,0.00781624,-0.9254859089851379,-0.6870624423027039,1.497434377670288,0.9920157194137573,0.022629961371421814,0.11598589271306992,0.044044237583875656
redkitchen,test,seq-03,redkitchen/seq-03/frame-000587.color.png,-1.1894568,-0.86280304,2.1865654,0.993508034,-0.006189442,0.113375623,0.007031758,-0.9380331635475159,-0.70387864112854,1.536233901977539,0.990357518196106,0.017915165051817894,0.1279839277267456,0.049909912049770355
redkitchen,test,seq-03,redkitchen/seq-03/frame-000588.color.png,-1.1827315,-0.86298734,2.1841345,0.992985529,-0.004273256,0.117710964,0.010276573,-0.9505231976509094,-0.682366669178009,1.5834555625915527,0.9902408123016357,0.023368852213025093,0.12773200869560242,0.05061172693967819
redkitchen,test,seq-03,redkitchen/seq-03/frame-000589.color.png,-1.1821874,-0.86367404,2.1839418,0.992991094,-0.004610624,0.117652179,0.010266144,-0.9505231976509094,-0.682366669178009,1.5834555625915527,0.9902408123016357,0.023368852213025093,0.12773200869560242,0.05061172693967819
redkitchen,test,seq-03,redkitchen/seq-03/frame-000590.color.png,-1.1802009,-0.86349082,2.1821005,0.991935492,-0.003163125,0.126057575,0.012785198,-0.9274462461471558,-0.7276940941810608,1.536057472229004,0.9907827377319336,0.016462888568639755,0.12545782327651978,0.0483611635863781
redkitchen,test,seq-03,redkitchen/seq-03/frame-000591.color.png,-1.1790924,-0.86446232,2.1818213,0.991983963,-0.003766322,0.125690063,0.012475601,-0.9274462461471558,-0.7276940941810608,1.536057472229004,0.9907827377319336,0.016462888568639755,0.12545782327651978,0.0483611635863781
redkitchen,test,seq-03,redkitchen/seq-03/frame-000592.color.png,-1.1790872,-0.86051732,2.1807561,0.990988557,-0.00079385,0.133239161,0.013724975,-0.9640480875968933,-0.7809934616088867,1.6455357074737549,0.990572452545166,0.021963777020573616,0.12407761067152023,0.05374456197023392
redkitchen,test,seq-03,redkitchen/seq-03/frame-000593.color.png,-1.1772985,-0.86256689,2.1779988,0.990519905,0.000716025,0.136406991,0.016215358,-1.0245566368103027,-0.7699722647666931,1.6398128271102905,0.9873322248458862,0.01708783209323883,0.14504320919513702,0.06201227009296417
redkitchen,test,seq-03,redkitchen/seq-03/frame-000594.color.png,-1.1789361,-0.86098969,2.1784289,0.990448572,0.001419861,0.136887886,0.016471677,-1.0245566368103027,-0.7699722647666931,1.6398128271102905,0.9873322248458862,0.01708783209323883,0.14504320919513702,0.06201227009296417
redkitchen,test,seq-03,redkitchen/seq-03/frame-000595.color.png,-1.1766716,-0.86304665,2.1760585,0.990067158,0.001667053,0.139334966,0.018708573,-1.0368167161941528,-0.798914909362793,1.6932635307312012,0.9859976768493652,0.014635584317147732,0.15170086920261383,0.06768476217985153
redkitchen,test,seq-03,redkitchen/seq-03/frame-000596.color.png,-1.1746792,-0.8639167,2.1758549,0.990094423,0.001486398,0.139104458,0.018994067,-1.0368167161941528,-0.798914909362793,1.6932635307312012,0.9859976768493652,0.014635584317147732,0.15170086920261383,0.06768476217985153
redkitchen,test,seq-03,redkitchen/seq-03/frame-000597.color.png,-1.1740295,-0.86660004,2.1730638,0.989553116,0.001474701,0.1426671,0.020701551,-1.1008689403533936,-0.7780029773712158,1.664840579032898,0.9876793026924133,0.021952783688902855,0.14060498774051666,0.0651000440120697
redkitchen,test,seq-03,redkitchen/seq-03/frame-000598.color.png,-1.1730098,-0.86604291,2.1711526,0.988968308,0.002630658,0.146706107,0.020299839,-1.0354373455047607,-0.7836445569992065,1.6862093210220337,0.9864640235900879,0.02579360641539097,0.14672186970710754,0.06852872669696808
redkitchen,test,seq-03,redkitchen/seq-03/frame-000599.color.png,-1.1734501,-0.86636293,2.171083,0.988964741,0.002620683,0.14676954,0.020014387,-1.0354373455047607,-0.7836445569992065,1.6862093210220337,0.9864640235900879,0.02579360641539097,0.14672186970710754,0.06852872669696808
redkitchen,test,seq-03,redkitchen/seq-03/frame-000600.color.png,-1.1713475,-0.86569917,2.1696346,0.9885964,0.004484471,0.149338306,0.018844577,-1.0498857498168945,-0.8042348623275757,1.734100580215454,0.9885594844818115,0.026828592643141747,0.1340707391500473,0.06368134170770645
redkitchen,test,seq-03,redkitchen/seq-03/frame-000601.color.png,-1.1708945,-0.86490059,2.1701243,0.988546718,0.004786364,0.149721099,0.018332185,-1.0498857498168945,-0.8042348623275757,1.734100580215454,0.9885594844818115,0.026828592643141747,0.1340707391500473,0.06368134170770645
redkitchen,test,seq-03,redkitchen/seq-03/frame-000602.color.png,-1.1722848,-0.86456436,2.1685479,0.988078694,0.006460025,0.15252837,0.019845897,-1.023168683052063,-0.7935670614242554,1.7363477945327759,0.9872362017631531,0.030409550294280052,0.14194528758525848,0.06550966948270798
redkitchen,test,seq-03,redkitchen/seq-03/frame-000603.color.png,-1.1718884,-0.86773449,2.1663392,0.987606688,0.00556167,0.155412582,0.021190276,-1.088685393333435,-0.8077033758163452,1.7642345428466797,0.9856202006340027,0.029231511056423187,0.14991039037704468,0.07228603959083557
redkitchen,test,seq-03,redkitchen/seq-03/frame-000604.color.png,-1.1708142,-0.86984617,2.1637568,0.986940806,0.005743994,0.159426291,0.022318378,-1.101144790649414,-0.8139792084693909,1.7500944137573242,0.9858848452568054,0.028285589069128036,0.1476447731256485,0.073702871799469
redkitchen,test,seq-03,redkitchen/seq-03/frame-000605.color.png,-1.1703755,-0.87006897,2.1637933,0.986922912,0.005874971,0.159527951,0.022349108,-1.101144790649414,-0.8139792084693909,1.7500944137573242,0.9858848452568054,0.028285589069128036,0.1476447731256485,0.073702871799469
redkitchen,test,seq-03,redkitchen/seq-03/frame-000606.color.png,-1.1687192,-0.87060785,2.1621642,0.98602724,0.007372115,0.164900115,0.022447408,-1.160312533378601,-0.8283128142356873,1.809120535850525,0.9868149161338806,0.0380542129278183,0.13992148637771606,0.07190390676259995
redkitchen,test,seq-03,redkitchen/seq-03/frame-000607.color.png,-1.1696788,-0.86878824,2.1611264,0.984925112,0.008849218,0.171259376,0.022681304,-1.0859438180923462,-0.8306914567947388,1.7467877864837646,0.9855161905288696,0.03860161453485489,0.1484827846288681,0.07225315272808075
redkitchen,test,seq-03,redkitchen/seq-03/frame-000608.color.png,-1.1689715,-0.86865449,2.1611421,0.984921895,0.008746125,0.171331694,0.022311789,-1.0859438180923462,-0.8306914567947388,1.7467877864837646,0.9855161905288696,0.03860161453485489,0.1484827846288681,0.07225315272808075
redkitchen,test,seq-03,redkitchen/seq-03/frame-000609.color.png,-1.1654961,-0.87156832,2.1577859,0.984163815,0.010084626,0.175631883,0.02175609,-1.1079270839691162,-0.8588438034057617,1.8447091579437256,0.9876098036766052,0.026798181235790253,0.13760024309158325,0.0705329030752182
redkitchen,test,seq-03,redkitchen/seq-03/frame-000610.color.png,-1.1687657,-0.87197322,2.1561403,0.983375363,0.01211977,0.179508073,0.024553178,-1.148685336112976,-0.8578726649284363,1.9083408117294312,0.9855793118476868,0.033243849873542786,0.14623399078845978,0.07838312536478043
redkitchen,test,seq-03,redkitchen/seq-03/frame-000611.color.png,-1.1679974,-0.87207711,2.155863,0.983410919,0.012071492,0.179326675,0.024478296,-1.148685336112976,-0.8578726649284363,1.9083408117294312,0.9855793118476868,0.033243849873542786,0.14623399078845978,0.07838312536478043
redkitchen,test,seq-03,redkitchen/seq-03/frame-000612.color.png,-1.1699643,-0.87276304,2.1535192,0.98229818,0.013802743,0.185056277,0.025572326,-1.095976710319519,-0.8281897902488708,1.8059942722320557,0.9848167300224304,0.025856034830212593,0.1550552248954773,0.07365692406892776
redkitchen,test,seq-03,redkitchen/seq-03/frame-000613.color.png,-1.1682838,-0.87114304,2.1517849,0.981325713,0.016002498,0.189847372,0.026490403,-1.1412935256958008,-0.8536491394042969,1.8789961338043213,0.9837607145309448,0.02607784979045391,0.1592532843351364,0.07857011258602142
redkitchen,test,seq-03,redkitchen/seq-03/frame-000614.color.png,-1.1693317,-0.86927211,2.1523678,0.981259808,0.016423411,0.190313288,0.025304406,-1.1412935256958008,-0.8536491394042969,1.8789961338043213,0.9837607145309448,0.02607784979045391,0.1592532843351364,0.07857011258602142
redkitchen,test,seq-03,redkitchen/seq-03/frame-000615.color.png,-1.1677607,-0.8716206,2.1492035,0.980830104,0.018347937,0.19186814,0.028675391,-1.215656042098999,-0.8878918886184692,1.9859424829483032,0.9816769361495972,0.041259150952100754,0.1680430769920349,0.0798100158572197
redkitchen,test,seq-03,redkitchen/seq-03/frame-000616.color.png,-1.1686159,-0.87714839,2.1459513,0.979833424,0.019006022,0.196512386,0.030791481,-1.1598172187805176,-0.88725346326828,1.9358677864074707,0.979690432548523,0.051669854670763016,0.17394603788852692,0.08532065153121948
redkitchen,test,seq-03,redkitchen/seq-03/frame-000617.color.png,-1.1680541,-0.87795991,2.1454046,0.979897042,0.01885668,0.196085453,0.031570669,-1.1598172187805176,-0.88725346326828,1.9358677864074707,0.979690432548523,0.051669854670763016,0.17394603788852692,0.08532065153121948
redkitchen,test,seq-03,redkitchen/seq-03/frame-000618.color.png,-1.1649914,-0.87860656,2.1447124,0.978440949,0.019152085,0.203070543,0.032386144,-1.2010902166366577,-0.9011386632919312,1.9651318788528442,0.9730133414268494,0.035635411739349365,0.20426912605762482,0.10123903304338455
redkitchen,test,seq-03,redkitchen/seq-03/frame-000619.color.png,-1.1576254,-0.88321859,2.1400855,0.977399405,0.019981197,0.206842827,0.038822659,-1.2668052911758423,-0.9621231555938721,2.0740206241607666,0.9725369811058044,0.03419420123100281,0.20589971542358398,0.10299450904130936
redkitchen,test,seq-03,redkitchen/seq-03/frame-000620.color.png,-1.1561807,-0.88257718,2.1405566,0.97734455,0.020109498,0.206988984,0.039354782,-1.2668052911758423,-0.9621231555938721,2.0740206241607666,0.9725369811058044,0.03419420123100281,0.20589971542358398,0.10299450904130936
redkitchen,test,seq-03,redkitchen/seq-03/frame-000621.color.png,-1.1568775,-0.88485801,2.1388016,0.97607626,0.021762688,0.212341963,0.041381282,-1.2922755479812622,-0.9977820515632629,2.135791540145874,0.9717242121696472,0.04552347585558891,0.2065727263689041,0.10491590946912766
redkitchen,test,seq-03,redkitchen/seq-03/frame-000622.color.png,-1.1562512,-0.88225335,2.1381645,0.97452518,0.024816613,0.219202678,0.04043508,-1.2042858600616455,-0.9737902879714966,2.1288626194000244,0.972955584526062,0.03790733963251114,0.20467828214168549,0.10013619810342789
redkitchen,test,seq-03,redkitchen/seq-03/frame-000623.color.png,-1.1614931,-0.88343072,2.135994,0.973334673,0.0263312,0.223370805,0.045075114,-1.2085473537445068,-1.003700852394104,2.2105748653411865,0.9742966890335083,0.03686942160129547,0.2006010264158249,0.09563412517309189
redkitchen,test,seq-03,redkitchen/seq-03/frame-000624.color.png,-1.1583538,-0.88502753,2.1340806,0.972420553,0.027419392,0.226706518,0.047440483,-1.1718480587005615,-1.0200612545013428,2.2112014293670654,0.975875973701477,0.03884553909301758,0.19436411559581757,0.09154045581817627
redkitchen,test,seq-03,redkitchen/seq-03/frame-000625.color.png,-1.1580517,-0.88405216,2.1349034,0.972318409,0.027493528,0.227307745,0.046606932,-1.1718480587005615,-1.0200612545013428,2.2112014293670654,0.975875973701477,0.03884553909301758,0.19436411559581757,0.09154045581817627
redkitchen,test,seq-03,redkitchen/seq-03/frame-000626.color.png,-1.1548939,-0.88875335,2.1302593,0.971681458,0.026776188,0.228911967,0.052129566,-1.1859585046768188,-1.0087363719940186,2.177579879760742,0.9717662334442139,0.039744071662425995,0.21114639937877655,0.09750901907682419
redkitchen,test,seq-03,redkitchen/seq-03/frame-000627.color.png,-1.1553687,-0.89648837,2.126035,0.970990497,0.02495255,0.230599465,0.058126678,-1.2183623313903809,-1.0131436586380005,2.2189323902130127,0.9714884757995605,0.04911736026406288,0.2092493176460266,0.10006240010261536
redkitchen,test,seq-03,redkitchen/seq-03/frame-000628.color.png,-1.1550798,-0.89891547,2.1239054,0.97002916,0.025012037,0.23373805,0.061517077,-1.2182910442352295,-1.0053836107254028,2.1906702518463135,0.9718742370605469,0.055671580135822296,0.2053021639585495,0.10105552524328232
redkitchen,test,seq-03,redkitchen/seq-03/frame-000629.color.png,-1.1551012,-0.89838451,2.1242485,0.969966159,0.025137132,0.233966865,0.061589622,-1.170384168624878,-0.9877854585647583,2.198960781097412,0.9700963497161865,0.05554601922631264,0.2134038805961609,0.1014227345585823
redkitchen,test,seq-03,redkitchen/seq-03/frame-000630.color.png,-1.154027,-0.89895386,2.1224144,0.968989502,0.024650018,0.23749558,0.06362053,-1.170384168624878,-0.9877854585647583,2.198960781097412,0.9700963497161865,0.05554601922631264,0.2134038805961609,0.1014227345585823
redkitchen,test,seq-03,redkitchen/seq-03/frame-000631.color.png,-1.1510249,-0.90198523,2.1195247,0.968196034,0.02396123,0.239846683,0.067051233,-1.1527786254882812,-0.9891535639762878,2.200767993927002,0.9701879620552063,0.0517408587038517,0.21302445232868195,0.10333799570798874
redkitchen,test,seq-03,redkitchen/seq-03/frame-000632.color.png,-1.1527153,-0.90196615,2.1199889,0.967388879,0.023868046,0.242950171,0.067559517,-1.2363983392715454,-0.9986317753791809,2.2458531856536865,0.967521071434021,0.05094028264284134,0.22254595160484314,0.10854168236255646
redkitchen,test,seq-03,redkitchen/seq-03/frame-000633.color.png,-1.1518365,-0.90583211,2.1179359,0.96648963,0.022379394,0.246300143,0.068798236,-1.268633484840393,-1.004716396331787,2.251976251602173,0.9624605774879456,0.04858981817960739,0.24088524281978607,0.11525167524814606
redkitchen,test,seq-03,redkitchen/seq-03/frame-000634.color.png,-1.1509651,-0.90686101,2.1179228,0.965108382,0.02256582,0.250424671,0.073103211,-1.2196755409240723,-1.0022361278533936,2.2550177574157715,0.9668806791305542,0.039123453199863434,0.22822900116443634,0.10734357684850693
redkitchen,test,seq-03,redkitchen/seq-03/frame-000635.color.png,-1.1487298,-0.90658033,2.1175532,0.964529088,0.022931616,0.251953875,0.075346032,-1.2325935363769531,-0.9873350262641907,2.259427309036255,0.9661687016487122,0.038743410259485245,0.22797627747058868,0.11420919746160507
redkitchen,test,seq-03,redkitchen/seq-03/frame-000636.color.png,-1.1501908,-0.91012073,2.1165524,0.963795061,0.022099818,0.254383029,0.076811157,-1.2325935363769531,-0.9873350262641907,2.259427309036255,0.9661687016487122,0.038743410259485245,0.22797627747058868,0.11420919746160507
redkitchen,test,seq-03,redkitchen/seq-03/frame-000637.color.png,-1.1490364,-0.90987599,2.1163161,0.963756021,0.022395073,0.254408012,0.077132064,-1.298923134803772,-1.0018740892410278,2.2884931564331055,0.9670988917350769,0.036785323172807693,0.22728344798088074,0.10820753872394562
redkitchen,test,seq-03,redkitchen/seq-03/frame-000638.color.png,-1.1485437,-0.91016203,2.1157026,0.962809134,0.022454735,0.257412009,0.07895197,-1.2843753099441528,-0.9815720319747925,2.264381170272827,0.9647769331932068,0.0374240018427372,0.2345304787158966,0.11313840001821518
redkitchen,test,seq-03,redkitchen/seq-03/frame-000639.color.png,-1.145125,-0.91200227,2.1153281,0.962025146,0.021175284,0.260298492,0.079397237,-1.2693753242492676,-0.9952369928359985,2.29024076461792,0.9646723866462708,0.037196144461631775,0.2342953234910965,0.11458338797092438
redkitchen,test,seq-03,redkitchen/seq-03/frame-000640.color.png,-1.1396586,-0.91348052,2.1141644,0.961208151,0.021362819,0.262974224,0.08041815,-1.2523367404937744,-0.9762888550758362,2.2580039501190186,0.9656980037689209,0.03900095820426941,0.23125258088111877,0.11148327589035034
redkitchen,test,seq-03,redkitchen/seq-03/frame-000641.color.png,-1.1369556,-0.91493648,2.1133437,0.960181035,0.021078829,0.266187031,0.082173768,-1.2861347198486328,-0.9845736026763916,2.236630916595459,0.9658053517341614,0.03740016743540764,0.23042719066143036,0.11280352622270584
redkitchen,test,seq-03,redkitchen/seq-03/frame-000642.color.png,-1.1374241,-0.91431499,2.1135664,0.959142313,0.02220321,0.269250906,0.08400589,-1.2750593423843384,-0.9829883575439453,2.2330996990203857,0.9662424325942993,0.037063561379909515,0.22913211584091187,0.11180471628904343
redkitchen,test,seq-03,redkitchen/seq-03/frame-000643.color.png,-1.1341225,-0.91375273,2.1126966,0.958678768,0.022519434,0.270585912,0.084918543,-1.2740544080734253,-0.985760509967804,2.2728826999664307,0.9647428393363953,0.03997517004609108,0.23390935361385345,0.11384031921625137
redkitchen,test,seq-03,redkitchen/seq-03/frame-000644.color.png,-1.1324276,-0.91408271,2.112304,0.957735831,0.021549233,0.274000094,0.084862579,-1.2951210737228394,-0.9820533394813538,2.298586368560791,0.9665470719337463,0.04095230624079704,0.22676078975200653,0.11264649033546448
redkitchen,test,seq-03,redkitchen/seq-03/frame-000645.color.png,-1.1294106,-0.91460001,2.1126812,0.956399849,0.021324314,0.278347168,0.085833892,-1.2970530986785889,-1.0045356750488281,2.3227005004882812,0.9672457575798035,0.04613529518246651,0.22392591834068298,0.11029205471277237
redkitchen,test,seq-03,redkitchen/seq-03/frame-000646.color.png,-1.1280898,-0.91463959,2.1126266,0.956449235,0.021113266,0.278280152,0.0855526,-1.3206158876419067,-1.0080121755599976,2.355159282684326,0.9660801291465759,0.045663222670555115,0.22792576253414154,0.11248910427093506
redkitchen,test,seq-03,redkitchen/seq-03/frame-000647.color.png,-1.130915,-0.91275007,2.1118324,0.955562376,0.022474626,0.280667953,0.087297973,-1.3206158876419067,-1.0080121755599976,2.355159282684326,0.9660801291465759,0.045663222670555115,0.22792576253414154,0.11248910427093506
redkitchen,test,seq-03,redkitchen/seq-03/frame-000648.color.png,-1.1273059,-0.9143033,2.1107943,0.954869734,0.022286867,0.282576867,0.088754719,-1.3269891738891602,-1.0056146383285522,2.395749807357788,0.9622583389282227,0.046864911913871765,0.24009066820144653,0.11924424022436142
redkitchen,test,seq-03,redkitchen/seq-03/frame-000649.color.png,-1.1282134,-0.91374153,2.1096528,0.953768978,0.021893531,0.285785321,0.090399998,-1.3606784343719482,-1.0172288417816162,2.4213016033172607,0.9632718563079834,0.047791894525289536,0.23617510497570038,0.1185092031955719
redkitchen,test,seq-03,redkitchen/seq-03/frame-000650.color.png,-1.1255237,-0.91357219,2.1093428,0.952813518,0.021590071,0.288595892,0.091611566,-1.3750630617141724,-0.9982830286026001,2.367872714996338,0.9627813100814819,0.04603331536054611,0.23925115168094635,0.11701270937919617
redkitchen,test,seq-03,redkitchen/seq-03/frame-000651.color.png,-1.1273805,-0.91204023,2.108712,0.952203691,0.0230044,0.290119443,0.092788131,-1.371070384979248,-1.0013080835342407,2.38128662109375,0.9630243182182312,0.04745398089289665,0.2385271191596985,0.11591824889183044
redkitchen,test,seq-03,redkitchen/seq-03/frame-000652.color.png,-1.1253101,-0.91236854,2.1073856,0.95154151,0.022488599,0.29177987,0.094485582,-1.3631402254104614,-1.013195514678955,2.392094612121582,0.9610100984573364,0.04020974412560463,0.2464134842157364,0.11884110420942307
redkitchen,test,seq-03,redkitchen/seq-03/frame-000653.color.png,-1.1203226,-0.91631156,2.1057227,0.950854575,0.020453846,0.293986539,0.095021748,-1.3670620918273926,-1.0294079780578613,2.417450189590454,0.9622371196746826,0.038492601364851,0.2416486293077469,0.11926426738500595
redkitchen,test,seq-03,redkitchen/seq-03/frame-000654.color.png,-1.1255723,-0.91226238,2.1062143,0.949497993,0.022874277,0.297393812,0.097402514,-1.3823812007904053,-1.034247636795044,2.4216463565826416,0.9650951027870178,0.03921312466263771,0.2326004058122635,0.11380176246166229
redkitchen,test,seq-03,redkitchen/seq-03/frame-000655.color.png,-1.1198466,-0.91274858,2.1045291,0.94885457,0.023098143,0.298793651,0.099316844,-1.3322839736938477,-1.0247756242752075,2.373819351196289,0.9641126990318298,0.04123479127883911,0.23729898035526276,0.11169411242008209
redkitchen,test,seq-03,redkitchen/seq-03/frame-000656.color.png,-1.1171956,-0.91414583,2.1042016,0.947760412,0.022830152,0.301923449,0.100355456,-1.3158684968948364,-1.0397350788116455,2.386124610900879,0.961548388004303,0.04231410473585129,0.24502839148044586,0.11659873276948929
redkitchen,test,seq-03,redkitchen/seq-03/frame-000657.color.png,-1.1120154,-0.9128018,2.1035025,0.946468271,0.02382012,0.305614498,0.10114441,-1.2944350242614746,-1.0273483991622925,2.368175745010376,0.959691047668457,0.041995443403720856,0.252096951007843,0.11694753915071487
redkitchen,test,seq-03,redkitchen/seq-03/frame-000658.color.png,-1.1060663,-0.91449714,2.101752,0.945269745,0.023335043,0.308906254,0.102457366,-1.2640517950057983,-1.0402750968933105,2.384777545928955,0.958426833152771,0.040498510003089905,0.25678518414497375,0.11764094233512878
redkitchen,test,seq-03,redkitchen/seq-03/frame-000659.color.png,-1.1057378,-0.91631591,2.0988798,0.944244645,0.022630913,0.311845235,0.103162211,-1.2186387777328491,-1.0278446674346924,2.3557240962982178,0.9599549174308777,0.04009813070297241,0.25334784388542175,0.11266531050205231
redkitchen,test,seq-03,redkitchen/seq-03/frame-000660.color.png,-1.1053213,-0.91279352,2.0976684,0.942479957,0.02584114,0.315809024,0.106435079,-1.1942473649978638,-1.0096795558929443,2.316584348678589,0.9604540467262268,0.042885202914476395,0.2518978416919708,0.11061747372150421
redkitchen,test,seq-03,redkitchen/seq-03/frame-000661.color.png,-1.1041653,-0.91337353,2.0943635,0.941201172,0.027131091,0.318619364,0.109022745,-1.1843398809432983,-1.017274022102356,2.3030619621276855,0.9607982635498047,0.046002328395843506,0.24968445301055908,0.11139202862977982
redkitchen,test,seq-03,redkitchen/seq-03/frame-000662.color.png,-1.0947005,-0.91029185,2.0921507,0.939757196,0.028690394,0.321837888,0.111595912,-1.1833199262619019,-1.0034229755401611,2.277391195297241,0.9619786143302917,0.04551048204302788,0.24553032219409943,0.11063815653324127
redkitchen,test,seq-03,redkitchen/seq-03/frame-000663.color.png,-1.0917056,-0.90947777,2.0894434,0.938275975,0.030016253,0.325286431,0.11369238,-1.1607155799865723,-1.0077402591705322,2.270761013031006,0.9584370255470276,0.044259801506996155,0.2575719654560089,0.11443803459405899
redkitchen,test,seq-03,redkitchen/seq-03/frame-000664.color.png,-1.0902652,-0.90811568,2.0875468,0.936616867,0.03086466,0.329299572,0.115576857,-1.2006281614303589,-1.006940245628357,2.263366460800171,0.9561783671379089,0.040622368454933167,0.2635350227355957,0.12092181295156479
redkitchen,test,seq-03,redkitchen/seq-03/frame-000665.color.png,-1.0878545,-0.90960896,2.0838745,0.934888503,0.030549549,0.333370481,0.117959036,-1.1976488828659058,-0.9759554266929626,2.214761972427368,0.9549543261528015,0.042114634066820145,0.26813429594039917,0.11996901035308838
redkitchen,test,seq-03,redkitchen/seq-03/frame-000666.color.png,-1.0912888,-0.90684956,2.0828879,0.93295917,0.032020179,0.337803267,0.120211682,-1.2124810218811035,-0.973781406879425,2.2211391925811768,0.9507628679275513,0.03851667046546936,0.2797178030014038,0.12776640057563782
redkitchen,test,seq-03,redkitchen/seq-03/frame-000667.color.png,-1.0830538,-0.90478331,2.0803912,0.931522305,0.033908526,0.340774135,0.12243119,-1.2314361333847046,-0.9690144062042236,2.2013638019561768,0.9496350288391113,0.039375100284814835,0.2837781608104706,0.12693648040294647
redkitchen,test,seq-03,redkitchen/seq-03/frame-000668.color.png,-1.0856395,-0.90433329,2.0779753,0.929898058,0.034850578,0.344389397,0.124382406,-1.2406553030014038,-0.9748256206512451,2.196709394454956,0.9503976106643677,0.04014011099934578,0.281994491815567,0.12494909018278122
redkitchen,test,seq-03,redkitchen/seq-03/frame-000669.color.png,-1.076888,-0.90397441,2.075381,0.927951534,0.034421512,0.348951025,0.126310298,-1.2341866493225098,-0.9724569320678711,2.150848627090454,0.9492439031600952,0.03691535070538521,0.28383857011795044,0.13041844964027405
redkitchen,test,seq-03,redkitchen/seq-03/frame-000670.color.png,-1.0812297,-0.90284699,2.0741765,0.925867476,0.036442988,0.35339786,0.128651774,-1.2016425132751465,-0.9550963640213013,2.1475555896759033,0.9467983245849609,0.03402506560087204,0.290230393409729,0.13483881950378418
redkitchen,test,seq-03,redkitchen/seq-03/frame-000671.color.png,-1.0801809,-0.90333766,2.0706151,0.924454707,0.037529862,0.356065479,0.131119713,-1.1573368310928345,-0.9619845151901245,2.154954433441162,0.9454296827316284,0.032280083745718,0.2946203052997589,0.135349839925766
redkitchen,test,seq-03,redkitchen/seq-03/frame-000672.color.png,-1.0744127,-0.90344995,2.06866,0.922994419,0.037516942,0.359541246,0.131923746,-1.1445015668869019,-0.9612829089164734,2.1385529041290283,0.9434444308280945,0.03010345995426178,0.2989080548286438,0.1402158886194229
redkitchen,test,seq-03,redkitchen/seq-03/frame-000673.color.png,-1.0709816,-0.90342683,2.0661795,0.921513234,0.038308561,0.362855389,0.132972854,-1.1488821506500244,-0.9757105708122253,2.1734511852264404,0.9446085095405579,0.03407672047615051,0.295794814825058,0.13805362582206726
redkitchen,test,seq-03,redkitchen/seq-03/frame-000674.color.png,-1.0683903,-0.90682632,2.062588,0.920480751,0.036511519,0.365516194,0.133341696,-1.124011516571045,-0.9701979160308838,2.1383490562438965,0.9454087018966675,0.03509306535124779,0.29489579796791077,0.1341911107301712
redkitchen,test,seq-03,redkitchen/seq-03/frame-000675.color.png,-1.0601434,-0.90482354,2.0622516,0.918416513,0.037311735,0.36991721,0.135204295,-1.0904146432876587,-0.9630345106124878,2.086549997329712,0.9450307488441467,0.03586657717823982,0.29463812708854675,0.13718219101428986
redkitchen,test,seq-03,redkitchen/seq-03/frame-000676.color.png,-1.0527138,-0.9071905,2.0593724,0.916974259,0.03675715,0.373020004,0.136613309,-1.0938471555709839,-0.9694825410842896,2.0875344276428223,0.9435040354728699,0.033260419964790344,0.29825395345687866,0.1404934525489807
redkitchen,test,seq-03,redkitchen/seq-03/frame-000677.color.png,-1.0391785,-0.90197897,2.0599952,0.915313902,0.038578441,0.376357653,0.138083603,-1.1137971878051758,-0.9399137496948242,2.0793533325195312,0.9437634944915771,0.03359787538647652,0.296690970659256,0.14197221398353577
redkitchen,test,seq-03,redkitchen/seq-03/frame-000678.color.png,-1.0305196,-0.90153557,2.0595417,0.913645391,0.038527511,0.379742487,0.139869132,-1.0850201845169067,-0.9442051649093628,2.074651002883911,0.9410804510116577,0.034413766115903854,0.30424171686172485,0.14359697699546814
redkitchen,test,seq-03,redkitchen/seq-03/frame-000679.color.png,-1.01493,-0.90341574,2.0607448,0.911797668,0.036116891,0.384139599,0.140560848,-1.1175107955932617,-0.9230138063430786,2.0421783924102783,0.9390191435813904,0.030222544446587563,0.3092587888240814,0.14727118611335754
redkitchen,test,seq-03,redkitchen/seq-03/frame-000680.color.png,-1.0105294,-0.90365738,2.0614746,0.909484916,0.036764882,0.388322008,0.143845577,-1.1544957160949707,-0.9199061989784241,1.9731197357177734,0.9373645782470703,0.024009065702557564,0.31033575534820557,0.15640676021575928
redkitchen,test,seq-03,redkitchen/seq-03/frame-000681.color.png,-1.0082268,-0.90246654,2.0601199,0.908185186,0.037133201,0.390784105,0.145287912,-1.1175894737243652,-0.923973798751831,2.0016167163848877,0.9358134865760803,0.025614343583583832,0.3150956332683563,0.15592195093631744
redkitchen,test,seq-03,redkitchen/seq-03/frame-000682.color.png,-1.0073307,-0.90102226,2.058907,0.906383235,0.036359118,0.394551557,0.146548678,-1.0994977951049805,-0.918757438659668,1.9636807441711426,0.9349783062934875,0.029043689370155334,0.31641021370887756,0.15765979886054993
redkitchen,test,seq-03,redkitchen/seq-03/frame-000683.color.png,-1.0012375,-0.90019155,2.057543,0.904609614,0.036025007,0.398144528,0.147866764,-1.0852197408676147,-0.8876084089279175,1.8958840370178223,0.932121217250824,0.02947801910340786,0.3216203451156616,0.1638334095478058
redkitchen,test,seq-03,redkitchen/seq-03/frame-000684.color.png,-1.0005962,-0.89547074,2.0548637,0.901595619,0.035766482,0.404117204,0.150117898,-1.0970641374588013,-0.927478015422821,1.9862542152404785,0.9318752884864807,0.026961304247379303,0.3226163983345032,0.1637076437473297
redkitchen,test,seq-03,redkitchen/seq-03/frame-000685.color.png,-0.9975332,-0.89489937,2.0530441,0.900102643,0.035242876,0.40694778,0.151547606,-1.0851801633834839,-0.9309147000312805,1.9749749898910522,0.9308798909187317,0.0250847190618515,0.3245290517807007,0.16587397456169128
redkitchen,test,seq-03,redkitchen/seq-03/frame-000686.color.png,-0.99647433,-0.89668775,2.049654,0.899353762,0.033634467,0.408809132,0.151349353,-1.1195132732391357,-0.9289833307266235,1.9593205451965332,0.9326870441436768,0.02797349914908409,0.3199174404144287,0.16421113908290863
redkitchen,test,seq-03,redkitchen/seq-03/frame-000687.color.png,-0.99815392,-0.89220226,2.0493441,0.897450606,0.034480603,0.412437715,0.152606127,-1.0943599939346313,-0.9579395055770874,1.971527338027954,0.9323329925537109,0.03121986798942089,0.32142359018325806,0.16268762946128845
redkitchen,test,seq-03,redkitchen/seq-03/frame-000688.color.png,-0.99960649,-0.88886625,2.0452945,0.894989417,0.034063743,0.417017239,0.154693976,-1.1185822486877441,-0.9573481678962708,1.9925835132598877,0.9326037764549255,0.031475525349378586,0.31934309005737305,0.16516464948654175
redkitchen,test,seq-03,redkitchen/seq-03/frame-000689.color.png,-0.99994802,-0.8888737,2.0435197,0.893581932,0.032726332,0.420114063,0.154740078,-1.1542237997055054,-0.944896399974823,1.9643888473510742,0.9321308732032776,0.027302628383040428,0.32112574577331543,0.16512048244476318
redkitchen,test,seq-03,redkitchen/seq-03/frame-000690.color.png,-1.0007784,-0.88720489,2.0416818,0.891916736,0.033157947,0.423362299,0.155400932,-1.1484283208847046,-0.9421091675758362,1.965506911277771,0.9310044050216675,0.020547961816191673,0.32434535026550293,0.16615843772888184
redkitchen,test,seq-03,redkitchen/seq-03/frame-000691.color.png,-1.0003514,-0.88722336,2.0374982,0.888694122,0.030877576,0.42938969,0.157777778,-1.1400209665298462,-0.9315361976623535,1.9595181941986084,0.926302969455719,0.023609207943081856,0.3349212408065796,0.17097704112529755
redkitchen,test,seq-03,redkitchen/seq-03/frame-000692.color.png,-1.0017332,-0.88671798,2.035795,0.886659199,0.030728304,0.432981904,0.159429943,-1.1442574262619019,-0.9540374875068665,1.9586210250854492,0.925165057182312,0.021344784647226334,0.33469536900520325,0.17774450778961182
redkitchen,test,seq-03,redkitchen/seq-03/frame-000693.color.png,-1.0023408,-0.88725162,2.0325651,0.885250925,0.030552428,0.435640396,0.160046223,-1.1295769214630127,-0.9381548166275024,1.9344502687454224,0.9246615171432495,0.020608164370059967,0.33536314964294434,0.17918677628040314
redkitchen,test,seq-03,redkitchen/seq-03/frame-000694.color.png,-1.0018935,-0.88571614,2.0310073,0.88350829,0.030009006,0.438817708,0.161094943,-1.130994200706482,-0.9193633794784546,1.923278570175171,0.925467312335968,0.026650791987776756,0.33544814586639404,0.1739954650402069
redkitchen,test,seq-03,redkitchen/seq-03/frame-000695.color.png,-1.0035172,-0.88556397,2.0272756,0.879987661,0.026862454,0.445422711,0.162784314,-1.1071048974990845,-0.9209677577018738,1.901781439781189,0.9272099137306213,0.021938368678092957,0.32935386896133423,0.17699319124221802
redkitchen,test,seq-03,redkitchen/seq-03/frame-000696.color.png,-1.0034742,-0.88673323,2.0239785,0.878800072,0.026864984,0.447600766,0.163224572,-1.076136827468872,-0.919801652431488,1.9042571783065796,0.9260733723640442,0.02274848334491253,0.33194658160209656,0.17799483239650726
redkitchen,test,seq-03,redkitchen/seq-03/frame-000697.color.png,-1.0038154,-0.88771909,2.0224867,0.877198535,0.025808629,0.45081332,0.163168607,-1.0795855522155762,-0.9247202277183533,1.9047256708145142,0.9242126941680908,0.025307547301054,0.3387707769870758,0.17442671954631805
redkitchen,test,seq-03,redkitchen/seq-03/frame-000698.color.png,-1.0011721,-0.89198828,2.0212011,0.874962451,0.023379882,0.454739201,0.16464006,-1.1312576532363892,-0.954393744468689,1.9292181730270386,0.9242393374443054,0.024325523525476456,0.3361774981021881,0.17937293648719788
redkitchen,test,seq-03,redkitchen/seq-03/frame-000699.color.png,-1.0045984,-0.88885033,2.0183682,0.871950447,0.025051437,0.459461969,0.167240972,-1.1348834037780762,-0.9483861923217773,1.9161561727523804,0.9267382025718689,0.02173263020813465,0.3285205662250519,0.18099205195903778
redkitchen,test,seq-03,redkitchen/seq-03/frame-000700.color.png,-1.0050012,-0.89098978,2.0157194,0.870139476,0.023844378,0.462652171,0.168052693,-1.1256357431411743,-0.933415412902832,1.9118895530700684,0.9244263172149658,0.021138500422239304,0.3348754644393921,0.18123915791511536
redkitchen,test,seq-03,redkitchen/seq-03/frame-000701.color.png,-1.0061433,-0.88811052,2.0148954,0.86792181,0.023857652,0.466590718,0.168628725,-1.131870985031128,-0.9225248694419861,1.889822006225586,0.9237673282623291,0.017149170860648155,0.33573639392852783,0.1834142804145813
redkitchen,test,seq-03,redkitchen/seq-03/frame-000702.color.png,-1.0065448,-0.88717228,2.0107894,0.86496615,0.025862278,0.470987902,0.171274921,-1.1019337177276611,-0.8988743424415588,1.8678338527679443,0.9208428859710693,0.0176647137850523,0.34198883175849915,0.18649353086948395
redkitchen,test,seq-03,redkitchen/seq-03/frame-000703.color.png,-1.0072447,-0.88608396,2.0092287,0.863608253,0.025567173,0.473487088,0.171280715,-1.0754072666168213,-0.9101577401161194,1.897035837173462,0.9166304469108582,0.016792384907603264,0.3526129722595215,0.18753859400749207
redkitchen,test,seq-03,redkitchen/seq-03/frame-000704.color.png,-1.0088527,-0.88448852,2.0080609,0.861676237,0.025168276,0.476903506,0.171591571,-1.0786768198013306,-0.9211523532867432,1.8608800172805786,0.917285144329071,0.013290340080857277,0.3494734764099121,0.19047227501869202
redkitchen,test,seq-03,redkitchen/seq-03/frame-000705.color.png,-1.0102662,-0.88203961,2.0052407,0.858623225,0.025067597,0.48177553,0.173291983,-1.087435007095337,-0.915920078754425,1.8217664957046509,0.9151788949966431,0.013185473158955574,0.3547930419445038,0.19077615439891815
redkitchen,test,seq-03,redkitchen/seq-03/frame-000706.color.png,-1.0150118,-0.87467039,2.0072858,0.856959111,0.025530365,0.484764719,0.173125532,-1.1127383708953857,-0.9079597592353821,1.852028489112854,0.9149255156517029,0.01651066169142723,0.3544537127017975,0.19235748052597046
redkitchen,test,seq-03,redkitchen/seq-03/frame-000707.color.png,-1.0125145,-0.87845677,2.0025184,0.855613186,0.02368852,0.486545603,0.175038017,-1.0538723468780518,-0.9255152344703674,1.852937936782837,0.9136850237846375,0.01854148879647255,0.3594111204147339,0.18883730471134186
redkitchen,test,seq-03,redkitchen/seq-03/frame-000708.color.png,-1.0150605,-0.8781516,2.0016146,0.853768861,0.022399405,0.489506317,0.175956143,-1.0396314859390259,-0.9139424562454224,1.8313710689544678,0.9163700342178345,0.021833254024386406,0.3553283214569092,0.1831149309873581
redkitchen,test,seq-03,redkitchen/seq-03/frame-000709.color.png,-1.0183488,-0.87405008,1.9981952,0.850386142,0.022395847,0.494537084,0.178255175,-1.0541484355926514,-0.9202359914779663,1.8461706638336182,0.9160253405570984,0.024168893694877625,0.35468655824661255,0.18577109277248383
redkitchen,test,seq-03,redkitchen/seq-03/frame-000710.color.png,-1.0185477,-0.87428397,1.9961017,0.848559525,0.020653085,0.497436347,0.179101267,-1.0555320978164673,-0.9401321411132812,1.8441442251205444,0.9169130325317383,0.01593668945133686,0.3530888259410858,0.18532349169254303
redkitchen,test,seq-03,redkitchen/seq-03/frame-000711.color.png,-1.02127,-0.87181419,1.9965597,0.84618627,0.020827354,0.500838519,0.180819787,-1.0843816995620728,-0.9172926545143127,1.7640790939331055,0.9151203036308289,0.020993918180465698,0.35388922691345215,0.1920328140258789
redkitchen,test,seq-03,redkitchen/seq-03/frame-000712.color.png,-1.0223267,-0.86922562,1.9911803,0.843339023,0.019032854,0.504860206,0.183120766,-1.104526400566101,-0.9355096817016602,1.7701843976974487,0.9165424704551697,0.015457292087376118,0.34979376196861267,0.1932751089334488
redkitchen,test,seq-03,redkitchen/seq-03/frame-000713.color.png,-1.025601,-0.86568147,1.9917864,0.841120202,0.017597092,0.508634947,0.183023605,-1.1098766326904297,-0.9229528903961182,1.7794592380523682,0.9150094389915466,0.010131753981113434,0.35422080755233765,0.19282828271389008
redkitchen,test,seq-03,redkitchen/seq-03/frame-000714.color.png,-1.0257827,-0.86498541,1.9900082,0.839181849,0.016741608,0.511080792,0.185175502,-1.049089789390564,-0.9142940044403076,1.708827018737793,0.9145997762680054,0.011584778316318989,0.357291579246521,0.18898628652095795
redkitchen,test,seq-03,redkitchen/seq-03/frame-000715.color.png,-1.0278403,-0.86153686,1.9851952,0.836422692,0.014544649,0.515114658,0.18666125,-1.0506486892700195,-0.9452018141746521,1.7917128801345825,0.9079868197441101,0.009361125528812408,0.3667050004005432,0.20248402655124664
redkitchen,test,seq-03,redkitchen/seq-03/frame-000716.color.png,-1.0307965,-0.8588832,1.9857846,0.834084141,0.012215674,0.518741454,0.18724777,-1.0971437692642212,-0.9156613349914551,1.7268059253692627,0.9090721607208252,-0.0018334771739318967,0.3638165295124054,0.20303204655647278
redkitchen,test,seq-03,redkitchen/seq-03/frame-000717.color.png,-1.0328054,-0.85537606,1.9816438,0.831028678,0.012096759,0.522534617,0.190269752,-1.1094905138015747,-0.9385991096496582,1.7272826433181763,0.9080374240875244,-0.0030106252525001764,0.364624947309494,0.2061738669872284
redkitchen,test,seq-03,redkitchen/seq-03/frame-000718.color.png,-1.0344409,-0.85338694,1.9793979,0.8294879,0.011318737,0.524518621,0.191577466,-1.0629603862762451,-0.9333624243736267,1.753889560699463,0.9089037775993347,0.0012971560936421156,0.36479300260543823,0.20203541219234467
redkitchen,test,seq-03,redkitchen/seq-03/frame-000719.color.png,-1.037021,-0.84560603,1.9793859,0.82780635,0.010619305,0.527829163,0.189790022,-1.0555102825164795,-0.9089157581329346,1.7177350521087646,0.9084386229515076,-0.0019787705969065428,0.3654317259788513,0.20296552777290344
redkitchen,test,seq-03,redkitchen/seq-03/frame-000720.color.png,-1.0372247,-0.84735411,1.975137,0.82325271,0.009092047,0.532987726,0.195182976,-0.943196177482605,-0.9360746145248413,1.7173997163772583,0.9041872620582581,-0.004591379780322313,0.3681686222553253,0.21650896966457367
redkitchen,test,seq-03,redkitchen/seq-03/frame-000721.color.png,-1.0394886,-0.84467858,1.9731452,0.821732811,0.008417078,0.534864734,0.196479149,-0.9156750440597534,-0.94022136926651,1.7295135259628296,0.9033200740814209,4.88801633764524e-05,0.36885231733322144,0.21899978816509247
redkitchen,test,seq-03,redkitchen/seq-03/frame-000722.color.png,-1.0390018,-0.84336174,1.9704542,0.819817076,0.006684231,0.537058439,0.198553557,-0.927967369556427,-0.9493380188941956,1.760547161102295,0.9011849164962769,-0.007100393529981375,0.3696576654911041,0.2262043058872223
redkitchen,test,seq-03,redkitchen/seq-03/frame-000723.color.png,-1.0397509,-0.84066546,1.9669881,0.815492026,0.004208365,0.542279375,0.202208124,-0.9103478789329529,-0.9383760690689087,1.7616318464279175,0.9013988971710205,0.001037490088492632,0.3659898042678833,0.2313660979270935
redkitchen,test,seq-03,redkitchen/seq-03/frame-000724.color.png,-1.0406615,-0.83928859,1.9638861,0.813675696,0.002819589,0.544024481,0.204844516,-0.8682898879051208,-0.9364482760429382,1.7262377738952637,0.9021967053413391,-0.0025092745199799538,0.36430251598358154,0.23090803623199463
redkitchen,test,seq-03,redkitchen/seq-03/frame-000725.color.png,-1.0408646,-0.83777291,1.9611732,0.812031237,0.002053339,0.545681839,0.206959862,-0.8932061195373535,-0.9646443128585815,1.7928961515426636,0.8964166045188904,-0.0004468952538445592,0.3754909336566925,0.23546461760997772
redkitchen,test,seq-03,redkitchen/seq-03/frame-000726.color.png,-1.0426611,-0.83361715,1.9565678,0.808187572,-0.001056989,0.550184604,0.210068162,-0.8647062182426453,-0.9887999892234802,1.7782907485961914,0.8968002200126648,-0.0032161863055080175,0.37726688385009766,0.23110313713550568
redkitchen,test,seq-03,redkitchen/seq-03/frame-000727.color.png,-1.0447837,-0.83160615,1.9557854,0.806244377,-0.000351865,0.552221609,0.212181938,-0.866831362247467,-0.9430824518203735,1.6976912021636963,0.8984820246696472,0.0009254536125808954,0.37335026264190674,0.2309519201517105
redkitchen,test,seq-03,redkitchen/seq-03/frame-000728.color.png,-1.0465032,-0.82809484,1.9535698,0.804995255,-0.000663154,0.5536094,0.213304554,-0.9071236252784729,-0.9426461458206177,1.7196518182754517,0.8969560265541077,0.001710329670459032,0.3794208765029907,0.22695079445838928
redkitchen,test,seq-03,redkitchen/seq-03/frame-000729.color.png,-1.048894,-0.8216837,1.9469956,0.80141361,-0.002812748,0.558197954,0.214810053,-0.7722249627113342,-0.8895756602287292,1.6731839179992676,0.8955589532852173,0.004068657290190458,0.38487035036087036,0.22323152422904968
redkitchen,test,seq-03,redkitchen/seq-03/frame-000730.color.png,-1.0508279,-0.81972468,1.9469543,0.799238078,-0.004203887,0.560529554,0.216811995,-0.7325049638748169,-0.8923159837722778,1.6835217475891113,0.8996267318725586,0.0008707015658728778,0.3778749406337738,0.21881861984729767
redkitchen,test,seq-03,redkitchen/seq-03/frame-000731.color.png,-1.0512263,-0.81683707,1.944604,0.798028299,-0.004499419,0.561416042,0.218958026,-0.8633604645729065,-0.9091461896896362,1.7340803146362305,0.8984693288803101,-0.00938921608030796,0.3825806975364685,0.21516655385494232
redkitchen,test,seq-03,redkitchen/seq-03/frame-000732.color.png,-1.0542384,-0.81097829,1.9392016,0.794467885,-0.006588678,0.564298976,0.224374764,-0.8238878846168518,-0.9034658670425415,1.6925184726715088,0.897396981716156,-0.012128912843763828,0.38477110862731934,0.21559859812259674
redkitchen,test,seq-03,redkitchen/seq-03/frame-000733.color.png,-1.0566247,-0.80567813,1.9369981,0.793046669,-0.007618703,0.565758247,0.225691254,-0.7839556932449341,-0.8809661269187927,1.6449570655822754,0.8992142677307129,-0.00885299127548933,0.38144782185554504,0.21408623456954956
redkitchen,test,seq-03,redkitchen/seq-03/frame-000734.color.png,-1.0608462,-0.80271417,1.935411,0.790520921,-0.00855428,0.566953595,0.231445716,-0.8119217157363892,-0.8439251780509949,1.569193959236145,0.8985782861709595,-0.002088798675686121,0.3791283965110779,0.22094003856182098
redkitchen,test,seq-03,redkitchen/seq-03/frame-000735.color.png,-1.0608439,-0.79891199,1.933202,0.789861665,-0.008556252,0.566986435,0.233605915,-0.7823017835617065,-0.8332048654556274,1.565077304840088,0.8950943350791931,-0.005267701577395201,0.3866625130176544,0.22196942567825317
redkitchen,test,seq-03,redkitchen/seq-03/frame-000736.color.png,-1.0616169,-0.79718751,1.9298155,0.788769543,-0.00806105,0.567302947,0.23652694,-0.7469882369041443,-0.8166443705558777,1.5418002605438232,0.8975971341133118,-0.0022510848939418793,0.38382473587989807,0.21677859127521515
redkitchen,test,seq-03,redkitchen/seq-03/frame-000737.color.png,-1.0641119,-0.78942209,1.9267581,0.786848395,-0.007390205,0.568973597,0.238922653,-0.7483564615249634,-0.8127676844596863,1.5303884744644165,0.8998575806617737,-0.006682540290057659,0.3815684914588928,0.21122784912586212
redkitchen,test,seq-03,redkitchen/seq-03/frame-000738.color.png,-1.0651718,-0.78867233,1.9273452,0.785861767,-0.007827883,0.56954102,0.240796664,-0.7260159254074097,-0.8046597838401794,1.5212795734405518,0.8984212279319763,-0.007471307646483183,0.38506272435188293,0.21097423136234283
redkitchen,test,seq-03,redkitchen/seq-03/frame-000739.color.png,-1.0673711,-0.78350717,1.9241539,0.785628138,-0.00839092,0.569413122,0.241840273,-0.7421451210975647,-0.788055419921875,1.5091749429702759,0.9011150002479553,-0.009049121290445328,0.3804733157157898,0.20772574841976166
redkitchen,test,seq-03,redkitchen/seq-03/frame-000740.color.png,-1.0678781,-0.77923512,1.9195293,0.78404956,-0.009528661,0.570570353,0.244182234,-0.7496408820152283,-0.824547290802002,1.5491280555725098,0.8984619975090027,-0.011141834780573845,0.38286447525024414,0.2146083265542984
redkitchen,test,seq-03,redkitchen/seq-03/frame-000741.color.png,-1.0688879,-0.77863747,1.917219,0.783152278,-0.010546191,0.570975387,0.246065836,-0.7275640964508057,-0.8257697224617004,1.511691927909851,0.896414041519165,-0.010154647752642632,0.38551536202430725,0.21844126284122467
redkitchen,test,seq-03,redkitchen/seq-03/frame-000742.color.png,-1.0719185,-0.77434611,1.9162059,0.782838308,-0.011308359,0.571902483,0.244875183,-0.729487419128418,-0.7850859761238098,1.4840726852416992,0.8967469930648804,-0.004622939042747021,0.38567638397216797,0.2169729471206665
redkitchen,test,seq-03,redkitchen/seq-03/frame-000743.color.png,-1.0714564,-0.7691474,1.9114085,0.781976162,-0.01399606,0.572689406,0.245650639,-0.7481598258018494,-0.747485339641571,1.5058740377426147,0.902916669845581,-0.014535831287503242,0.3710382282733917,0.21647405624389648
redkitchen,test,seq-03,redkitchen/seq-03/frame-000744.color.png,-1.0757914,-0.76684934,1.9091829,0.780164637,-0.015050081,0.573586564,0.249228986,-0.6881892681121826,-0.7407523393630981,1.491092324256897,0.8987966179847717,0.0007302305893972516,0.3799123764038086,0.21870198845863342
redkitchen,test,seq-03,redkitchen/seq-03/frame-000745.color.png,-1.0748049,-0.75928015,1.9018326,0.779879009,-0.015860373,0.573559632,0.250133022,-0.6507896780967712,-0.7046253681182861,1.4836030006408691,0.9048197865486145,-0.010843656025826931,0.36479389667510986,0.21933777630329132
redkitchen,test,seq-03,redkitchen/seq-03/frame-000746.color.png,-1.0773982,-0.75876081,1.9014292,0.778105069,-0.016875553,0.574534069,0.253334404,-0.6558471918106079,-0.763150691986084,1.5226377248764038,0.9030786156654358,-0.02094028703868389,0.3635561764240265,0.227678120136261
redkitchen,test,seq-03,redkitchen/seq-03/frame-000747.color.png,-1.0782326,-0.74946982,1.8904399,0.777372018,-0.018730189,0.575371107,0.253554758,-0.5988600850105286,-0.7288050651550293,1.5554935932159424,0.9052101969718933,-0.019368460401892662,0.36044830083847046,0.22426871955394745
redkitchen,test,seq-03,redkitchen/seq-03/frame-000748.color.png,-1.0799153,-0.74648345,1.889876,0.775126623,-0.020381442,0.577592566,0.25524526,-0.5471879839897156,-0.6913612484931946,1.5027668476104736,0.9079495668411255,-0.022163428366184235,0.35834193229675293,0.2161654531955719
redkitchen,test,seq-03,redkitchen/seq-03/frame-000749.color.png,-1.0810223,-0.74779308,1.8888774,0.773423382,-0.021064663,0.578201173,0.258951649,-0.41052716970443726,-0.6628574728965759,1.4341773986816406,0.9152247905731201,-0.008998336270451546,0.3422810733318329,0.21242932975292206
redkitchen,test,seq-03,redkitchen/seq-03/frame-000750.color.png,-1.0831339,-0.74496549,1.8865801,0.773154038,-0.01963244,0.578169395,0.259937592,-0.4276141822338104,-0.6644061207771301,1.4703384637832642,0.911436915397644,-0.012663564644753933,0.35194119811058044,0.21274341642856598
redkitchen,test,seq-03,redkitchen/seq-03/frame-000751.color.png,-1.0852348,-0.73925161,1.8796459,0.770817284,-0.022022131,0.580167062,0.262224943,-0.3513714075088501,-0.6354312896728516,1.399597406387329,0.912000298500061,-0.009616920724511147,0.3483887314796448,0.2163059115409851
redkitchen,test,seq-03,redkitchen/seq-03/frame-000752.color.png,-1.087024,-0.73491174,1.8759736,0.770035938,-0.023027399,0.581365811,0.26177889,-0.41627857089042664,-0.6577242016792297,1.4912099838256836,0.9023127555847168,-0.014824150130152702,0.3659000098705292,0.22744013369083405
redkitchen,test,seq-03,redkitchen/seq-03/frame-000753.color.png,-1.090771,-0.73316687,1.8788489,0.767950423,-0.024126374,0.583272761,0.263558253,-0.47264569997787476,-0.6388437747955322,1.4265038967132568,0.9055813550949097,-0.01893741451203823,0.36992138624191284,0.20669305324554443
redkitchen,test,seq-03,redkitchen/seq-03/frame-000754.color.png,-1.0934838,-0.72496271,1.8703457,0.766298982,-0.025944644,0.584421063,0.265640297,-0.4369050860404968,-0.611043393611908,1.4175012111663818,0.8942360281944275,-0.025186244398355484,0.3794194161891937,0.23611138761043549
redkitchen,test,seq-03,redkitchen/seq-03/frame-000755.color.png,-1.0957456,-0.7213524,1.8679025,0.764612459,-0.027581389,0.585542,0.267857464,-0.4176834523677826,-0.5948351621627808,1.4061965942382812,0.9064759612083435,-0.01260620728135109,0.3568341135978699,0.22541441023349762
redkitchen,test,seq-03,redkitchen/seq-03/frame-000756.color.png,-1.0974411,-0.72234792,1.867709,0.763134955,-0.027659623,0.585537511,0.272040088,-0.39483368396759033,-0.6133097410202026,1.3568623065948486,0.9063413143157959,-0.019707079976797104,0.3548794686794281,0.2285117655992508
redkitchen,test,seq-03,redkitchen/seq-03/frame-000757.color.png,-1.0984179,-0.71730793,1.8681229,0.763178807,-0.027290215,0.585225224,0.272625733,-0.45759838819503784,-0.6369463801383972,1.4352389574050903,0.9033827781677246,-0.023942764848470688,0.3615145981311798,0.22941984236240387
redkitchen,test,seq-03,redkitchen/seq-03/frame-000758.color.png,-1.0995324,-0.71310705,1.862895,0.762102046,-0.029174759,0.585202725,0.275476088,-0.34320226311683655,-0.6123875975608826,1.4178032875061035,0.9193956255912781,-0.0250315610319376,0.32538899779319763,0.21956108510494232
redkitchen,test,seq-03,redkitchen/seq-03/frame-000759.color.png,-1.1027962,-0.71289104,1.8584975,0.760207228,-0.028349106,0.585607584,0.27990187,-0.30952101945877075,-0.6339361071586609,1.451351284980774,0.9274938702583313,-0.03223901242017746,0.3084008991718292,0.2088172435760498
redkitchen,test,seq-03,redkitchen/seq-03/frame-000760.color.png,-1.1059921,-0.71093029,1.8573533,0.758926577,-0.026097495,0.587414483,0.279809931,-0.30221766233444214,-0.5866289734840393,1.3781070709228516,0.9450974464416504,-0.02362314611673355,0.26720741391181946,0.18663588166236877
redkitchen,test,seq-03,redkitchen/seq-03/frame-000761.color.png,-1.1077129,-0.70897806,1.8588755,0.757615441,-0.025405627,0.58961951,0.278787071,-0.3962237238883972,-0.5678346157073975,1.3209866285324097,0.9245256781578064,-0.018892528489232063,0.31628403067588806,0.21180102229118347
redkitchen,test,seq-03,redkitchen/seq-03/frame-000762.color.png,-1.1084347,-0.70393223,1.8547288,0.757420983,-0.026377212,0.590421974,0.277524035,-0.42013809084892273,-0.5709956288337708,1.353306770324707,0.9293500185012817,-0.019708875566720963,0.30123552680015564,0.21254950761795044
redkitchen,test,seq-03,redkitchen/seq-03/frame-000763.color.png,-1.1126767,-0.70502812,1.8616574,0.754334581,-0.027002036,0.593084712,0.280179859,-0.3543260097503662,-0.5617690682411194,1.312459945678711,0.9359336495399475,-0.03963529318571091,0.2901349663734436,0.1956501603126526
redkitchen,test,seq-03,redkitchen/seq-03/frame-000764.color.png,-1.1161176,-0.70020902,1.8515825,0.754166053,-0.022141679,0.592587622,0.282104984,-0.38002949953079224,-0.5348154902458191,1.23454749584198,0.9408663511276245,-0.018471335992217064,0.2733973562717438,0.19920645654201508
redkitchen,test,seq-03,redkitchen/seq-03/frame-000765.color.png,-1.1164263,-0.69579768,1.8514733,0.752853179,-0.023623558,0.594214571,0.282069251,-0.3134763538837433,-0.5643648505210876,1.3026915788650513,0.9576327800750732,-0.0389726422727108,0.22258032858371735,0.17854568362236023
redkitchen,test,seq-03,redkitchen/seq-03/frame-000766.color.png,-1.1178735,-0.69923121,1.8488841,0.751131165,-0.024589592,0.594496122,0.285957489,-0.2790555953979492,-0.615727961063385,1.3151317834854126,0.9464797973632812,-0.04320657625794411,0.2541031241416931,0.1942700296640396
redkitchen,test,seq-03,redkitchen/seq-03/frame-000767.color.png,-1.1197467,-0.69606501,1.8452091,0.751028575,-0.022217082,0.594957659,0.285460793,-0.2835727035999298,-0.6072883009910583,1.280853271484375,0.9523499011993408,-0.045316893607378006,0.24224445223808289,0.1797039657831192
redkitchen,test,seq-03,redkitchen/seq-03/frame-000768.color.png,-1.1240143,-0.69449413,1.8451478,0.749932667,-0.022807061,0.596389497,0.285307555,-0.28737324476242065,-0.5790655612945557,1.2609004974365234,0.9513492584228516,-0.03514891117811203,0.24368546903133392,0.18524712324142456
redkitchen,test,seq-03,redkitchen/seq-03/frame-000769.color.png,-1.1280359,-0.69238585,1.8397409,0.747862694,-0.024036768,0.599405752,0.284317374,-0.2968297004699707,-0.5902450084686279,1.2451751232147217,0.9560555219650269,-0.03880326449871063,0.22280658781528473,0.1865723580121994
redkitchen,test,seq-03,redkitchen/seq-03/frame-000770.color.png,-1.1342248,-0.69058114,1.8404112,0.746375707,-0.024223701,0.601693851,0.283374356,-0.24195002019405365,-0.6183030009269714,1.3533015251159668,0.9699612259864807,-0.04287594184279442,0.16283227503299713,0.1755639612674713
redkitchen,test,seq-03,redkitchen/seq-03/frame-000771.color.png,-1.1338856,-0.68861705,1.8393433,0.744832783,-0.0240215,0.602728765,0.285245733,-0.10262251645326614,-0.6676437854766846,1.375680685043335,0.9901441931724548,-0.06150025874376297,0.04205814003944397,0.11858914792537689
redkitchen,test,seq-03,redkitchen/seq-03/frame-000772.color.png,-1.1359384,-0.68845087,1.8337922,0.743970778,-0.023608765,0.60257978,0.287832793,-0.11542338132858276,-0.6422787308692932,1.3197815418243408,0.9884703755378723,-0.06467308849096298,0.06548450142145157,0.1202307865023613
redkitchen,test,seq-03,redkitchen/seq-03/frame-000773.color.png,-1.1375271,-0.68551469,1.8325011,0.743626896,-0.022931952,0.603346327,0.287169592,0.020465398207306862,-0.6416793465614319,1.3139070272445679,0.994361162185669,-0.07619795203208923,-0.039294637739658356,0.06241504102945328
redkitchen,test,seq-03,redkitchen/seq-03/frame-000774.color.png,-1.1398076,-0.68259555,1.8345233,0.742392779,-0.024403105,0.604943447,0.286881294,0.0390317365527153,-0.6652339100837708,1.3189491033554077,0.9898118376731873,-0.0983642116189003,-0.10060262680053711,0.021823620423674583
redkitchen,test,seq-03,redkitchen/seq-03/frame-000775.color.png,-1.1424731,-0.68231326,1.8324503,0.740835858,-0.026301317,0.605914376,0.288683635,-0.07656192034482956,-0.7137600183486938,1.3664108514785767,0.9880191683769226,-0.08674047142267227,0.05819693207740784,0.11361055821180344
redkitchen,test,seq-03,redkitchen/seq-03/frame-000776.color.png,-1.1496532,-0.67896217,1.8381436,0.736770222,-0.025073241,0.610373382,0.289802187,-0.16637025773525238,-0.7450267672538757,1.404521107673645,0.9781197905540466,-0.08089829236268997,0.11907412111759186,0.15019455552101135
redkitchen,test,seq-03,redkitchen/seq-03/frame-000777.color.png,-1.1524186,-0.67824614,1.8354725,0.735580629,-0.024378382,0.610212835,0.293201515,-0.08315058797597885,-0.7073661684989929,1.3722202777862549,0.9839482307434082,-0.07218022644519806,0.09726602584123611,0.1310543417930603
redkitchen,test,seq-03,redkitchen/seq-03/frame-000778.color.png,-1.1536359,-0.67412913,1.8334547,0.735494781,-0.023951816,0.610202437,0.293473549,-0.022909533232450485,-0.7432809472084045,1.388968825340271,0.9924851655960083,-0.08146358281373978,0.04843393340706825,0.07740244269371033
redkitchen,test,seq-03,redkitchen/seq-03/frame-000779.color.png,-1.1591803,-0.67634088,1.8422279,0.732511133,-0.024899259,0.61265378,0.295741124,-0.08063340187072754,-0.7484697699546814,1.3904772996902466,0.9919986128807068,-0.09544651210308075,0.048993490636348724,0.06654547899961472
redkitchen,test,seq-03,redkitchen/seq-03/frame-000780.color.png,-1.1609423,-0.67503518,1.8401085,0.731709908,-0.025088032,0.612857501,0.2972825,-0.12398798018693924,-0.6955603957176208,1.3686646223068237,0.9924855828285217,-0.07280939072370529,0.04345514625310898,0.0882205069065094
redkitchen,test,seq-03,redkitchen/seq-03/frame-000781.color.png,-1.1626189,-0.6735096,1.8384286,0.731892636,-0.024381545,0.612592146,0.29743835,-0.14620448648929596,-0.685719907283783,1.3491244316101074,0.9909374117851257,-0.07280221581459045,0.06389115005731583,0.09306363016366959
redkitchen,test,seq-03,redkitchen/seq-03/frame-000782.color.png,-1.1634616,-0.67038399,1.8388524,0.731110958,-0.024945644,0.613673815,0.297084048,-0.3188433051109314,-0.740963339805603,1.431733250617981,0.971322238445282,-0.06921202689409256,0.18023471534252167,0.13877397775650024
redkitchen,test,seq-03,redkitchen/seq-03/frame-000783.color.png,-1.1711278,-0.67108548,1.8435667,0.729125268,-0.025995678,0.615431355,0.298236174,-0.19608986377716064,-0.7043120861053467,1.3336904048919678,0.9849029183387756,-0.0791512057185173,0.10241016000509262,0.11495047062635422
redkitchen,test,seq-03,redkitchen/seq-03/frame-000784.color.png,-1.1713556,-0.66865277,1.8409933,0.729098031,-0.025694727,0.61481664,0.299593628,-0.1755179613828659,-0.7447131872177124,1.349920392036438,0.9815800786018372,-0.0761415883898735,0.1259767860174179,0.12178993225097656
redkitchen,test,seq-03,redkitchen/seq-03/frame-000785.color.png,-1.1733185,-0.66869271,1.8426312,0.729029058,-0.026316707,0.614636255,0.30007722,-0.15016472339630127,-0.7725198268890381,1.370554804801941,0.9869685769081116,-0.08352166414260864,0.09166189283132553,0.10254373401403427
redkitchen,test,seq-03,redkitchen/seq-03/frame-000786.color.png,-1.1739172,-0.66487682,1.8360566,0.73020318,-0.02755537,0.613716923,0.298990898,-0.1959604173898697,-0.8188217282295227,1.4483317136764526,0.9796465635299683,-0.11148381978273392,0.10545427352190018,0.12939605116844177
redkitchen,test,seq-03,redkitchen/seq-03/frame-000787.color.png,-1.1780216,-0.66594911,1.8435372,0.728089126,-0.028809805,0.615937269,0.299462018,-0.280144602060318,-0.8545032739639282,1.495537281036377,0.9686841368675232,-0.1004345491528511,0.1674174964427948,0.1534121334552765
redkitchen,test,seq-03,redkitchen/seq-03/frame-000788.color.png,-1.1815333,-0.66607851,1.8430549,0.72774444,-0.028690922,0.615155715,0.30190778,-0.2955077290534973,-0.8277560472488403,1.4086534976959229,0.9654743671417236,-0.07872805744409561,0.1892542541027069,0.16076064109802246
redkitchen,test,seq-03,redkitchen/seq-03/frame-000789.color.png,-1.1823918,-0.66546577,1.8413668,0.728246325,-0.027313668,0.61391891,0.303339456,-0.2558748424053192,-0.8491894602775574,1.4509541988372803,0.9636677503585815,-0.08217025548219681,0.18665163218975067,0.17249269783496857
redkitchen,test,seq-03,redkitchen/seq-03/frame-000790.color.png,-1.1868382,-0.66289711,1.8410439,0.727555079,-0.027914707,0.614500599,0.303765352,-0.18027900159358978,-0.8441508412361145,1.4855797290802002,0.977199137210846,-0.0916140154004097,0.1332976371049881,0.1375519335269928
redkitchen,test,seq-03,redkitchen/seq-03/frame-000791.color.png,-1.1898625,-0.66284853,1.8425739,0.727711339,-0.028063915,0.614229476,0.303925606,-0.29966655373573303,-0.8909978270530701,1.5602720975875854,0.9444172382354736,-0.09510768204927444,0.23268991708755493,0.21186313033103943
redkitchen,test,seq-03,redkitchen/seq-03/frame-000792.color.png,-1.1921234,-0.6606338,1.8402196,0.72808904,-0.028292995,0.613718738,0.304031524,-0.31147027015686035,-0.8995200991630554,1.5336949825286865,0.9563986659049988,-0.08885930478572845,0.19185198843479156,0.2014903426170349
redkitchen,test,seq-03,redkitchen/seq-03/frame-000793.color.png,-1.1929913,-0.65864468,1.8389752,0.728143124,-0.028631432,0.613635681,0.304037964,-0.2652435898780823,-0.9084714651107788,1.5367412567138672,0.9678447842597961,-0.09564118832349777,0.15841899812221527,0.17039000988006592
redkitchen,test,seq-03,redkitchen/seq-03/frame-000794.color.png,-1.1935123,-0.65603262,1.8353846,0.728312633,-0.029182385,0.613111432,0.304636618,-0.28127261996269226,-0.9096131920814514,1.5115265846252441,0.9654868841171265,-0.08805205672979355,0.1673830896615982,0.17906668782234192
redkitchen,test,seq-03,redkitchen/seq-03/frame-000795.color.png,-1.1990248,-0.65897989,1.8423175,0.727069776,-0.029277666,0.614045111,0.305713853,-0.2735035717487335,-0.8960140347480774,1.477486491203308,0.9684625267982483,-0.08540359884500504,0.16363409161567688,0.16736312210559845
redkitchen,test,seq-03,redkitchen/seq-03/frame-000796.color.png,-1.1988751,-0.65643328,1.8413725,0.727219235,-0.029580245,0.614000336,0.305419026,-0.3428663909435272,-0.8855056762695312,1.4591981172561646,0.9534404277801514,-0.0830884724855423,0.21657802164554596,0.19272147119045258
redkitchen,test,seq-03,redkitchen/seq-03/frame-000797.color.png,-1.2018652,-0.65438545,1.8406172,0.726998012,-0.030545395,0.613967416,0.305916462,-0.35673025250434875,-0.9168815612792969,1.5349112749099731,0.9457534551620483,-0.06493517756462097,0.2275174856185913,0.22264239192008972
redkitchen,test,seq-03,redkitchen/seq-03/frame-000798.color.png,-1.2048243,-0.65458149,1.8407202,0.726615776,-0.031032319,0.613652393,0.307404049,-0.21844761073589325,-0.9304852485656738,1.475658893585205,0.9795190691947937,-0.0686117634177208,0.1160888597369194,0.14952635765075684
redkitchen,test,seq-03,redkitchen/seq-03/frame-000799.color.png,-1.2069403,-0.64970553,1.8405774,0.727391552,-0.03338442,0.613193767,0.306235881,-0.18534953892230988,-0.9631664752960205,1.5719401836395264,0.9823135733604431,-0.09171675890684128,0.09146711230278015,0.1352100819349289
redkitchen,test,seq-03,redkitchen/seq-03/frame-000800.color.png,-1.2077456,-0.64903164,1.8338528,0.726756566,-0.033839115,0.612400063,0.309266828,-0.09650643169879913,-0.9226239919662476,1.455034852027893,0.9945133924484253,-0.08408816158771515,0.01306657213717699,0.06084088236093521
redkitchen,test,seq-03,redkitchen/seq-03/frame-000801.color.png,-1.2119538,-0.65128648,1.8374847,0.726494596,-0.031323444,0.612129925,0.310678933,-0.11963088065385818,-0.9310938119888306,1.5141279697418213,0.9928301572799683,-0.09124919027090073,0.027084581553936005,0.07230650633573532
redkitchen,test,seq-03,redkitchen/seq-03/frame-000802.color.png,-1.2125372,-0.64793009,1.8357019,0.727576701,-0.02986163,0.611675397,0.309182206,-0.14567795395851135,-0.8953725099563599,1.5201592445373535,0.9904630780220032,-0.08776188641786575,0.04839828982949257,0.09454227238893509
redkitchen,test,seq-03,redkitchen/seq-03/frame-000803.color.png,-1.2122399,-0.64620745,1.8393551,0.727067165,-0.031525069,0.612469974,0.308642249,-0.2632029056549072,-0.9312562942504883,1.524692416191101,0.9690718054771423,-0.08483390510082245,0.16239754855632782,0.16531847417354584
redkitchen,test,seq-03,redkitchen/seq-03/frame-000804.color.png,-1.2121335,-0.64730585,1.8364527,0.726723718,-0.032826809,0.611928175,0.310385157,-0.2101598083972931,-0.8949024677276611,1.438909649848938,0.9841272830963135,-0.09120549261569977,0.10808252543210983,0.10720628499984741
redkitchen,test,seq-03,redkitchen/seq-03/frame-000805.color.png,-1.2174784,-0.64642698,1.8394612,0.726578209,-0.031402917,0.612300271,0.31013923,-0.3494051396846771,-0.873367190361023,1.470056414604187,0.9450585842132568,-0.0763508602976799,0.24696215987205505,0.2001112848520279
redkitchen,test,seq-03,redkitchen/seq-03/frame-000806.color.png,-1.2158302,-0.64372933,1.8376683,0.726986572,-0.031150108,0.611309296,0.311160952,-0.20293577015399933,-0.866472601890564,1.4153095483779907,0.9819125533103943,-0.08863430470228195,0.11166103929281235,0.1245933473110199
redkitchen,test,seq-03,redkitchen/seq-03/frame-000807.color.png,-1.2172781,-0.64157295,1.835443,0.728003826,-0.032068609,0.610189053,0.310888008,-0.20786337554454803,-0.84717857837677,1.420691967010498,0.977546751499176,-0.08999010920524597,0.1413179337978363,0.12780234217643738
redkitchen,test,seq-03,redkitchen/seq-03/frame-000808.color.png,-1.2176709,-0.6408779,1.8372064,0.728320798,-0.034387738,0.610196193,0.309882081,-0.3065040707588196,-0.844687283039093,1.3831760883331299,0.9622669816017151,-0.0894923061132431,0.19622187316417694,0.16592273116111755
redkitchen,test,seq-03,redkitchen/seq-03/frame-000809.color.png,-1.2206595,-0.64209956,1.839178,0.727039814,-0.035714116,0.611239392,0.310683146,-0.24885235726833344,-0.8759864568710327,1.3936071395874023,0.9703945517539978,-0.09339967370033264,0.15418365597724915,0.16074244678020477
redkitchen,test,seq-03,redkitchen/seq-03/frame-000810.color.png,-1.2227117,-0.639862,1.8377365,0.727523508,-0.034873631,0.610942362,0.310230247,-0.20851437747478485,-0.8702466487884521,1.3581899404525757,0.9705104827880859,-0.08908141404390335,0.1542634516954422,0.1624087691307068
redkitchen,test,seq-03,redkitchen/seq-03/frame-000811.color.png,-1.2230808,-0.63723183,1.8388139,0.727922586,-0.035038324,0.610484019,0.310177832,-0.2700628340244293,-0.9085483551025391,1.442078948020935,0.9506113529205322,-0.08184261620044708,0.21976540982723236,0.20332981646060944
redkitchen,test,seq-03,redkitchen/seq-03/frame-000812.color.png,-1.225983,-0.63818359,1.8394389,0.727467517,-0.037929117,0.610722501,0.310435855,-0.2288024127483368,-0.8690910339355469,1.4292222261428833,0.9672951102256775,-0.08409591019153595,0.1645776778459549,0.17373031377792358
redkitchen,test,seq-03,redkitchen/seq-03/frame-000813.color.png,-1.2245532,-0.63230813,1.832732,0.727565642,-0.038542142,0.610998671,0.309585793,-0.36616235971450806,-0.9322772026062012,1.4430139064788818,0.9270223379135132,-0.06974908709526062,0.27753251791000366,0.24236416816711426
redkitchen,test,seq-03,redkitchen/seq-03/frame-000814.color.png,-1.2296104,-0.63251269,1.8342912,0.727364241,-0.038796139,0.61076749,0.310482196,-0.2780427932739258,-0.9067078232765198,1.4615943431854248,0.950386643409729,-0.0643804669380188,0.21769392490386963,0.2126726359128952
redkitchen,test,seq-03,redkitchen/seq-03/frame-000815.color.png,-1.2315433,-0.63267297,1.8330181,0.726905474,-0.038911595,0.610478884,0.312105513,-0.23368248343467712,-0.910677969455719,1.4205310344696045,0.9583864212036133,-0.06969591975212097,0.19608119130134583,0.19542306661605835
redkitchen,test,seq-03,redkitchen/seq-03/frame-000816.color.png,-1.2312992,-0.63258272,1.8282288,0.726903995,-0.038646345,0.610637004,0.311832473,-0.3194882273674011,-0.9338389039039612,1.476925253868103,0.9342560172080994,-0.06624048203229904,0.2687913775444031,0.2247869074344635
redkitchen,test,seq-03,redkitchen/seq-03/frame-000817.color.png,-1.2365891,-0.62882096,1.8284969,0.726363181,-0.038521653,0.61206168,0.310311313,-0.2746765613555908,-0.9210679531097412,1.391857624053955,0.943778932094574,-0.07894661277532578,0.24199189245700836,0.21092362701892853
redkitchen,test,seq-03,redkitchen/seq-03/frame-000818.color.png,-1.2375871,-0.62918484,1.8295538,0.725626621,-0.040499319,0.612411747,0.311091086,-0.31643158197402954,-0.9271788001060486,1.385785698890686,0.923382043838501,-0.08146768063306808,0.29167184233665466,0.23591569066047668
redkitchen,test,seq-03,redkitchen/seq-03/frame-000819.color.png,-1.2405758,-0.62962234,1.8309976,0.725333225,-0.041569374,0.612416067,0.311625194,-0.3242684602737427,-0.9022369980812073,1.366823673248291,0.9205188751220703,-0.0707312673330307,0.3056768774986267,0.23281708359718323
redkitchen,test,seq-03,redkitchen/seq-03/frame-000820.color.png,-1.2395593,-0.6262989,1.8241398,0.725561179,-0.042833153,0.612149474,0.311447134,-0.20664091408252716,-0.8583534955978394,1.315588355064392,0.9470922350883484,-0.08038997650146484,0.23493897914886475,0.20336519181728363
redkitchen,test,seq-03,redkitchen/seq-03/frame-000821.color.png,-1.2412988,-0.62859285,1.8288343,0.724187664,-0.044846128,0.613745541,0.311219317,-0.188007190823555,-0.8456289172172546,1.295461893081665,0.9395323395729065,-0.07104905694723129,0.24998004734516144,0.22302678227424622
redkitchen,test,seq-03,redkitchen/seq-03/frame-000822.color.png,-1.2435802,-0.62544489,1.8229593,0.724033185,-0.046340088,0.614076865,0.310705885,-0.3664461076259613,-0.870623767375946,1.3693252801895142,0.8956076502799988,-0.05964725837111473,0.33863136172294617,0.28223732113838196
redkitchen,test,seq-03,redkitchen/seq-03/frame-000823.color.png,-1.2440759,-0.62517953,1.8210505,0.72295436,-0.04688827,0.614857171,0.311591307,-0.3783669173717499,-0.8515225052833557,1.3939564228057861,0.8944004774093628,-0.06248478591442108,0.3395374119281769,0.284355103969574
redkitchen,test,seq-03,redkitchen/seq-03/frame-000824.color.png,-1.2472415,-0.62480611,1.8214767,0.722038268,-0.047158576,0.6158471,0.311719678,-0.4490441679954529,-0.8978309631347656,1.4818065166473389,0.8639472126960754,-0.05491478741168976,0.3855811655521393,0.31922847032546997
redkitchen,test,seq-03,redkitchen/seq-03/frame-000825.color.png,-1.2486852,-0.62502342,1.8190852,0.721191419,-0.04775996,0.616492786,0.312311653,-0.4368986487388611,-0.9076012372970581,1.4785890579223633,0.8682417869567871,-0.054082270711660385,0.37872180342674255,0.31591299176216125
redkitchen,test,seq-03,redkitchen/seq-03/frame-000826.color.png,-1.2483001,-0.6204477,1.811041,0.721139827,-0.047627871,0.617065179,0.311318969,-0.4806532859802246,-0.8584495782852173,1.4665218591690063,0.8510383367538452,-0.05767921730875969,0.40987980365753174,0.32311832904815674
redkitchen,test,seq-03,redkitchen/seq-03/frame-000827.color.png,-1.2486417,-0.62189245,1.8139246,0.719677732,-0.048718434,0.618221497,0.312238142,-0.3742124140262604,-0.8683575987815857,1.4446702003479004,0.9008207321166992,-0.05092962086200714,0.3278953433036804,0.28002285957336426
redkitchen,test,seq-03,redkitchen/seq-03/frame-000828.color.png,-1.2474239,-0.62269676,1.8096592,0.719699677,-0.049621533,0.618019742,0.312444679,-0.34390586614608765,-0.7940341234207153,1.3514363765716553,0.9367160201072693,-0.05754343420267105,0.25175997614860535,0.23636575043201447
redkitchen,test,seq-03,redkitchen/seq-03/frame-000829.color.png,-1.2321534,-0.59985441,1.7667103,0.731662242,-0.049640177,0.607910855,0.304385624,-0.22327199578285217,-0.8342424035072327,1.3536567687988281,0.9711294174194336,-0.06387532502412796,0.14832033216953278,0.17558100819587708
redkitchen,test,seq-03,redkitchen/seq-03/frame-000830.color.png,-1.2338985,-0.59660703,1.7619123,0.731853541,-0.050026319,0.608051997,0.303579532,-0.396310418844223,-0.875312864780426,1.4198988676071167,0.9099506139755249,-0.048465192317962646,0.3082595765590668,0.27316126227378845
redkitchen,test,seq-03,redkitchen/seq-03/frame-000831.color.png,-1.232604,-0.5959745,1.7560145,0.731742271,-0.049871573,0.607316921,0.305339535,-0.3274536430835724,-0.8236021399497986,1.3399618864059448,0.9465052485466003,-0.06186050549149513,0.22416839003562927,0.2237178385257721
redkitchen,test,seq-03,redkitchen/seq-03/frame-000832.color.png,-1.2358011,-0.59681135,1.7569952,0.729420167,-0.048522365,0.609756184,0.306250219,-0.3053244948387146,-0.8110227584838867,1.350840449333191,0.936335563659668,-0.05819695442914963,0.25634536147117615,0.2327573299407959
redkitchen,test,seq-03,redkitchen/seq-03/frame-000833.color.png,-1.2388923,-0.59617257,1.7597071,0.727411584,-0.049107186,0.611874294,0.306709504,-0.22836370766162872,-0.7840548753738403,1.342695713043213,0.9549447894096375,-0.04303492605686188,0.2176077663898468,0.19716817140579224
redkitchen,test,seq-03,redkitchen/seq-03/frame-000834.color.png,-1.2397087,-0.59722185,1.7611032,0.725937488,-0.050091366,0.612514324,0.308758517,-0.3227366805076599,-0.8058149218559265,1.38605797290802,0.9176691174507141,-0.06049402058124542,0.29847270250320435,0.25522130727767944
redkitchen,test,seq-03,redkitchen/seq-03/frame-000835.color.png,-1.2389317,-0.59663236,1.7550356,0.725729144,-0.049598331,0.611675588,0.310982621,-0.16180503368377686,-0.771472692489624,1.2820329666137695,0.9603056311607361,-0.06674256920814514,0.19223688542842865,0.19079691171646118
redkitchen,test,seq-03,redkitchen/seq-03/frame-000836.color.png,-1.2433039,-0.59584075,1.7582097,0.723173091,-0.04829025,0.613987137,0.312583634,-0.3440397083759308,-0.7649808526039124,1.289524793624878,0.9255855679512024,-0.06603865325450897,0.2901290953159332,0.23399871587753296
redkitchen,test,seq-03,redkitchen/seq-03/frame-000837.color.png,-1.2417192,-0.59547448,1.7558523,0.722771283,-0.050409667,0.613723059,0.313694987,-0.2217215597629547,-0.7739744782447815,1.2821613550186157,0.9476655721664429,-0.061927735805511475,0.24421557784080505,0.1960957795381546
redkitchen,test,seq-03,redkitchen/seq-03/frame-000838.color.png,-1.2423406,-0.59656912,1.75458,0.719131496,-0.051796986,0.617574444,0.31427499,-0.5416431427001953,-0.7489343285560608,1.310626745223999,0.8591099977493286,-0.07073302567005157,0.40758368372917175,0.30133408308029175
redkitchen,test,seq-03,redkitchen/seq-03/frame-000839.color.png,-1.2477206,-0.59620744,1.7569304,0.715463036,-0.053110365,0.622020957,0.313658833,-0.5755141973495483,-0.7046273946762085,1.198983907699585,0.8913009762763977,-0.08461521565914154,0.3556443750858307,0.2682163417339325
redkitchen,test,seq-03,redkitchen/seq-03/frame-000840.color.png,-1.2488393,-0.59745789,1.7629163,0.713484712,-0.054473822,0.62383992,0.314318187,-0.4214669167995453,-0.7549930810928345,1.233346700668335,0.9032611846923828,-0.07629550248384476,0.33555832505226135,0.2563181221485138
redkitchen,test,seq-03,redkitchen/seq-03/frame-000841.color.png,-1.2506907,-0.60169643,1.7589337,0.713167436,-0.053611386,0.622507744,0.317808332,-0.42736929655075073,-0.7575722336769104,1.2735216617584229,0.9063578844070435,-0.08228617906570435,0.3268015384674072,0.2548433542251587
redkitchen,test,seq-03,redkitchen/seq-03/frame-000842.color.png,-1.2556471,-0.60166645,1.7638991,0.711854691,-0.051740698,0.624515309,0.317122102,-0.40858399868011475,-0.7146250009536743,1.2056432962417603,0.9211045503616333,-0.08393014967441559,0.29525071382522583,0.23947681486606598
redkitchen,test,seq-03,redkitchen/seq-03/frame-000843.color.png,-1.2568105,-0.6019206,1.7698612,0.709425326,-0.053333993,0.626501397,0.318382147,-0.43077170848846436,-0.7269232273101807,1.2811840772628784,0.893771231174469,-0.0765562579035759,0.3461732864379883,0.27472931146621704
redkitchen,test,seq-03,redkitchen/seq-03/frame-000844.color.png,-1.2559036,-0.60599309,1.7694095,0.709446122,-0.054482337,0.624897816,0.321279621,-0.3527597486972809,-0.7174457311630249,1.2552486658096313,0.903745174407959,-0.07785185426473618,0.3266424238681793,0.2654966115951538
redkitchen,test,seq-03,redkitchen/seq-03/frame-000845.color.png,-1.2598362,-0.60718232,1.7684271,0.709056841,-0.052712449,0.624959672,0.322312275,-0.27475613355636597,-0.6850998401641846,1.1675490140914917,0.936388373374939,-0.08173182606697083,0.2653978168964386,0.21461769938468933
redkitchen,test,seq-03,redkitchen/seq-03/frame-000846.color.png,-1.2623943,-0.60607857,1.7697064,0.708393727,-0.051880301,0.625736516,0.322398163,-0.33191153407096863,-0.7217485308647156,1.218630313873291,0.9153479933738708,-0.07478338479995728,0.30729612708091736,0.24922792613506317
redkitchen,test,seq-03,redkitchen/seq-03/frame-000847.color.png,-1.2652152,-0.61087435,1.7729671,0.706993687,-0.052582051,0.626245142,0.324364111,-0.3846544623374939,-0.7167430520057678,1.2523084878921509,0.8892654776573181,-0.07876371592283249,0.3552253842353821,0.27716064453125
redkitchen,test,seq-03,redkitchen/seq-03/frame-000848.color.png,-1.2642647,-0.61157072,1.7688882,0.707035638,-0.052458077,0.626834468,0.323152143,-0.41956961154937744,-0.7088800668716431,1.2544349431991577,0.9112628102302551,-0.07763098925352097,0.3089733421802521,0.2609767019748688
redkitchen,test,seq-03,redkitchen/seq-03/frame-000849.color.png,-1.2671764,-0.6093232,1.7658876,0.707250606,-0.052790713,0.627830161,0.32068522,-0.4367116689682007,-0.7552072405815125,1.3007378578186035,0.8905866742134094,-0.07449550926685333,0.34746479988098145,0.28385570645332336
redkitchen,test,seq-03,redkitchen/seq-03/frame-000850.color.png,-1.2691056,-0.61317241,1.7688551,0.705097733,-0.05243783,0.629492829,0.322220793,-0.34426870942115784,-0.7316721677780151,1.25923752784729,0.9220965504646301,-0.08838009089231491,0.2911555767059326,0.2390717715024948
redkitchen,test,seq-03,redkitchen/seq-03/frame-000851.color.png,-1.2719496,-0.61402071,1.7668977,0.705750086,-0.050938803,0.629124594,0.321751922,-0.35017257928848267,-0.7283914685249329,1.2454553842544556,0.925510823726654,-0.0766892284154892,0.28018468618392944,0.24299174547195435
redkitchen,test,seq-03,redkitchen/seq-03/frame-000852.color.png,-1.2734429,-0.61609018,1.7663047,0.705598194,-0.050929664,0.629855441,0.320654771,-0.43629494309425354,-0.7337241768836975,1.2770153284072876,0.9085570573806763,-0.08280214667320251,0.31619876623153687,0.26016589999198914
redkitchen,test,seq-03,redkitchen/seq-03/frame-000853.color.png,-1.2794001,-0.6174289,1.7672594,0.705079137,-0.051374601,0.63215318,0.317185148,-0.5254929065704346,-0.7563223242759705,1.2806400060653687,0.9102553725242615,-0.07174993306398392,0.315974622964859,0.25777339935302734
redkitchen,test,seq-03,redkitchen/seq-03/frame-000854.color.png,-1.281005,-0.61726862,1.7707845,0.705716118,-0.051752123,0.632539722,0.314928529,-0.5775283575057983,-0.754248857498169,1.288954496383667,0.8767685890197754,-0.07711809873580933,0.3726247251033783,0.2940755784511566
redkitchen,test,seq-03,redkitchen/seq-03/frame-000855.color.png,-1.2810806,-0.61920756,1.7679931,0.707028498,-0.05144975,0.630715061,0.315693107,-0.49235856533050537,-0.719624400138855,1.2326250076293945,0.9153938889503479,-0.08079256117343903,0.30459848046302795,0.2504923641681671
redkitchen,test,seq-03,redkitchen/seq-03/frame-000856.color.png,-1.2864647,-0.6194281,1.772531,0.707912206,-0.050811877,0.630462753,0.314317004,-0.5199270844459534,-0.7474772334098816,1.2707083225250244,0.9015545845031738,-0.08054020255804062,0.33246541023254395,0.2649138569831848
redkitchen,test,seq-03,redkitchen/seq-03/frame-000857.color.png,-1.2821991,-0.61204201,1.7555094,0.714141927,-0.051889893,0.624529323,0.31188439,-0.4689999520778656,-0.6728287935256958,1.2277343273162842,0.9136276841163635,-0.07889718562364578,0.3136356472969055,0.24635818600654602
redkitchen,test,seq-03,redkitchen/seq-03/frame-000858.color.png,-1.2850684,-0.61185348,1.7527449,0.715958766,-0.052028102,0.622188079,0.31237496,-0.4413753151893616,-0.6983698606491089,1.2100707292556763,0.9007633328437805,-0.06643973290920258,0.3444426357746124,0.2560671865940094
redkitchen,test,seq-03,redkitchen/seq-03/frame-000859.color.png,-1.2844499,-0.61182851,1.7488841,0.718969885,-0.051922034,0.619174669,0.311462897,-0.4657626152038574,-0.7351900339126587,1.280239224433899,0.8989468216896057,-0.07735487818717957,0.3447272777557373,0.2589864432811737
redkitchen,test,seq-03,redkitchen/seq-03/frame-000860.color.png,-1.28746,-0.60756594,1.744149,0.72259057,-0.052753705,0.616949664,0.30733211,-0.4664495885372162,-0.7380510568618774,1.3136459589004517,0.8847438097000122,-0.07389795035123825,0.3769349455833435,0.263983815908432
redkitchen,test,seq-03,redkitchen/seq-03/frame-000861.color.png,-1.2885914,-0.60638791,1.742978,0.723896963,-0.056078487,0.616151446,0.30526347,-0.5264926552772522,-0.7327110171318054,1.3282750844955444,0.8778464794158936,-0.07926061004400253,0.38830074667930603,0.26893457770347595
redkitchen,test,seq-03,redkitchen/seq-03/frame-000862.color.png,-1.2855301,-0.60455412,1.7339593,0.72742304,-0.057806192,0.612190495,0.304527442,-0.43551722168922424,-0.7305856943130493,1.3353519439697266,0.8756535649299622,-0.0733502060174942,0.3817843496799469,0.28651583194732666
redkitchen,test,seq-03,redkitchen/seq-03/frame-000863.color.png,-1.2877901,-0.60330707,1.7304136,0.730540748,-0.056543054,0.609162743,0.303370816,-0.5402379631996155,-0.7151380777359009,1.3114550113677979,0.8722419738769531,-0.07723163068294525,0.39673396944999695,0.27537500858306885
redkitchen,test,seq-03,redkitchen/seq-03/frame-000864.color.png,-1.2856603,-0.59730995,1.7227453,0.734587965,-0.057463652,0.605522011,0.300701755,-0.6117295026779175,-0.717764139175415,1.4120962619781494,0.8256027698516846,-0.06632061302661896,0.46525678038597107,0.3122783303260803
redkitchen,test,seq-03,redkitchen/seq-03/frame-000865.color.png,-1.2885879,-0.59635991,1.7133771,0.737002875,-0.059491239,0.602682784,0.300101678,-0.5631698369979858,-0.7209603190422058,1.3744838237762451,0.8460367321968079,-0.07193849235773087,0.44355297088623047,0.286892831325531
redkitchen,test,seq-03,redkitchen/seq-03/frame-000866.color.png,-1.290181,-0.59640425,1.7152743,0.737557221,-0.058560722,0.602916977,0.298447828,-0.7332437634468079,-0.658544659614563,1.3754901885986328,0.815115213394165,-0.06723416596651077,0.48902246356010437,0.3031894266605377
redkitchen,test,seq-03,redkitchen/seq-03/frame-000867.color.png,-1.2917321,-0.59230483,1.7131277,0.739544024,-0.057894615,0.601014099,0.297497736,-0.7371025085449219,-0.7153978943824768,1.4529913663864136,0.8002133965492249,-0.06825318187475204,0.4978565275669098,0.3273208737373352
redkitchen,test,seq-03,redkitchen/seq-03/frame-000868.color.png,-1.2915419,-0.59301507,1.7070591,0.741649691,-0.059692253,0.59709515,0.299783176,-0.6353641748428345,-0.7257012128829956,1.4879993200302124,0.7983757853507996,-0.0690440684556961,0.5051398277282715,0.3204105496406555
redkitchen,test,seq-03,redkitchen/seq-03/frame-000869.color.png,-1.2944219,-0.58739054,1.6994342,0.744307147,-0.059277821,0.595350649,0.296733239,-0.7390774488449097,-0.7228280305862427,1.4886975288391113,0.8000966310501099,-0.06630405783653259,0.5083480477333069,0.311498761177063
redkitchen,test,seq-03,redkitchen/seq-03/frame-000870.color.png,-1.2958283,-0.58636796,1.6997036,0.745230384,-0.06019084,0.594313066,0.296311857,-0.7936099171638489,-0.7175993919372559,1.4919826984405518,0.7658188939094543,-0.07109227776527405,0.5431724190711975,0.33679527044296265
redkitchen,test,seq-03,redkitchen/seq-03/frame-000871.color.png,-1.2952342,-0.58411103,1.6924673,0.747771217,-0.060160111,0.591158833,0.296226605,-0.8178459405899048,-0.7272442579269409,1.5247788429260254,0.7534782290458679,-0.06460096687078476,0.5497742295265198,0.3547471761703491
redkitchen,test,seq-03,redkitchen/seq-03/frame-000872.color.png,-1.2963517,-0.58162856,1.6854279,0.749840102,-0.059869293,0.589301293,0.294753245,-0.6948153972625732,-0.7375081181526184,1.5028338432312012,0.7843497395515442,-0.07057254761457443,0.5183709859848022,0.33332645893096924
redkitchen,test,seq-03,redkitchen/seq-03/frame-000873.color.png,-1.2982332,-0.58186501,1.6867687,0.750010266,-0.060678068,0.589571397,0.293612567,-0.6155813336372375,-0.7608727812767029,1.5353238582611084,0.7767058610916138,-0.06022258847951889,0.5219541192054749,0.3473688066005707
redkitchen,test,seq-03,redkitchen/seq-03/frame-000874.color.png,-1.3001564,-0.57891411,1.6807129,0.752405482,-0.059959182,0.587179232,0.292423385,-0.677786111831665,-0.7371472716331482,1.516292929649353,0.7672355771064758,-0.06806842237710953,0.5355702042579651,0.34623807668685913
redkitchen,test,seq-03,redkitchen/seq-03/frame-000875.color.png,-1.298965,-0.57728487,1.6774191,0.75492741,-0.058745523,0.58401546,0.292505577,-0.7165406942367554,-0.7418721318244934,1.5415116548538208,0.7604573369026184,-0.07269266992807388,0.5448511838912964,0.3457711637020111
redkitchen,test,seq-03,redkitchen/seq-03/frame-000876.color.png,-1.3004909,-0.57626337,1.6739295,0.756516,-0.058203762,0.582368381,0.29179262,-0.7151135802268982,-0.7420210838317871,1.5784121751785278,0.7464023232460022,-0.06482400745153427,0.5582485795021057,0.3564265966415405
redkitchen,test,seq-03,redkitchen/seq-03/frame-000877.color.png,-1.3007674,-0.57362223,1.6701149,0.757403779,-0.058871164,0.581839217,0.290408036,-0.7789211869239807,-0.7238078713417053,1.5820186138153076,0.7389041185379028,-0.0662652775645256,0.5682510137557983,0.35597798228263855
redkitchen,test,seq-03,redkitchen/seq-03/frame-000878.color.png,-1.3027116,-0.5699746,1.6606165,0.760018813,-0.059393619,0.579256043,0.288628202,-0.8055289387702942,-0.7203022241592407,1.595023274421692,0.7332549095153809,-0.06043407320976257,0.5763378143310547,0.35569626092910767
redkitchen,test,seq-03,redkitchen/seq-03/frame-000879.color.png,-1.3036116,-0.56934398,1.6590985,0.76113504,-0.058076098,0.57827499,0.287921263,-0.7570963501930237,-0.730675458908081,1.6237599849700928,0.7175182700157166,-0.05823112651705742,0.587065577507019,0.37031155824661255
redkitchen,test,seq-03,redkitchen/seq-03/frame-000880.color.png,-1.3042735,-0.56696314,1.6557127,0.7633994,-0.057617739,0.575963654,0.286648602,-0.7173320651054382,-0.7155493497848511,1.5658800601959229,0.7699523568153381,-0.063014455139637,0.5421037673950195,0.3306450843811035
redkitchen,test,seq-03,redkitchen/seq-03/frame-000881.color.png,-1.3054872,-0.56513995,1.6519061,0.764528728,-0.058838421,0.574787284,0.285750665,-0.7219648361206055,-0.6741929650306702,1.5572001934051514,0.7758764624595642,-0.06530602276325226,0.5374329686164856,0.32390862703323364
redkitchen,test,seq-03,redkitchen/seq-03/frame-000882.color.png,-1.306254,-0.56440204,1.6506242,0.765303277,-0.058756671,0.573812494,0.285653233,-0.6413086652755737,-0.6687957644462585,1.5250046253204346,0.7873599529266357,-0.06477329134941101,0.5226998329162598,0.3203960955142975
redkitchen,test,seq-03,redkitchen/seq-03/frame-000883.color.png,-1.3076005,-0.56151766,1.6448257,0.768040564,-0.057799227,0.570666526,0.28480284,-0.6341886520385742,-0.6865271925926208,1.5174585580825806,0.8009467720985413,-0.06629814207553864,0.5054743885993958,0.31398171186447144
redkitchen,test,seq-03,redkitchen/seq-03/frame-000884.color.png,-1.3066201,-0.56047714,1.6424464,0.770022025,-0.058121529,0.568601875,0.28351345,-0.705449104309082,-0.6477495431900024,1.4916067123413086,0.7795430421829224,-0.06447222083806992,0.5281753540039062,0.33043429255485535
redkitchen,test,seq-03,redkitchen/seq-03/frame-000885.color.png,-1.3069751,-0.55818444,1.6365064,0.77244746,-0.05892567,0.566387285,0.281172775,-0.7228263020515442,-0.6684064865112305,1.5204349756240845,0.7722448110580444,-0.06298327445983887,0.5379671454429626,0.3320579528808594
redkitchen,test,seq-03,redkitchen/seq-03/frame-000886.color.png,-1.3083254,-0.55825961,1.6343907,0.773501412,-0.05975349,0.565719854,0.279438961,-0.7679162621498108,-0.6656866669654846,1.527603030204773,0.7781834006309509,-0.06234659627079964,0.5322749614715576,0.32745516300201416
redkitchen,test,seq-03,redkitchen/seq-03/frame-000887.color.png,-1.3085911,-0.55724144,1.6337337,0.774549573,-0.059280547,0.564817894,0.278459193,-0.7695074081420898,-0.6713979244232178,1.5179226398468018,0.7789052128791809,-0.06343265622854233,0.5317883491516113,0.32631903886795044
redkitchen,test,seq-03,redkitchen/seq-03/frame-000888.color.png,-1.3098432,-0.55654991,1.630677,0.776960791,-0.05901113,0.562554537,0.276372953,-0.938133180141449,-0.662506103515625,1.5624383687973022,0.7539146542549133,-0.06664343178272247,0.5599439740180969,0.3370964527130127
redkitchen,test,seq-03,redkitchen/seq-03/frame-000889.color.png,-1.3084047,-0.55453128,1.6273886,0.77869607,-0.058986755,0.561263115,0.274110763,-0.8970919847488403,-0.677375078201294,1.5593775510787964,0.7661088705062866,-0.0641452819108963,0.5467549562454224,0.3316950500011444
redkitchen,test,seq-03,redkitchen/seq-03/frame-000890.color.png,-1.3104198,-0.55303442,1.6259289,0.780001329,-0.059218512,0.559969058,0.272994045,-0.8788595199584961,-0.6656348705291748,1.548298716545105,0.7669107913970947,-0.06327908486127853,0.5476546883583069,0.3285084366798401
redkitchen,test,seq-03,redkitchen/seq-03/frame-000891.color.png,-1.3102202,-0.55284333,1.6251681,0.781480209,-0.058752033,0.558254021,0.272377184,-0.9189946055412292,-0.6647520065307617,1.5419200658798218,0.7573919892311096,-0.06077545881271362,0.5560716390609741,0.3368206024169922
redkitchen,test,seq-03,redkitchen/seq-03/frame-000892.color.png,-1.3101041,-0.55181098,1.6236775,0.783224919,-0.058466372,0.555964504,0.272110051,-0.9461665749549866,-0.6287022233009338,1.4806934595108032,0.7675272226333618,-0.058294352144002914,0.5440371036529541,0.33395713567733765
redkitchen,test,seq-03,redkitchen/seq-03/frame-000893.color.png,-1.3097773,-0.550403,1.6202482,0.784996964,-0.058957676,0.553929712,0.271045446,-0.939845085144043,-0.6333491206169128,1.4855259656906128,0.768090009689331,-0.05627105385065079,0.5474513173103333,0.3273657262325287
redkitchen,test,seq-03,redkitchen/seq-03/frame-000894.color.png,-1.308445,-0.54798335,1.6179055,0.786984906,-0.05891043,0.551859304,0.269509978,-0.9675553441047668,-0.632141649723053,1.5168055295944214,0.7580224871635437,-0.053918976336717606,0.5587952136993408,0.3320278525352478
redkitchen,test,seq-03,redkitchen/seq-03/frame-000895.color.png,-1.3089036,-0.54711193,1.6194235,0.787665691,-0.058825247,0.550983338,0.269331972,-0.9753158092498779,-0.620489239692688,1.504209280014038,0.756453812122345,-0.0552804209291935,0.5597856044769287,0.33370915055274963
redkitchen,test,seq-03,redkitchen/seq-03/frame-000896.color.png,-1.3068647,-0.54407316,1.6144874,0.790460201,-0.059072391,0.54717115,0.268862151,-0.9373070001602173,-0.6116960644721985,1.4560210704803467,0.7662410736083984,-0.04805155098438263,0.5545425415039062,0.32101133465766907
redkitchen,test,seq-03,redkitchen/seq-03/frame-000897.color.png,-1.3061037,-0.54293907,1.6132213,0.791518814,-0.06012373,0.545944449,0.268007021,-1.0083436965942383,-0.6068100333213806,1.4347312450408936,0.7559543251991272,-0.05971009284257889,0.5625748634338379,0.3293590545654297
redkitchen,test,seq-03,redkitchen/seq-03/frame-000898.color.png,-1.3065923,-0.54130232,1.6129906,0.791877056,-0.061208493,0.545362697,0.26788762,-1.001700758934021,-0.593047022819519,1.4688359498977661,0.7394948601722717,-0.058933075517416,0.579982578754425,0.33659228682518005
redkitchen,test,seq-03,redkitchen/seq-03/frame-000899.color.png,-1.3300298,-0.55544668,1.6391369,0.779686243,-0.062582104,0.55819875,0.27674356,-1.1200580596923828,-0.6020752191543579,1.515251636505127,0.7230396270751953,-0.06211749464273453,0.5924883484840393,0.34973233938217163
redkitchen,test,seq-03,redkitchen/seq-03/frame-000900.color.png,-1.3296845,-0.55076349,1.6340801,0.782339701,-0.062586138,0.554786683,0.276114655,-1.1091793775558472,-0.5861352682113647,1.4759714603424072,0.7379336953163147,-0.06464075297117233,0.5844391584396362,0.33121955394744873
redkitchen,test,seq-03,redkitchen/seq-03/frame-000901.color.png,-1.3218312,-0.55015063,1.630583,0.784018234,-0.065168171,0.552158324,0.276024824,-1.0384012460708618,-0.587543249130249,1.4331169128417969,0.7450791597366333,-0.0639820396900177,0.5745142102241516,0.3327113687992096
redkitchen,test,seq-03,redkitchen/seq-03/frame-000902.color.png,-1.3232055,-0.54789639,1.6285144,0.785469346,-0.065254895,0.550448816,0.275292219,-1.0997824668884277,-0.6064775586128235,1.4653372764587402,0.7377601861953735,-0.06250108778476715,0.5784881114959717,0.3422790765762329
redkitchen,test,seq-03,redkitchen/seq-03/frame-000903.color.png,-1.3235046,-0.54600865,1.6292648,0.787486997,-0.064877608,0.54763579,0.275227482,-1.146907091140747,-0.5889954566955566,1.4555085897445679,0.7528620958328247,-0.06812310218811035,0.5674007534980774,0.32651856541633606
redkitchen,test,seq-03,redkitchen/seq-03/frame-000904.color.png,-1.3204557,-0.54403532,1.6260338,0.78958086,-0.065202181,0.543999193,0.276361392,-1.1850154399871826,-0.6039974093437195,1.4723478555679321,0.7579075694084167,-0.06919562816619873,0.5599261522293091,0.32752206921577454
redkitchen,test,seq-03,redkitchen/seq-03/frame-000905.color.png,-1.3178008,-0.54313517,1.6263268,0.790906869,-0.066626798,0.54248817,0.275197712,-1.1998155117034912,-0.6002569198608398,1.4876039028167725,0.766557514667511,-0.06955613195896149,0.5564262270927429,0.31295573711395264
redkitchen,test,seq-03,redkitchen/seq-03/frame-000906.color.png,-1.3189458,-0.53919959,1.6236393,0.792504838,-0.06870309,0.540608743,0.273784869,-1.1954230070114136,-0.5896866321563721,1.4506235122680664,0.7755736708641052,-0.0728091448545456,0.5455610752105713,0.3091076612472534
redkitchen,test,seq-03,redkitchen/seq-03/frame-000907.color.png,-1.3132662,-0.53804326,1.6199131,0.793429407,-0.069928702,0.538500427,0.274949166,-1.1585464477539062,-0.5601747632026672,1.4415911436080933,0.7753376960754395,-0.06434842944145203,0.5479316115379333,0.30737870931625366
redkitchen,test,seq-03,redkitchen/seq-03/frame-000908.color.png,-1.3132546,-0.53765261,1.6225044,0.794468898,-0.06974746,0.536919402,0.275085473,-1.2199797630310059,-0.5850040912628174,1.4678432941436768,0.7783850431442261,-0.0679939016699791,0.5463042855262756,0.301736980676651
redkitchen,test,seq-03,redkitchen/seq-03/frame-000909.color.png,-1.3112035,-0.53459692,1.6200958,0.796772182,-0.069935779,0.533237116,0.275538118,-1.2491825819015503,-0.6170473694801331,1.499937891960144,0.7876363396644592,-0.0589320994913578,0.5373464822769165,0.2956598997116089
redkitchen,test,seq-03,redkitchen/seq-03/frame-000910.color.png,-1.3074661,-0.53439963,1.6213286,0.797492636,-0.070425219,0.531309364,0.277048992,-1.3141841888427734,-0.614274799823761,1.4991642236709595,0.7985967993736267,-0.06058782711625099,0.5217299461364746,0.29388806223869324
redkitchen,test,seq-03,redkitchen/seq-03/frame-000911.color.png,-1.3077712,-0.53491265,1.6215063,0.79817594,-0.070671407,0.529522282,0.27843648,-1.2902272939682007,-0.6011834144592285,1.4897770881652832,0.8007509708404541,-0.06429657340049744,0.5195426940917969,0.29110008478164673
redkitchen,test,seq-03,redkitchen/seq-03/frame-000912.color.png,-1.3106297,-0.53497964,1.6227615,0.798811168,-0.070210368,0.528499883,0.278673816,-1.2656577825546265,-0.5976119637489319,1.4804291725158691,0.7977801561355591,-0.06301838159561157,0.5243409276008606,0.29093319177627563
redkitchen,test,seq-03,redkitchen/seq-03/frame-000913.color.png,-1.3037202,-0.53062189,1.6185157,0.799937067,-0.06965144,0.527295353,0.277865034,-1.2922598123550415,-0.5938851833343506,1.4839873313903809,0.7983406186103821,-0.06564347445964813,0.5244776010513306,0.2885594367980957
redkitchen,test,seq-03,redkitchen/seq-03/frame-000914.color.png,-1.300014,-0.53152353,1.623165,0.799452805,-0.069425943,0.527072466,0.279731777,-1.2604347467422485,-0.594741702079773,1.4572081565856934,0.8043177723884583,-0.07230830937623978,0.5147765874862671,0.28783583641052246
redkitchen,test,seq-03,redkitchen/seq-03/frame-000915.color.png,-1.296147,-0.53146714,1.6253983,0.800447984,-0.06787437,0.525051195,0.281064649,-1.278063416481018,-0.5896136164665222,1.4523684978485107,0.8142985701560974,-0.07399934530258179,0.5080776810646057,0.2707379162311554
redkitchen,test,seq-03,redkitchen/seq-03/frame-000916.color.png,-1.3066868,-0.52925104,1.6254113,0.801567074,-0.067260382,0.522731926,0.282343055,-1.2908815145492554,-0.6177422404289246,1.442080020904541,0.8169108033180237,-0.07207607477903366,0.5027534365653992,0.2733144164085388
redkitchen,test,seq-03,redkitchen/seq-03/frame-000917.color.png,-1.306023,-0.53132713,1.6273925,0.801261631,-0.066566908,0.521517091,0.285602118,-1.2907735109329224,-0.5816013813018799,1.4377927780151367,0.8201697468757629,-0.07656988501548767,0.5007842779159546,0.26584532856941223
redkitchen,test,seq-03,redkitchen/seq-03/frame-000918.color.png,-1.3050761,-0.52920067,1.620084,0.803102272,-0.063541821,0.518419056,0.286759238,-1.224070429801941,-0.590490996837616,1.4157932996749878,0.8314400911331177,-0.0753907784819603,0.4891398847103119,0.25251880288124084
redkitchen,test,seq-03,redkitchen/seq-03/frame-000919.color.png,-1.2974615,-0.5253284,1.6190821,0.803782096,-0.061274456,0.518512974,0.28517377,-1.2235071659088135,-0.5817734599113464,1.4253684282302856,0.8287855982780457,-0.07432705163955688,0.4932800531387329,0.25350475311279297
redkitchen,test,seq-03,redkitchen/seq-03/frame-000920.color.png,-1.3007147,-0.52556801,1.6209705,0.804006874,-0.061410495,0.517721942,0.285947002,-1.2614634037017822,-0.5706252455711365,1.4359991550445557,0.8330716490745544,-0.07292607426643372,0.4875355362892151,0.250963032245636
redkitchen,test,seq-03,redkitchen/seq-03/frame-000921.color.png,-1.3032618,-0.52450174,1.6168591,0.804488809,-0.060474928,0.516469219,0.287054152,-1.256557822227478,-0.5884079933166504,1.4399975538253784,0.8354703187942505,-0.07609599828720093,0.4820384681224823,0.2526611387729645
redkitchen,test,seq-03,redkitchen/seq-03/frame-000922.color.png,-1.2930127,-0.52237564,1.6152368,0.804145094,-0.059080874,0.516730419,0.2878364,-1.273936152458191,-0.584426999092102,1.4362413883209229,0.8340626358985901,-0.07127994298934937,0.48366865515708923,0.25558435916900635
redkitchen,test,seq-03,redkitchen/seq-03/frame-000923.color.png,-1.2943224,-0.5215072,1.6135845,0.804724543,-0.057622814,0.515016894,0.289578349,-1.2181555032730103,-0.5856873393058777,1.4164689779281616,0.8332560062408447,-0.07068068534135818,0.485181599855423,0.2555139660835266
redkitchen,test,seq-03,redkitchen/seq-03/frame-000924.color.png,-1.2881072,-0.52206624,1.6109469,0.805358436,-0.054982592,0.51267384,0.292472626,-1.2086306810379028,-0.5664384365081787,1.4267559051513672,0.8277584314346313,-0.07206039875745773,0.4974707067012787,0.24929162859916687
redkitchen,test,seq-03,redkitchen/seq-03/frame-000925.color.png,-1.2902509,-0.52043593,1.6056886,0.806952004,-0.052930558,0.51051368,0.292237236,-1.2875311374664307,-0.583992063999176,1.471506953239441,0.8268918991088867,-0.06410101056098938,0.4977530837059021,0.2537374198436737
redkitchen,test,seq-03,redkitchen/seq-03/frame-000926.color.png,-1.282135,-0.51948267,1.6020601,0.807894806,-0.051927563,0.510013217,0.290682006,-1.3009318113327026,-0.5588372945785522,1.4458270072937012,0.8257612586021423,-0.06602743268013,0.5006152391433716,0.2512829303741455
redkitchen,test,seq-03,redkitchen/seq-03/frame-000927.color.png,-1.2765578,-0.5168606,1.5972698,0.809618171,-0.052258223,0.509735704,0.286281344,-1.299978256225586,-0.5588134527206421,1.437901496887207,0.8299587368965149,-0.06307084858417511,0.49192753434181213,0.25533899664878845
redkitchen,test,seq-03,redkitchen/seq-03/frame-000928.color.png,-1.2768252,-0.51489586,1.5947824,0.811193032,-0.052387257,0.508516436,0.283958578,-1.2538963556289673,-0.5462144613265991,1.4268900156021118,0.8204599618911743,-0.05969109386205673,0.5037081837654114,0.26374325156211853
redkitchen,test,seq-03,redkitchen/seq-03/frame-000929.color.png,-1.2761346,-0.51357049,1.5903264,0.813220652,-0.050904554,0.505794785,0.28328878,-1.2853366136550903,-0.5520288348197937,1.4451075792312622,0.8134053349494934,-0.0605941005051136,0.5130228996276855,0.26740917563438416
redkitchen,test,seq-03,redkitchen/seq-03/frame-000930.color.png,-1.2710838,-0.51195645,1.5875005,0.815703427,-0.051280474,0.503411896,0.280311782,-1.2315782308578491,-0.5518106818199158,1.4040803909301758,0.8245867490768433,-0.060868892818689346,0.500387966632843,0.25683385133743286
redkitchen,test,seq-03,redkitchen/seq-03/frame-000931.color.png,-1.2621258,-0.51051694,1.5846223,0.818626594,-0.052583573,0.500650704,0.276467612,-1.3124386072158813,-0.5732022523880005,1.470685601234436,0.8278688192367554,-0.058832474052906036,0.4964052140712738,0.25446778535842896
redkitchen,test,seq-03,redkitchen/seq-03/frame-000932.color.png,-1.2526677,-0.50635576,1.5769404,0.821965335,-0.05453368,0.497359918,0.272088549,-1.299827218055725,-0.556560218334198,1.4795149564743042,0.8227445483207703,-0.0609186552464962,0.504956841468811,0.25376948714256287
redkitchen,test,seq-03,redkitchen/seq-03/frame-000933.color.png,-1.2454448,-0.50468844,1.5742586,0.823665906,-0.058142061,0.496073503,0.268523845,-1.327260136604309,-0.5606202483177185,1.4781594276428223,0.824201762676239,-0.06311580538749695,0.5021130442619324,0.2541463077068329
redkitchen,test,seq-03,redkitchen/seq-03/frame-000934.color.png,-1.2392353,-0.50386816,1.5662024,0.825968813,-0.061958056,0.493725261,0.264900144,-1.3709347248077393,-0.5682411193847656,1.5221858024597168,0.8175886869430542,-0.06086390092968941,0.5129747986793518,0.25436437129974365
redkitchen,test,seq-03,redkitchen/seq-03/frame-000935.color.png,-1.234594,-0.50262916,1.5592288,0.827614979,-0.063998087,0.494040493,0.258614931,-1.357134222984314,-0.5664122700691223,1.5059000253677368,0.8210556507110596,-0.06554407626390457,0.5088778138160706,0.2502298355102539
redkitchen,test,seq-03,redkitchen/seq-03/frame-000936.color.png,-1.2331159,-0.49773201,1.5562379,0.828489327,-0.06530614,0.494836758,0.253923466,-1.378329873085022,-0.5741686224937439,1.5001581907272339,0.8359204530715942,-0.07079055160284042,0.48770830035209656,0.24159112572669983
redkitchen,test,seq-03,redkitchen/seq-03/frame-000937.color.png,-1.2378583,-0.49725851,1.5556451,0.830343817,-0.06566208,0.491573395,0.254112643,-1.3725446462631226,-0.5640005469322205,1.5065580606460571,0.822451651096344,-0.07104621082544327,0.5056635737419128,0.25065910816192627
redkitchen,test,seq-03,redkitchen/seq-03/frame-000938.color.png,-1.2255189,-0.49530554,1.552577,0.834219002,-0.067267771,0.486097832,0.251520581,-1.3680278062820435,-0.5658407211303711,1.4955655336380005,0.826385498046875,-0.07431668043136597,0.49940070509910583,0.24932511150836945
redkitchen,test,seq-03,redkitchen/seq-03/frame-000939.color.png,-1.2137547,-0.49249148,1.5481855,0.836630919,-0.071101543,0.483111547,0.248186442,-1.4268826246261597,-0.5791758894920349,1.5071935653686523,0.8354737758636475,-0.07896074652671814,0.48350223898887634,0.2489466518163681
redkitchen,test,seq-03,redkitchen/seq-03/frame-000940.color.png,-1.2064922,-0.49375182,1.5476248,0.837902366,-0.072902256,0.481278708,0.246932562,-1.4182294607162476,-0.5852716565132141,1.5231437683105469,0.8260672688484192,-0.07697945088148117,0.496541827917099,0.25521209836006165
redkitchen,test,seq-03,redkitchen/seq-03/frame-000941.color.png,-1.2011893,-0.49281761,1.5435393,0.841883006,-0.07272611,0.475924544,0.243802677,-1.3992263078689575,-0.5870745182037354,1.529970645904541,0.8221662044525146,-0.07861955463886261,0.5035772919654846,0.25351816415786743
redkitchen,test,seq-03,redkitchen/seq-03/frame-000942.color.png,-1.1990706,-0.49188882,1.5377269,0.845539315,-0.072088173,0.471438903,0.240024836,-1.3931282758712769,-0.6057315468788147,1.5329289436340332,0.8165803551673889,-0.07236627489328384,0.513495683670044,0.2535385489463806
redkitchen,test,seq-03,redkitchen/seq-03/frame-000943.color.png,-1.1971302,-0.48746908,1.5347703,0.847908057,-0.073216349,0.469692949,0.234690917,-1.4204556941986084,-0.5962659120559692,1.5689411163330078,0.8199883699417114,-0.07539542764425278,0.5104503035545349,0.24773991107940674
redkitchen,test,seq-03,redkitchen/seq-03/frame-000944.color.png,-1.1979892,-0.48818603,1.5324793,0.850413005,-0.075972841,0.465958599,0.232181896,-1.4485653638839722,-0.5906656980514526,1.5725873708724976,0.8155878186225891,-0.07881215214729309,0.5104644894599915,0.26082780957221985
redkitchen,test,seq-03,redkitchen/seq-03/frame-000945.color.png,-1.192662,-0.48768097,1.5273076,0.853801603,-0.075233507,0.461140513,0.229591309,-1.4420530796051025,-0.581768810749054,1.5711613893508911,0.8216376304626465,-0.07564142346382141,0.5051794052124023,0.2529500126838684
redkitchen,test,seq-03,redkitchen/seq-03/frame-000946.color.png,-1.1910254,-0.48639867,1.5236858,0.856395547,-0.074272277,0.457886786,0.226737704,-1.385027289390564,-0.5799750089645386,1.540621042251587,0.8332896828651428,-0.07442481070756912,0.4910832643508911,0.24274781346321106
redkitchen,test,seq-03,redkitchen/seq-03/frame-000947.color.png,-1.1905395,-0.48542073,1.5180479,0.85980117,-0.073619449,0.453262188,0.223328266,-1.4155011177062988,-0.5945101380348206,1.5390605926513672,0.8339049816131592,-0.07835223525762558,0.491436243057251,0.23865000903606415
redkitchen,test,seq-03,redkitchen/seq-03/frame-000948.color.png,-1.188601,-0.48366332,1.513767,0.862730886,-0.070807392,0.449545819,0.220432049,-1.4302873611450195,-0.576490581035614,1.5616792440414429,0.8341529369354248,-0.07245059311389923,0.4921894669532776,0.23809513449668884
redkitchen,test,seq-03,redkitchen/seq-03/frame-000949.color.png,-1.1881559,-0.48106909,1.5124456,0.865137349,-0.069830853,0.446061935,0.218379873,-1.4079856872558594,-0.5710577964782715,1.5524518489837646,0.8320613503456116,-0.0785866379737854,0.49594900012016296,0.23565347492694855
redkitchen,test,seq-03,redkitchen/seq-03/frame-000950.color.png,-1.1817361,-0.48131233,1.5097172,0.868365246,-0.070105027,0.440389677,0.216988517,-1.4315623044967651,-0.5557112693786621,1.53748619556427,0.8312699198722839,-0.07582271099090576,0.4948120415210724,0.24166585505008698
redkitchen,test,seq-03,redkitchen/seq-03/frame-000951.color.png,-1.178162,-0.47904474,1.508975,0.871410036,-0.069245399,0.436254844,0.213380729,-1.4192293882369995,-0.5974351763725281,1.5440454483032227,0.834966778755188,-0.07938821613788605,0.4895968735218048,0.2383754700422287
redkitchen,test,seq-03,redkitchen/seq-03/frame-000952.color.png,-1.1726125,-0.47953776,1.5077523,0.874231185,-0.070760515,0.431633564,0.210725535,-1.382169485092163,-0.5724688768386841,1.5182626247406006,0.8324214220046997,-0.07921158522367477,0.491048663854599,0.24427710473537445
redkitchen,test,seq-03,redkitchen/seq-03/frame-000953.color.png,-1.1700294,-0.47938508,1.5056424,0.878421737,-0.070763951,0.425246983,0.206234618,-1.3391557931900024,-0.5575495362281799,1.4658653736114502,0.8362436294555664,-0.08039242029190063,0.4878872334957123,0.237064927816391
redkitchen,test,seq-03,redkitchen/seq-03/frame-000954.color.png,-1.166925,-0.47814915,1.5076423,0.882660783,-0.072483151,0.418770208,0.200717834,-1.3544520139694214,-0.5491732954978943,1.4535839557647705,0.834437906742096,-0.08775366097688675,0.49039098620414734,0.23564650118350983
redkitchen,test,seq-03,redkitchen/seq-03/frame-000955.color.png,-1.163489,-0.47748637,1.5049974,0.886528902,-0.074238553,0.411901493,0.197211315,-1.3832896947860718,-0.5482463240623474,1.4909430742263794,0.8390003442764282,-0.08506070077419281,0.483748197555542,0.23415985703468323
redkitchen,test,seq-03,redkitchen/seq-03/frame-000956.color.png,-1.1554855,-0.47689235,1.503289,0.889531731,-0.075430632,0.406936387,0.193510456,-1.3456603288650513,-0.5578868389129639,1.462273120880127,0.8478792309761047,-0.08449196815490723,0.47065654397010803,0.22900725901126862
redkitchen,test,seq-03,redkitchen/seq-03/frame-000957.color.png,-1.1518382,-0.47708982,1.5020448,0.892172138,-0.076861787,0.40254895,0.189935476,-1.319450855255127,-0.5565733313560486,1.4177722930908203,0.8537283539772034,-0.09064099192619324,0.4590967297554016,0.2283906638622284
redkitchen,test,seq-03,redkitchen/seq-03/frame-000958.color.png,-1.1452823,-0.47636899,1.4989653,0.895263967,-0.077338141,0.397500613,0.185780795,-1.3232853412628174,-0.5614113211631775,1.40681791305542,0.8570727705955505,-0.08957158774137497,0.45614418387413025,0.22211652994155884
redkitchen,test,seq-03,redkitchen/seq-03/frame-000959.color.png,-1.1402167,-0.47740898,1.4989866,0.896870167,-0.077183249,0.395311176,0.182744967,-1.3359297513961792,-0.565077543258667,1.4353508949279785,0.8544777035713196,-0.08850812166929245,0.4597214460372925,0.22514501214027405
redkitchen,test,seq-03,redkitchen/seq-03/frame-000960.color.png,-1.1386009,-0.476457,1.499186,0.898642976,-0.07688187,0.393225101,0.178616909,-1.3147408962249756,-0.5488647222518921,1.376235008239746,0.8610568642616272,-0.09080139547586441,0.4500170648097992,0.2186797857284546
redkitchen,test,seq-03,redkitchen/seq-03/frame-000961.color.png,-1.1384962,-0.47615975,1.4955775,0.900539891,-0.0761959,0.38948856,0.177540842,-1.3021646738052368,-0.5530006289482117,1.3830623626708984,0.8624581098556519,-0.08137102425098419,0.44512566924095154,0.22673316299915314
redkitchen,test,seq-03,redkitchen/seq-03/frame-000962.color.png,-1.1313881,-0.47833198,1.494646,0.902242495,-0.073795171,0.386281139,0.176917028,-1.2435073852539062,-0.5386223196983337,1.4062267541885376,0.869401216506958,-0.08013931661844254,0.4374099671840668,0.21538734436035156
redkitchen,test,seq-03,redkitchen/seq-03/frame-000963.color.png,-1.1272699,-0.47749996,1.4951082,0.904572102,-0.072178809,0.383359997,0.171972802,-1.2383095026016235,-0.566938042640686,1.4185588359832764,0.8741403222084045,-0.07277410477399826,0.4325399696826935,0.20854675769805908
redkitchen,test,seq-03,redkitchen/seq-03/frame-000964.color.png,-1.1236892,-0.47843692,1.4935727,0.906297632,-0.074199894,0.380523426,0.168288147,-1.215396761894226,-0.5590274930000305,1.4179236888885498,0.8828268647193909,-0.07617181539535522,0.4164305627346039,0.203470379114151
redkitchen,test,seq-03,redkitchen/seq-03/frame-000965.color.png,-1.1188835,-0.47907224,1.4912909,0.90799212,-0.071821008,0.377557987,0.16685928,-1.1710306406021118,-0.5558178424835205,1.3959938287734985,0.8882719278335571,-0.0738510712981224,0.406308114528656,0.20107899606227875
redkitchen,test,seq-03,redkitchen/seq-03/frame-000966.color.png,-1.1174113,-0.47676799,1.4906232,0.910007653,-0.068173468,0.37369649,0.166100521,-1.139396071434021,-0.5452573895454407,1.3885265588760376,0.8827762007713318,-0.07479274272918701,0.416581928730011,0.20389115810394287
redkitchen,test,seq-03,redkitchen/seq-03/frame-000967.color.png,-1.1098329,-0.47680137,1.489329,0.912945413,-0.069161704,0.366882085,0.164756997,-1.1120142936706543,-0.5305163860321045,1.3435533046722412,0.8959263563156128,-0.07293304055929184,0.3896633982658386,0.20039747655391693
redkitchen,test,seq-03,redkitchen/seq-03/frame-000968.color.png,-1.1027219,-0.47708824,1.4873182,0.915256526,-0.070219937,0.362122878,0.161992821,-1.1131012439727783,-0.540116012096405,1.3635668754577637,0.8942450881004333,-0.07087969034910202,0.39718863368034363,0.1937599629163742
redkitchen,test,seq-03,redkitchen/seq-03/frame-000969.color.png,-1.0998483,-0.47652087,1.4875097,0.916429044,-0.071905685,0.360780389,0.157559162,-1.0886458158493042,-0.5649850964546204,1.3704125881195068,0.9053711891174316,-0.07020148634910583,0.3731624186038971,0.19006462395191193
redkitchen,test,seq-03,redkitchen/seq-03/frame-000970.color.png,-1.0934749,-0.47368121,1.4878912,0.917795689,-0.073664644,0.358328163,0.154355181,-1.0988081693649292,-0.5662876963615417,1.3654593229293823,0.9011797904968262,-0.07390197366476059,0.37919604778289795,0.19652941823005676
redkitchen,test,seq-03,redkitchen/seq-03/frame-000971.color.png,-1.0877849,-0.47491169,1.4862298,0.919833156,-0.076305963,0.352918226,0.15340499,-1.1138428449630737,-0.5633909106254578,1.3790780305862427,0.9166154265403748,-0.07949329912662506,0.34858933091163635,0.17883644998073578
redkitchen,test,seq-03,redkitchen/seq-03/frame-000972.color.png,-1.0829352,-0.4742628,1.4837147,0.922709441,-0.076598683,0.346819579,0.149853623,-1.1461669206619263,-0.6046893000602722,1.368977427482605,0.9160217642784119,-0.09528736770153046,0.34252846240997314,0.18573813140392303
redkitchen,test,seq-03,redkitchen/seq-03/frame-000973.color.png,-1.0781981,-0.47152013,1.4827327,0.924876802,-0.078407793,0.342419758,0.145615342,-1.1286017894744873,-0.6181833744049072,1.3429410457611084,0.9171968698501587,-0.0888650044798851,0.3455672562122345,0.17730247974395752
redkitchen,test,seq-03,redkitchen/seq-03/frame-000974.color.png,-1.071665,-0.4698804,1.4806771,0.926248449,-0.08109206,0.338538828,0.144496886,-1.1310397386550903,-0.6042351126670837,1.3543452024459839,0.9175204038619995,-0.09014932811260223,0.3406417965888977,0.18437089025974274
redkitchen,test,seq-03,redkitchen/seq-03/frame-000975.color.png,-1.0643543,-0.46914664,1.4779787,0.928617303,-0.081869561,0.33264276,0.142534464,-1.171269416809082,-0.6552406549453735,1.3804035186767578,0.924400806427002,-0.0960325300693512,0.31968703866004944,0.18455635011196136
redkitchen,test,seq-03,redkitchen/seq-03/frame-000976.color.png,-1.0614607,-0.46823004,1.4766513,0.930784618,-0.083073675,0.327419649,0.139768139,-1.1054470539093018,-0.6519266366958618,1.34855318069458,0.9283599257469177,-0.09252680838108063,0.3130875527858734,0.17765913903713226
redkitchen,test,seq-03,redkitchen/seq-03/frame-000977.color.png,-1.0575995,-0.46741676,1.4750266,0.932921323,-0.085072074,0.322146933,0.136535345,-1.0690979957580566,-0.6388219594955444,1.2840399742126465,0.9347204566001892,-0.09575385600328445,0.2927914261817932,0.1772061139345169
redkitchen,test,seq-03,redkitchen/seq-03/frame-000978.color.png,-1.0505604,-0.46562317,1.4719387,0.93498134,-0.08719202,0.317199837,0.132633737,-1.0508111715316772,-0.672024667263031,1.2740342617034912,0.9406293630599976,-0.09648627042770386,0.27890869975090027,0.1676807850599289
redkitchen,test,seq-03,redkitchen/seq-03/frame-000979.color.png,-1.0529153,-0.46461856,1.4685087,0.936795288,-0.088039448,0.312549802,0.130292999,-1.0657743215560913,-0.6641972661018372,1.2630095481872559,0.9431033730506897,-0.09859632700681686,0.2672901451587677,0.17143720388412476
redkitchen,test,seq-03,redkitchen/seq-03/frame-000980.color.png,-1.0468191,-0.46212876,1.4648864,0.939131016,-0.087904479,0.306746075,0.127328643,-1.0134657621383667,-0.6433022618293762,1.262151837348938,0.9462020397186279,-0.09351645410060883,0.2627519369125366,0.16406607627868652
redkitchen,test,seq-03,redkitchen/seq-03/frame-000981.color.png,-1.0381882,-0.45930517,1.4614805,0.941862113,-0.089495309,0.299474565,0.12329369,-0.9503846168518066,-0.6186645030975342,1.2225844860076904,0.946959912776947,-0.09045421332120895,0.2583938241004944,0.16827785968780518
redkitchen,test,seq-03,redkitchen/seq-03/frame-000982.color.png,-1.0426044,-0.45908868,1.4562178,0.944282065,-0.091136789,0.29171952,0.122168687,-0.9884238243103027,-0.618858277797699,1.2361773252487183,0.9490721821784973,-0.09229300171136856,0.24911782145500183,0.16936422884464264
redkitchen,test,seq-03,redkitchen/seq-03/frame-000983.color.png,-1.0275233,-0.45630985,1.4512814,0.946467073,-0.090659121,0.285500042,0.120294348,-0.9722615480422974,-0.6323975920677185,1.2087821960449219,0.9521724581718445,-0.0941285640001297,0.23849369585514069,0.16621768474578857
redkitchen,test,seq-03,redkitchen/seq-03/frame-000984.color.png,-1.039112,-0.45585644,1.4481031,0.948656011,-0.092690848,0.279150059,0.116341838,-0.996258020401001,-0.6357735395431519,1.193336009979248,0.955061674118042,-0.10576886683702469,0.22272299230098724,0.16451354324817657
redkitchen,test,seq-03,redkitchen/seq-03/frame-000985.color.png,-1.0495236,-0.45521954,1.4420226,0.951117312,-0.094565585,0.272168232,0.111165024,-0.9448450207710266,-0.623155415058136,1.225015640258789,0.9568012952804565,-0.10094999521970749,0.2231103628873825,0.15672314167022705
redkitchen,test,seq-03,redkitchen/seq-03/frame-000986.color.png,-1.1222209,-0.45747644,1.4301726,0.952929753,-0.096093245,0.267029371,0.106706556,-0.9840893149375916,-0.6588088870048523,1.261885404586792,0.9576734304428101,-0.09991084784269333,0.22160875797271729,0.1541718691587448
redkitchen,test,seq-03,redkitchen/seq-03/frame-000987.color.png,-1.1181798,-0.45466539,1.4231148,0.953947112,-0.096876085,0.2661488,0.098816742,-1.023105502128601,-0.66669100522995,1.2798734903335571,0.9570453763008118,-0.10312015563249588,0.223413348197937,0.15335173904895782
redkitchen,test,seq-03,redkitchen/seq-03/frame-000988.color.png,-1.1165631,-0.4500064,1.4161737,0.955951815,-0.094647806,0.261543511,0.093770527,-0.9241653084754944,-0.6433117389678955,1.216715693473816,0.9533005952835083,-0.09739486873149872,0.2388610541820526,0.15709109604358673
redkitchen,test,seq-03,redkitchen/seq-03/frame-000989.color.png,-1.1186352,-0.44678411,1.4085553,0.9591725,-0.092074726,0.251071771,0.09205067,-0.9145410060882568,-0.6233226656913757,1.151821255683899,0.9554887413978577,-0.11033882945775986,0.21997347474098206,0.16272146999835968
redkitchen,test,seq-03,redkitchen/seq-03/frame-000990.color.png,-1.1288074,-0.44677222,1.4031898,0.962020545,-0.091050846,0.241632153,0.088544438,-0.9108710885047913,-0.5986658930778503,1.1742238998413086,0.9598670601844788,-0.10678399354219437,0.20663221180438995,0.1567021906375885
redkitchen,test,seq-03,redkitchen/seq-03/frame-000991.color.png,-1.1312449,-0.445324,1.3989542,0.963905215,-0.092532047,0.235795115,0.082007447,-0.9031073451042175,-0.5978302359580994,1.199386715888977,0.9614638090133667,-0.10430687665939331,0.20665988326072693,0.14832113683223724
redkitchen,test,seq-03,redkitchen/seq-03/frame-000992.color.png,-1.1295211,-0.44210532,1.3937324,0.965949126,-0.094308562,0.229437487,0.073529726,-0.9146600365638733,-0.6267759799957275,1.1882946491241455,0.9603201746940613,-0.10631880164146423,0.21164418756961823,0.14726950228214264
redkitchen,test,seq-03,redkitchen/seq-03/frame-000993.color.png,-1.1308122,-0.43894157,1.3866793,0.968339982,-0.095334243,0.220639245,0.067434299,-0.9128627181053162,-0.6221393346786499,1.1400303840637207,0.9558395743370056,-0.10456322878599167,0.2292885184288025,0.15120823681354523
redkitchen,test,seq-03,redkitchen/seq-03/frame-000994.color.png,-1.1280485,-0.43611431,1.3818862,0.970592777,-0.09535656,0.211500262,0.064221697,-0.9857545495033264,-0.6579849123954773,1.1801561117172241,0.9599708914756775,-0.11139848083257675,0.21256327629089355,0.14444029331207275
redkitchen,test,seq-03,redkitchen/seq-03/frame-000995.color.png,-1.1202813,-0.43592346,1.3770671,0.972877302,-0.096444478,0.20135803,0.060524065,-0.9902979731559753,-0.6447358727455139,1.1885520219802856,0.9643958806991577,-0.10551030188798904,0.19880321621894836,0.13887237012386322
redkitchen,test,seq-03,redkitchen/seq-03/frame-000996.color.png,-1.1204417,-0.43311024,1.372141,0.974669677,-0.096742909,0.194164575,0.054405406,-1.0074573755264282,-0.6579618453979492,1.194968342781067,0.9649004936218262,-0.11068174242973328,0.1985960155725479,0.1314384490251541
redkitchen,test,seq-03,redkitchen/seq-03/frame-000997.color.png,-1.1151545,-0.43075326,1.3683231,0.976083929,-0.098152677,0.187833612,0.048422621,-1.0507766008377075,-0.6494372487068176,1.173384189605713,0.9685195684432983,-0.1074787899851799,0.1826302409172058,0.1306305229663849
redkitchen,test,seq-03,redkitchen/seq-03/frame-000998.color.png,-1.1122988,-0.43121248,1.3677294,0.97614994,-0.098170731,0.187363118,0.048876015,-1.0709706544876099,-0.66628497838974,1.175220012664795,0.9635865688323975,-0.11847737431526184,0.20070470869541168,0.13107925653457642
redkitchen,test,seq-03,redkitchen/seq-03/frame-000999.color.png,-1.110194,-0.42933324,1.3631666,0.977680262,-0.099642001,0.179204504,0.045809626,-1.1104044914245605,-0.6603854894638062,1.1273670196533203,0.9742053151130676,-0.12007778137922287,0.15665431320667267,0.10938398540019989
redkitchen,test,seq-04,redkitchen/seq-04/frame-000000.color.png,1.269199,-0.13616085,0.53171086,0.986936355,0.109024195,0.104736277,0.055683642,1.4095081090927124,-0.3649578094482422,0.6278369426727295,0.9913439154624939,0.04330600053071976,0.11555267870426178,0.04482646659016609
redkitchen,test,seq-04,redkitchen/seq-04/frame-000001.color.png,1.2679881,-0.13748243,0.53292263,0.986950544,0.109681119,0.105086833,0.053436263,1.4133440256118774,-0.3599768877029419,0.6452584862709045,0.9919872879981995,0.04543124884366989,0.10948625952005386,0.043703868985176086
redkitchen,test,seq-04,redkitchen/seq-04/frame-000002.color.png,1.2670681,-0.13712376,0.53458935,0.98707204,0.109809891,0.105112535,0.050812705,1.424358606338501,-0.3601890802383423,0.6425413489341736,0.9921720623970032,0.044307343661785126,0.10887281596660614,0.04216918349266052
redkitchen,test,seq-04,redkitchen/seq-04/frame-000003.color.png,1.2691908,-0.1383318,0.53499216,0.987381414,0.108314247,0.104754454,0.048708017,1.439712643623352,-0.3627687692642212,0.6452916860580444,0.9926203489303589,0.04137083515524864,0.10720379650592804,0.03873712569475174
redkitchen,test,seq-04,redkitchen/seq-04/frame-000004.color.png,1.2684951,-0.13904788,0.53584218,0.987396479,0.107531549,0.105586802,0.048338251,1.4491603374481201,-0.3587697148323059,0.6358510255813599,0.9932006597518921,0.03984897956252098,0.10281307250261307,0.03733683004975319
redkitchen,test,seq-04,redkitchen/seq-04/frame-000005.color.png,1.2697181,-0.14103891,0.53579789,0.987397736,0.106539954,0.105983749,0.049622507,1.4585217237472534,-0.3612062931060791,0.6377695202827454,0.991936206817627,0.041556466370821,0.11245431751012802,0.0411066859960556
redkitchen,test,seq-04,redkitchen/seq-04/frame-000006.color.png,1.268959,-0.14087926,0.5372023,0.987389603,0.105308595,0.106668195,0.050929054,1.461230754852295,-0.37129414081573486,0.6394081711769104,0.991767942905426,0.03734747692942619,0.1157059520483017,0.040169086307287216
redkitchen,test,seq-04,redkitchen/seq-04/frame-000007.color.png,1.2712203,-0.1438777,0.53744322,0.987594535,0.103143967,0.10646965,0.051793537,1.4927704334259033,-0.37891101837158203,0.6228712201118469,0.9919864535331726,0.03803141415119171,0.11430582404136658,0.038089048117399216
redkitchen,test,seq-04,redkitchen/seq-04/frame-000008.color.png,1.2707216,-0.14470758,0.53897303,0.98744594,0.103204288,0.107146281,0.053094871,1.4555485248565674,-0.373935341835022,0.6374295949935913,0.9908125996589661,0.03857692331075668,0.12194418162107468,0.04395332559943199
redkitchen,test,seq-04,redkitchen/seq-04/frame-000009.color.png,1.2719444,-0.14475107,0.53902847,0.987296579,0.103273925,0.10789079,0.054217511,1.436519742012024,-0.375493586063385,0.6340109705924988,0.9908300638198853,0.04176417738199234,0.1212911382317543,0.04242607206106186
redkitchen,test,seq-04,redkitchen/seq-04/frame-000010.color.png,1.2722799,-0.14450988,0.5397588,0.987157525,0.103380902,0.108961723,0.054403601,1.4302552938461304,-0.3738299012184143,0.6465725898742676,0.9914367198944092,0.04418245330452919,0.11496647447347641,0.043403927236795425
redkitchen,test,seq-04,redkitchen/seq-04/frame-000011.color.png,1.27063,-0.14633808,0.54154015,0.987232125,0.101829232,0.110109445,0.053660496,1.443723440170288,-0.38018524646759033,0.6239073276519775,0.9903572201728821,0.03646531701087952,0.1265905350446701,0.042866989970207214
redkitchen,test,seq-04,redkitchen/seq-04/frame-000012.color.png,1.2698319,-0.14705589,0.54232627,0.987260982,0.100425201,0.110861382,0.05422441,1.4631386995315552,-0.3664400577545166,0.6401836276054382,0.989525318145752,0.03591303154826164,0.13207940757274628,0.045878779143095016
redkitchen,test,seq-04,redkitchen/seq-04/frame-000013.color.png,1.2724653,-0.1459285,0.54238862,0.987264983,0.100285681,0.110863516,0.054405108,1.4308514595031738,-0.37270230054855347,0.6139587163925171,0.989903450012207,0.03851418197154999,0.12879855930805206,0.04493076726794243
redkitchen,test,seq-04,redkitchen/seq-04/frame-000014.color.png,1.2713573,-0.14740936,0.54408044,0.987180358,0.099632854,0.112178891,0.054443832,1.4125200510025024,-0.3672313094139099,0.6021751761436462,0.990062952041626,0.039227914065122604,0.12793433666229248,0.043235789984464645
redkitchen,test,seq-04,redkitchen/seq-04/frame-000015.color.png,1.271407,-0.14656773,0.54496527,0.98728867,0.098208906,0.112506329,0.054391341,1.464587926864624,-0.3773730993270874,0.5972172021865845,0.9907011985778809,0.03639794886112213,0.12369167804718018,0.04343537986278534
redkitchen,test,seq-04,redkitchen/seq-04/frame-000016.color.png,1.2730452,-0.14763765,0.54536915,0.987430308,0.096815839,0.112454904,0.054424022,1.449586033821106,-0.36225396394729614,0.6280450820922852,0.9899200797080994,0.03467894718050957,0.13077421486377716,0.04187735915184021
redkitchen,test,seq-04,redkitchen/seq-04/frame-000017.color.png,1.2724823,-0.14726214,0.54631639,0.98722459,0.097307419,0.113678588,0.054736216,1.4349286556243896,-0.37944555282592773,0.6257385015487671,0.9888822436332703,0.03344573825597763,0.13798293471336365,0.044204190373420715
redkitchen,test,seq-04,redkitchen/seq-04/frame-000018.color.png,1.2727942,-0.14914709,0.54690909,0.987135503,0.097151506,0.114962875,0.053931633,1.435081124305725,-0.3652039170265198,0.6315125226974487,0.9887361526489258,0.03656657412648201,0.13821877539157867,0.04426289722323418
redkitchen,test,seq-04,redkitchen/seq-04/frame-000019.color.png,1.2736069,-0.14846046,0.54703128,0.986999902,0.097616218,0.116234645,0.052837249,1.4230327606201172,-0.3902050256729126,0.639196515083313,0.9897297620773315,0.03870583698153496,0.131178081035614,0.04158308357000351
redkitchen,test,seq-04,redkitchen/seq-04/frame-000020.color.png,1.2743737,-0.1494204,0.54777527,0.986977391,0.097315158,0.116988903,0.0521439,1.4127434492111206,-0.3915528655052185,0.6164418458938599,0.9889413714408875,0.0382392518222332,0.13616663217544556,0.044624801725149155
redkitchen,test,seq-04,redkitchen/seq-04/frame-000021.color.png,1.2757504,-0.15072705,0.54793733,0.986983172,0.096928173,0.117177004,0.052332562,1.4239044189453125,-0.39397168159484863,0.6122044920921326,0.9887004494667053,0.03728491812944412,0.1383054256439209,0.044191423803567886
redkitchen,test,seq-04,redkitchen/seq-04/frame-000022.color.png,1.2760068,-0.15099771,0.54908228,0.987016395,0.096924774,0.118044288,0.049696775,1.4324108362197876,-0.3948233723640442,0.6061713099479675,0.9899991154670715,0.040009625256061554,0.1295979917049408,0.038797274231910706
redkitchen,test,seq-04,redkitchen/seq-04/frame-000023.color.png,1.2778231,-0.15222867,0.54913002,0.987214132,0.096062994,0.11832688,0.046678772,1.4609602689743042,-0.39976274967193604,0.618847131729126,0.9902039170265198,0.0390884168446064,0.12885016202926636,0.03695730119943619
redkitchen,test,seq-04,redkitchen/seq-04/frame-000024.color.png,1.2780288,-0.15574721,0.55058175,0.987630026,0.093466166,0.11818867,0.043387152,1.496715784072876,-0.4252607226371765,0.6063377261161804,0.990500271320343,0.03662250563502312,0.12681414186954498,0.03855300322175026
redkitchen,test,seq-04,redkitchen/seq-04/frame-000025.color.png,1.2783031,-0.15680535,0.55280298,0.988314219,0.089591231,0.117095835,0.038690831,1.5382009744644165,-0.41362661123275757,0.6690983176231384,0.9916417002677917,0.039229944348335266,0.11831003427505493,0.03332532197237015
redkitchen,test,seq-04,redkitchen/seq-04/frame-000026.color.png,1.2815377,-0.15962422,0.55355835,0.988972798,0.085433577,0.116116303,0.033925116,1.5813971757888794,-0.3728499412536621,0.6306926012039185,0.9917346239089966,0.04350525513291359,0.11672363430261612,0.03074650652706623
redkitchen,test,seq-04,redkitchen/seq-04/frame-000027.color.png,1.2818309,-0.16191623,0.55505753,0.989079036,0.083898995,0.117329262,0.030289653,1.6115260124206543,-0.37043118476867676,0.6233958601951599,0.992530107498169,0.03684891015291214,0.11305077373981476,0.02730412781238556
redkitchen,test,seq-04,redkitchen/seq-04/frame-000028.color.png,1.2836072,-0.1640477,0.55580211,0.989075749,0.084046061,0.117906788,0.027629904,1.6392593383789062,-0.38139933347702026,0.6320281028747559,0.9936591982841492,0.03815559297800064,0.10380304604768753,0.020257914438843727
redkitchen,test,seq-04,redkitchen/seq-04/frame-000029.color.png,1.2851962,-0.16547637,0.55711085,0.989025254,0.083834013,0.118726425,0.026550732,1.6348928213119507,-0.39956146478652954,0.6551169157028198,0.9936838746070862,0.033130817115306854,0.10514131933450699,0.02097538858652115
redkitchen,test,seq-04,redkitchen/seq-04/frame-000030.color.png,1.2886037,-0.16840616,0.55767888,0.989246958,0.084792368,0.116127345,0.026742285,1.6919777393341064,-0.3813074231147766,0.6545509696006775,0.9959353804588318,0.04014923423528671,0.07869429141283035,0.017552508041262627
redkitchen,test,seq-04,redkitchen/seq-04/frame-000031.color.png,1.2905564,-0.16971286,0.55880666,0.989249448,0.08962352,0.111767103,0.029347381,1.619009017944336,-0.39218300580978394,0.6847057938575745,0.9946876764297485,0.03910185024142265,0.09235629439353943,0.023189684376120567
redkitchen,test,seq-04,redkitchen/seq-04/frame-000032.color.png,1.292145,-0.16907211,0.56200057,0.989575417,0.091088473,0.107556045,0.029581762,1.6171725988388062,-0.36234015226364136,0.7091524600982666,0.994496762752533,0.03964109346270561,0.09522025287151337,0.018381427973508835
redkitchen,test,seq-04,redkitchen/seq-04/frame-000033.color.png,1.2939975,-0.17152867,0.56449842,0.990959417,0.083106723,0.102762173,0.02307905,1.6194456815719604,-0.3405609130859375,0.7087550759315491,0.9967113137245178,0.037985704839229584,0.07157652825117111,0.000675970921292901
redkitchen,test,seq-04,redkitchen/seq-04/frame-000034.color.png,1.3015558,-0.17909686,0.56455177,0.99235976,0.074768167,0.096096096,0.019934088,1.7983144521713257,-0.37448275089263916,0.729831874370575,0.9966938495635986,0.03004927560687065,0.07462597638368607,0.011375809088349342
redkitchen,test,seq-04,redkitchen/seq-04/frame-000035.color.png,1.3066096,-0.17937319,0.56600767,0.99279152,0.073687542,0.092616889,0.018901205,1.7379231452941895,-0.35658568143844604,0.653667151927948,0.9946914911270142,0.030796701088547707,0.09616480767726898,0.019819840788841248
redkitchen,test,seq-04,redkitchen/seq-04/frame-000036.color.png,1.3087486,-0.18291274,0.56920272,0.993487637,0.067104288,0.090350495,0.017779713,1.7675455808639526,-0.40300101041793823,0.6970881223678589,0.9954895973205566,0.016559841111302376,0.0924733579158783,0.013226118870079517
redkitchen,test,seq-04,redkitchen/seq-04/frame-000037.color.png,1.3149302,-0.19067618,0.57035512,0.994468514,0.058909685,0.085585711,0.015398375,1.8468843698501587,-0.36589735746383667,0.6405620574951172,0.9970185160636902,0.01770925149321556,0.07416832447052002,0.011817025020718575
redkitchen,test,seq-04,redkitchen/seq-04/frame-000038.color.png,1.3192129,-0.19386241,0.57281256,0.99560693,0.050398288,0.077787394,0.013265577,1.7248095273971558,-0.35864776372909546,0.6375040411949158,0.999204695224762,0.016241665929555893,0.03599312901496887,-0.005542098544538021
redkitchen,test,seq-04,redkitchen/seq-04/frame-000039.color.png,1.3248518,-0.20078549,0.57417327,0.996540656,0.03993627,0.071999462,0.011308967,1.7754931449890137,-0.38363081216812134,0.6212159395217896,0.9976822137832642,0.005564423277974129,0.0677722916007042,-0.002518376335501671
redkitchen,test,seq-04,redkitchen/seq-04/frame-000040.color.png,1.3280641,-0.20028344,0.57374114,0.996961079,0.033868227,0.069753449,0.007483718,1.7910913228988647,-0.4261293411254883,0.5553209781646729,0.9974926114082336,-0.0002621754538267851,0.07077077776193619,0.00013192826008889824
redkitchen,test,seq-04,redkitchen/seq-04/frame-000041.color.png,1.3303562,-0.20478898,0.57337344,0.997318727,0.027575001,0.067777541,-0.001086609,1.8415189981460571,-0.39724916219711304,0.5601228475570679,0.997909665107727,-0.00037433035322465,0.06443634629249573,-0.004920260049402714
redkitchen,test,seq-04,redkitchen/seq-04/frame-000042.color.png,1.3342339,-0.21224433,0.57226729,0.997718879,0.021773955,0.063441354,-0.007624173,1.870970606803894,-0.39700013399124146,0.5386245846748352,0.9982894062995911,-0.0012001422001048923,0.05826061964035034,-0.004749514162540436
redkitchen,test,seq-04,redkitchen/seq-04/frame-000043.color.png,1.337615,-0.21837838,0.56889892,0.99784149,0.021007887,0.061536835,-0.00917865,1.8193072080612183,-0.40861284732818604,0.5137385725975037,0.9981224536895752,-0.005496298894286156,0.060927994549274445,-0.0030437353998422623
redkitchen,test,seq-04,redkitchen/seq-04/frame-000044.color.png,1.3366708,-0.22258666,0.56779844,0.997914281,0.02193718,0.05939777,-0.01255995,1.9052724838256836,-0.43287110328674316,0.5770628452301025,0.9986377358436584,-0.005265813786536455,0.051362644881010056,-0.007539551239460707
redkitchen,test,seq-04,redkitchen/seq-04/frame-000045.color.png,1.3397141,-0.23003063,0.56464928,0.998095987,0.021060835,0.055923512,-0.015277495,1.9301835298538208,-0.42927086353302,0.5371423959732056,0.9986070990562439,-0.006558140739798546,0.05165746062994003,-0.0085180988535285
redkitchen,test,seq-04,redkitchen/seq-04/frame-000046.color.png,1.3398737,-0.23385578,0.56151706,0.99815983,0.024025556,0.053851491,-0.014133091,1.8978816270828247,-0.4509771466255188,0.5725476741790771,0.9991520643234253,-0.00604828167706728,0.03975408151745796,-0.008839854039251804
redkitchen,test,seq-04,redkitchen/seq-04/frame-000047.color.png,1.3441558,-0.23553367,0.55844504,0.998315557,0.025396854,0.050112914,-0.014482574,1.878960132598877,-0.44045186042785645,0.5515502691268921,0.9994289875030518,-0.005641525611281395,0.0318775549530983,-0.009673312306404114
redkitchen,test,seq-04,redkitchen/seq-04/frame-000048.color.png,1.3470222,-0.24160318,0.55435151,0.998317838,0.025654025,0.049191655,-0.016838848,1.866005539894104,-0.427650511264801,0.5413109660148621,0.9996767044067383,-0.004019508603960276,0.021875103935599327,-0.012320525012910366
redkitchen,test,seq-04,redkitchen/seq-04/frame-000049.color.png,1.3469542,-0.24611257,0.5523169,0.998140567,0.027626857,0.050717355,-0.019491432,1.8319461345672607,-0.4512881636619568,0.5475500822067261,0.9997633695602417,-0.004493249114602804,0.01556281466037035,-0.014520819298923016
redkitchen,test,seq-04,redkitchen/seq-04/frame-000050.color.png,1.3473071,-0.25304717,0.55115396,0.998134531,0.025202155,0.050998828,-0.022168199,1.8612202405929565,-0.4403645396232605,0.5517387986183167,0.9997342228889465,-0.0006215887260623276,0.017619453370571136,-0.014852757565677166
redkitchen,test,seq-04,redkitchen/seq-04/frame-000051.color.png,1.3488936,-0.25827062,0.54815853,0.998109164,0.024292492,0.05146351,-0.023226696,1.8444370031356812,-0.4470052719116211,0.5355733036994934,0.9997304081916809,-0.0014461732935160398,0.01718030497431755,-0.015551281161606312
redkitchen,test,seq-04,redkitchen/seq-04/frame-000052.color.png,1.3463647,-0.26117855,0.54768836,0.998122312,0.024419814,0.050841638,-0.023888302,1.8721282482147217,-0.4466894268989563,0.5850878357887268,0.9995194673538208,0.0001426557282684371,0.02661929652094841,-0.015882428735494614
redkitchen,test,seq-04,redkitchen/seq-04/frame-000053.color.png,1.3489674,-0.26966512,0.54749161,0.998373489,0.018200841,0.047316522,-0.026081666,1.840831995010376,-0.40929460525512695,0.5522745251655579,0.9997214674949646,-0.0019624328706413507,0.010146205313503742,-0.021218257024884224
redkitchen,test,seq-04,redkitchen/seq-04/frame-000054.color.png,1.3507187,-0.27476096,0.54574943,0.998415813,0.013617484,0.047578987,-0.026770665,1.886368989944458,-0.4224223494529724,0.5236151218414307,0.9996151924133301,-0.009169891476631165,0.017832927405834198,-0.019168082624673843
redkitchen,test,seq-04,redkitchen/seq-04/frame-000055.color.png,1.3448979,-0.28063771,0.54715014,0.998583724,0.007591342,0.043286269,-0.029986946,1.8050800561904907,-0.3821394443511963,0.6438344717025757,0.9995751976966858,-0.0014145472086966038,0.0037965700030326843,-0.028859687969088554
redkitchen,test,seq-04,redkitchen/seq-04/frame-000056.color.png,1.3525862,-0.29022378,0.54499513,0.998812932,0.000608594,0.035938063,-0.03287571,1.898695945739746,-0.4481540322303772,0.6005508899688721,0.9994514584541321,-0.015515676699578762,0.02565540373325348,-0.014063945040106773
redkitchen,test,seq-04,redkitchen/seq-04/frame-000057.color.png,1.3528067,-0.29271314,0.54496592,0.998825503,-0.001708428,0.034803665,-0.033666004,1.896484613418579,-0.4580346345901489,0.6057580709457397,0.9994868040084839,-0.023852353915572166,0.01484765950590372,-0.015388107858598232
redkitchen,test,seq-04,redkitchen/seq-04/frame-000058.color.png,1.3511934,-0.30016881,0.54472679,0.998758304,-0.007750371,0.031535318,-0.037779709,1.9089804887771606,-0.48445308208465576,0.6685708165168762,0.9993698000907898,-0.019225621595978737,0.024995213374495506,-0.01630118116736412
redkitchen,test,seq-04,redkitchen/seq-04/frame-000059.color.png,1.3525105,-0.30681813,0.54229707,0.99878291,-0.011284637,0.028058964,-0.038962175,1.9062390327453613,-0.4659552574157715,0.6465974450111389,0.999407172203064,-0.018936024978756905,0.02331366389989853,-0.01682814583182335
redkitchen,test,seq-04,redkitchen/seq-04/frame-000060.color.png,1.3536701,-0.31143177,0.54182416,0.998862429,-0.014319654,0.023381452,-0.03901415,1.8568812608718872,-0.44279932975769043,0.6690981388092041,0.9995402097702026,-0.019192568957805634,0.003843525890260935,-0.023158349096775055
redkitchen,test,seq-04,redkitchen/seq-04/frame-000061.color.png,1.3577677,-0.31853765,0.53829026,0.998933566,-0.017035181,0.019166863,-0.038394843,1.8820325136184692,-0.41233521699905396,0.6519632339477539,0.9997377395629883,-0.014874720014631748,0.0033715160097926855,-0.01708441972732544
redkitchen,test,seq-04,redkitchen/seq-04/frame-000062.color.png,1.3588024,-0.32287195,0.53623551,0.998995175,-0.017108904,0.018141578,-0.03723988,1.8523775339126587,-0.41222625970840454,0.6509632468223572,0.9996889233589172,-0.017490249127149582,-0.000837715168017894,-0.01776178926229477
redkitchen,test,seq-04,redkitchen/seq-04/frame-000063.color.png,1.3533088,-0.32569197,0.53748769,0.999008737,-0.020985184,0.014310993,-0.036556265,1.838333010673523,-0.4013213515281677,0.6616867780685425,0.9994931817054749,-0.020920202136039734,-0.005261843558400869,-0.023409388959407806
redkitchen,test,seq-04,redkitchen/seq-04/frame-000064.color.png,1.3631589,-0.33610266,0.53313315,0.99892661,-0.027311813,0.006758998,-0.036796849,1.7812546491622925,-0.43244028091430664,0.6237522959709167,0.999226450920105,-0.034229010343551636,-0.007563759572803974,-0.017822273075580597
redkitchen,test,seq-04,redkitchen/seq-04/frame-000065.color.png,1.3627393,-0.34161341,0.53067333,0.99904382,-0.026806223,0.006098008,-0.033995379,1.7481592893600464,-0.4365037679672241,0.6153714060783386,0.9992002844810486,-0.034988947212696075,-0.0021445760503411293,-0.01923166774213314
redkitchen,test,seq-04,redkitchen/seq-04/frame-000066.color.png,1.3582397,-0.34484333,0.53211492,0.999005923,-0.031087465,0.001390984,-0.031918648,1.7045010328292847,-0.4092560410499573,0.6293277740478516,0.9991073608398438,-0.032355744391679764,-0.011677855625748634,-0.02452300861477852
redkitchen,test,seq-04,redkitchen/seq-04/frame-000067.color.png,1.3618324,-0.35454771,0.52736926,0.998826929,-0.038110485,-0.006707099,-0.029109661,1.7333755493164062,-0.4283798933029175,0.6722157001495361,0.9991400837898254,-0.029367543756961823,-0.021482016891241074,-0.019876450300216675
redkitchen,test,seq-04,redkitchen/seq-04/frame-000068.color.png,1.3649026,-0.35769284,0.52490729,0.998812925,-0.040340641,-0.012722417,-0.024156038,1.8046566247940063,-0.4491848349571228,0.6914234161376953,0.9990014433860779,-0.034047044813632965,-0.021013695746660233,-0.019880125299096107
redkitchen,test,seq-04,redkitchen/seq-04/frame-000069.color.png,1.3732084,-0.36697024,0.52135861,0.998614341,-0.044280874,-0.016734891,-0.022990131,1.7701261043548584,-0.4463955760002136,0.6427857279777527,0.9988271594047546,-0.04144042730331421,-0.013853347860276699,-0.02086055465042591
redkitchen,test,seq-04,redkitchen/seq-04/frame-000070.color.png,1.3757353,-0.3779228,0.51645625,0.998665721,-0.043954822,-0.012231102,-0.024189922,1.78726327419281,-0.41513705253601074,0.7046458721160889,0.9980229735374451,-0.03341192007064819,-0.04527294263243675,-0.027998782694339752
redkitchen,test,seq-04,redkitchen/seq-04/frame-000071.color.png,1.3731948,-0.38335493,0.51286101,0.998846913,-0.040635549,-0.004967121,-0.025078368,1.744652509689331,-0.5065038800239563,0.6248498558998108,0.998822033405304,-0.04352949187159538,-0.01010067481547594,-0.018909698352217674
redkitchen,test,seq-04,redkitchen/seq-04/frame-000072.color.png,1.3714894,-0.38923481,0.50962937,0.998920153,-0.040289659,-0.003812901,-0.022819579,1.695485234260559,-0.48504573106765747,0.5907478332519531,0.9989110231399536,-0.04198189079761505,0.015599689446389675,-0.013075186870992184
redkitchen,test,seq-04,redkitchen/seq-04/frame-000073.color.png,1.3781503,-0.39751062,0.50485349,0.999022548,-0.039344819,-0.002249152,-0.020021862,1.7036281824111938,-0.48447948694229126,0.6349316239356995,0.9991768598556519,-0.037353795021772385,0.0007474739104509354,-0.015800517052412033
redkitchen,test,seq-04,redkitchen/seq-04/frame-000074.color.png,1.3744309,-0.40131837,0.50129479,0.999170416,-0.035472842,0.003886856,-0.019622661,1.7331335544586182,-0.5178846716880798,0.5668886303901672,0.9991085529327393,-0.03762591630220413,0.011984088458120823,-0.014928273856639862
redkitchen,test,seq-04,redkitchen/seq-04/frame-000075.color.png,1.3699203,-0.40562293,0.49950874,0.99922039,-0.034697073,0.005224998,-0.018094873,1.7112597227096558,-0.4892946481704712,0.5380250811576843,0.9984915852546692,-0.0410013385117054,0.03523212671279907,-0.009598166681826115
redkitchen,test,seq-04,redkitchen/seq-04/frame-000076.color.png,1.3680774,-0.41071308,0.49896419,0.999189155,-0.037918395,0.002798805,-0.013243648,1.7337597608566284,-0.5022479295730591,0.5473307371139526,0.9985992908477783,-0.03816605359315872,0.03570333123207092,-0.008249971084296703
redkitchen,test,seq-04,redkitchen/seq-04/frame-000077.color.png,1.3702676,-0.41647476,0.49563289,0.999133621,-0.040191903,-0.003186254,-0.010318218,1.68262779712677,-0.4688066244125366,0.5812618136405945,0.9992455840110779,-0.03277810290455818,0.01983412727713585,-0.006370916962623596
redkitchen,test,seq-04,redkitchen/seq-04/frame-000078.color.png,1.3752823,-0.42009014,0.49353382,0.999163984,-0.039177174,-0.008554331,-0.007956515,1.7275127172470093,-0.5150906443595886,0.5751630067825317,0.9984155297279358,-0.033446263521909714,0.044874586164951324,-0.0058288369327783585
redkitchen,test,seq-04,redkitchen/seq-04/frame-000079.color.png,1.3805027,-0.4241015,0.49132392,0.999156668,-0.039635648,-0.008975788,-0.005865524,1.714169979095459,-0.5146797299385071,0.5956462621688843,0.9986804723739624,-0.03431689366698265,0.03782319277524948,-0.005374751053750515
redkitchen,test,seq-04,redkitchen/seq-04/frame-000080.color.png,1.3815902,-0.43394563,0.48692328,0.999224445,-0.038770524,-0.00513261,-0.004583801,1.6627306938171387,-0.5219104290008545,0.6039583683013916,0.9989920258522034,-0.031054820865392685,0.03135812655091286,-0.008196556009352207
redkitchen,test,seq-04,redkitchen/seq-04/frame-000081.color.png,1.380674,-0.43613461,0.48448381,0.999432128,-0.033581246,0.000526673,-0.0027285,1.703708529472351,-0.5321682691574097,0.5870065689086914,0.9987446069717407,-0.03389959782361984,0.0361529216170311,-0.0072803194634616375
redkitchen,test,seq-04,redkitchen/seq-04/frame-000082.color.png,1.3771981,-0.43811297,0.48450628,0.999426237,-0.033410974,0.004645357,-0.003053669,1.6932802200317383,-0.5413969159126282,0.5432818531990051,0.997992992401123,-0.03520863503217697,0.05247880890965462,-0.004032317083328962
redkitchen,test,seq-04,redkitchen/seq-04/frame-000083.color.png,1.3798647,-0.44822389,0.48123816,0.999358092,-0.035490828,0.004467461,-0.00196119,1.673438310623169,-0.5377606153488159,0.5418803691864014,0.9978326559066772,-0.03409191220998764,0.05623186379671097,-0.00236420426517725
redkitchen,test,seq-04,redkitchen/seq-04/frame-000084.color.png,1.3809946,-0.45304713,0.47836816,0.999461341,-0.032232595,0.006149411,0.000522668,1.671472430229187,-0.5292720794677734,0.5531938672065735,0.9984549880027771,-0.026593726128339767,0.048444222658872604,-0.005783304572105408
redkitchen,test,seq-04,redkitchen/seq-04/frame-000085.color.png,1.378984,-0.45574468,0.47741303,0.999501677,-0.030448046,0.008317882,-0.000357298,1.6293233633041382,-0.496651828289032,0.47642266750335693,0.9982622861862183,-0.024511337280273438,0.05352224037051201,0.0026421465445309877
redkitchen,test,seq-04,redkitchen/seq-04/frame-000086.color.png,1.3816454,-0.4625355,0.47460601,0.999485422,-0.031121101,0.007769688,-2.28e-05,1.6287835836410522,-0.5016338229179382,0.4847415089607239,0.9983431100845337,-0.023242617025971413,0.05254761502146721,0.003095420077443123
redkitchen,test,seq-04,redkitchen/seq-04/frame-000087.color.png,1.3830521,-0.46729758,0.47126541,0.99954838,-0.02837192,0.009711676,0.001937592,1.665296196937561,-0.5022705793380737,0.49965178966522217,0.998683512210846,-0.019218210130929947,0.047480374574661255,-0.002747149672359228
redkitchen,test,seq-04,redkitchen/seq-04/frame-000088.color.png,1.3804297,-0.46983945,0.46921116,0.99958124,-0.025807218,0.013069709,0.000717463,1.6623409986495972,-0.4908633828163147,0.4459535479545593,0.9984208941459656,-0.021013477817177773,0.0519338920712471,-0.004134890157729387
redkitchen,test,seq-04,redkitchen/seq-04/frame-000089.color.png,1.3825305,-0.47397944,0.46797523,0.999600251,-0.025332403,0.012554174,-1.96e-05,1.6794390678405762,-0.48997431993484497,0.43777599930763245,0.9985384345054626,-0.019711975008249283,0.050298430025577545,-0.0016191748436540365
redkitchen,test,seq-04,redkitchen/seq-04/frame-000090.color.png,1.3828852,-0.48014659,0.4663828,0.999583797,-0.025669133,0.013157751,0.000450086,1.666748285293579,-0.4828811287879944,0.4602365493774414,0.9983082413673401,-0.017057083547115326,0.05553194880485535,-0.002413877286016941
redkitchen,test,seq-04,redkitchen/seq-04/frame-000091.color.png,1.3844278,-0.48545739,0.46427536,0.99961011,-0.024864654,0.012703383,2.09e-05,1.6930867433547974,-0.5112584829330444,0.45448681712150574,0.9982927441596985,-0.022048726677894592,0.053793150931596756,-0.005644886288791895
redkitchen,test,seq-04,redkitchen/seq-04/frame-000092.color.png,1.3863575,-0.49077258,0.46345672,0.999643228,-0.024016651,0.011683334,0.000342649,1.707806944847107,-0.5049418807029724,0.43942633271217346,0.9987133145332336,-0.019778091460466385,0.04579582065343857,-0.009124730713665485
redkitchen,test,seq-04,redkitchen/seq-04/frame-000093.color.png,1.3880074,-0.49521083,0.46300322,0.999670002,-0.023697342,0.009899943,0.000560881,1.6910022497177124,-0.5242521166801453,0.4550328850746155,0.9982452392578125,-0.021253084763884544,0.05467052012681961,-0.008122430182993412
redkitchen,test,seq-04,redkitchen/seq-04/frame-000094.color.png,1.3928219,-0.50022483,0.46187145,0.999711895,-0.022529159,0.008267011,0.000469294,1.6877684593200684,-0.5145524740219116,0.466876357793808,0.998425304889679,-0.01710030436515808,0.05288272351026535,-0.007618485949933529
redkitchen,test,seq-04,redkitchen/seq-04/frame-000095.color.png,1.3920908,-0.50267857,0.46099645,0.999703038,-0.021141331,0.012117047,0.000238962,1.679299235343933,-0.5216790437698364,0.5033694505691528,0.9992331862449646,-0.015521417371928692,0.03494632989168167,-0.008416575379669666
redkitchen,test,seq-04,redkitchen/seq-04/frame-000096.color.png,1.3897229,-0.5078215,0.46134219,0.999664197,-0.021838926,0.013924676,-0.000810621,1.647053599357605,-0.5160086154937744,0.48317569494247437,0.9988374710083008,-0.015352278016507626,0.04531576856970787,-0.005870461463928223
redkitchen,test,seq-04,redkitchen/seq-04/frame-000097.color.png,1.394104,-0.51367599,0.46376666,0.999686473,-0.023609455,0.008319509,0.000578242,1.6909505128860474,-0.5133448839187622,0.4876139760017395,0.9987235069274902,-0.015177990309894085,0.047482021152973175,-0.008156434632837772
redkitchen,test,seq-04,redkitchen/seq-04/frame-000098.color.png,1.4038441,-0.51931185,0.46497628,0.999651606,-0.025858646,0.004341295,0.003024923,1.6054725646972656,-0.5046703219413757,0.44472405314445496,0.9987049698829651,-0.018426300957798958,0.04729180410504341,-0.003527611494064331
redkitchen,test,seq-04,redkitchen/seq-04/frame-000099.color.png,1.4051483,-0.52353406,0.46544689,0.999642396,-0.026201074,0.004790691,0.002373352,1.6088814735412598,-0.5137038230895996,0.4496423006057739,0.9984276294708252,-0.01912660524249077,0.052576370537281036,-0.003491281531751156
redkitchen,test,seq-04,redkitchen/seq-04/frame-000100.color.png,1.409791,-0.52986509,0.46700144,0.999622212,-0.027152938,0.004128293,0.00105262,1.6233446598052979,-0.5220412015914917,0.4599095284938812,0.998553991317749,-0.02077467180788517,0.04926414042711258,-0.00561027554795146
redkitchen,test,seq-04,redkitchen/seq-04/frame-000101.color.png,1.4128529,-0.53403884,0.46861285,0.999595686,-0.028069209,0.004332148,0.001347429,1.637618064880371,-0.5373234748840332,0.46857354044914246,0.9985471367835999,-0.01614811271429062,0.05118882283568382,-0.0047578997910022736
redkitchen,test,seq-04,redkitchen/seq-04/frame-000102.color.png,1.4164163,-0.53926128,0.4690831,0.999579222,-0.028672173,0.004362744,0.000501002,1.6396113634109497,-0.550608217716217,0.48078078031539917,0.9986414313316345,-0.0188294667750597,0.048397671431303024,-0.004285166040062904
redkitchen,test,seq-04,redkitchen/seq-04/frame-000103.color.png,1.4199613,-0.54410064,0.47022706,0.999593383,-0.028150072,0.004362222,-0.001270287,1.6791132688522339,-0.54314124584198,0.4938544034957886,0.9987770318984985,-0.014707382768392563,0.046671684831380844,-0.0070699891075491905
redkitchen,test,seq-04,redkitchen/seq-04/frame-000104.color.png,1.4206161,-0.54675364,0.47155759,0.999599101,-0.027706149,0.005503994,-0.001926664,1.6641576290130615,-0.5367588400840759,0.4641442894935608,0.9991474151611328,-0.017309747636318207,0.036375992000103,-0.009025673381984234
redkitchen,test,seq-04,redkitchen/seq-04/frame-000105.color.png,1.4269506,-0.55477768,0.47465035,0.999537589,-0.030056154,0.003069158,-0.003437578,1.7313052415847778,-0.5452500581741333,0.4883028566837311,0.9990014433860779,-0.017291836440563202,0.040550217032432556,-0.0072652255184948444
redkitchen,test,seq-04,redkitchen/seq-04/frame-000106.color.png,1.4306362,-0.5598073,0.47365671,0.99957528,-0.028765304,0.003323132,-0.003282454,1.738826870918274,-0.5543032288551331,0.5361191034317017,0.9994550347328186,-0.01169772818684578,0.028221186250448227,-0.012503010220825672
redkitchen,test,seq-04,redkitchen/seq-04/frame-000107.color.png,1.4295216,-0.5621708,0.4748483,0.999617297,-0.026470656,0.006075248,-0.005258806,1.76185142993927,-0.5210810303688049,0.5215699076652527,0.9997979998588562,-0.004513423424214125,0.012313969433307648,-0.015231533907353878
redkitchen,test,seq-04,redkitchen/seq-04/frame-000108.color.png,1.4338332,-0.56484824,0.47648481,0.999591971,-0.026029502,0.007270508,-0.009246378,1.7388280630111694,-0.5255097150802612,0.48114708065986633,0.9996926784515381,-0.010485189966857433,0.016081802546977997,-0.01568196527659893
redkitchen,test,seq-04,redkitchen/seq-04/frame-000109.color.png,1.4389187,-0.56935751,0.47928998,0.999546664,-0.026952688,0.007060673,-0.011408994,1.778091549873352,-0.5265654921531677,0.4806644022464752,0.999687671661377,-0.013205869123339653,0.013716057874262333,-0.016185449436306953
redkitchen,test,seq-04,redkitchen/seq-04/frame-000110.color.png,1.445518,-0.57521224,0.4816857,0.999521465,-0.02801308,0.005466264,-0.011925945,1.7640448808670044,-0.5281082987785339,0.4734279215335846,0.9997187256813049,-0.012529781088232994,0.008264681324362755,-0.018363894894719124
redkitchen,test,seq-04,redkitchen/seq-04/frame-000111.color.png,1.4504826,-0.58001167,0.4861345,0.999512715,-0.029045117,0.001839553,-0.011284069,1.858647346496582,-0.5277597904205322,0.5458239912986755,0.9997171759605408,-0.005965338554233313,0.004356455523520708,-0.022602399811148643
redkitchen,test,seq-04,redkitchen/seq-04/frame-000112.color.png,1.4580061,-0.58395833,0.48788407,0.999437114,-0.031612935,-0.002531559,-0.010939307,1.7685341835021973,-0.5339242219924927,0.4897476136684418,0.999747097492218,-0.0099398298189044,0.006153199356049299,-0.019209345802664757
redkitchen,test,seq-04,redkitchen/seq-04/frame-000113.color.png,1.463374,-0.5901621,0.48741195,0.999457013,-0.031186226,-0.001981162,-0.010448564,1.895332932472229,-0.5380521416664124,0.6049519777297974,0.9995505809783936,-0.0006794187356717885,-0.016472259536385536,-0.025035200640559196
redkitchen,test,seq-04,redkitchen/seq-04/frame-000114.color.png,1.465026,-0.59113228,0.48807025,0.999570203,-0.026914711,0.003016264,-0.011220929,1.8129150867462158,-0.5196736454963684,0.5820772647857666,0.9998185038566589,-0.002083553234115243,-0.0014581592986360192,-0.018881285563111305
redkitchen,test,seq-04,redkitchen/seq-04/frame-000115.color.png,1.4700383,-0.59452343,0.49141419,0.999556338,-0.026201173,0.002389982,-0.013961161,1.8717780113220215,-0.5277619957923889,0.5365321636199951,0.9998171925544739,-0.004128020256757736,0.005754240322858095,-0.01775806024670601
redkitchen,test,seq-04,redkitchen/seq-04/frame-000116.color.png,1.4776196,-0.60111243,0.49188203,0.999564732,-0.026590901,9.22e-05,-0.012777411,1.8528577089309692,-0.5422520637512207,0.5627501010894775,0.9998493790626526,-0.005936759058386087,-0.001661387155763805,-0.01622098870575428
redkitchen,test,seq-04,redkitchen/seq-04/frame-000117.color.png,1.4838166,-0.604581,0.49298465,0.999655346,-0.023928365,-0.000140725,-0.010798283,1.831132411956787,-0.5222916603088379,0.6171718835830688,0.99989253282547,0.0006189398700371385,-0.0025786191690713167,-0.014420393854379654
redkitchen,test,seq-04,redkitchen/seq-04/frame-000118.color.png,1.4891688,-0.60764509,0.49437571,0.999673589,-0.022014743,0.000434799,-0.012956764,1.8849461078643799,-0.5486325025558472,0.6143720746040344,0.9999108910560608,-0.0017438173526898026,-0.005394704639911652,-0.012084336951375008
redkitchen,test,seq-04,redkitchen/seq-04/frame-000119.color.png,1.4963119,-0.61149907,0.49633533,0.999677121,-0.02085784,-0.001645755,-0.014418567,1.867564082145691,-0.5643765926361084,0.6091573238372803,0.9999085068702698,-0.004696324933320284,-0.0006559810135513544,-0.012666161172091961
redkitchen,test,seq-04,redkitchen/seq-04/frame-000120.color.png,1.5042982,-0.61458361,0.49724135,0.999721106,-0.019543213,-0.002322136,-0.013053021,1.9056010246276855,-0.543042004108429,0.6205229163169861,0.9998228549957275,-0.0015385611914098263,-0.01080397143959999,-0.015335780568420887
redkitchen,test,seq-04,redkitchen/seq-04/frame-000121.color.png,1.5081334,-0.61676902,0.49858153,0.999744721,-0.017615318,-0.001381267,-0.014081402,1.943381667137146,-0.53760826587677,0.6487561464309692,0.9997100830078125,0.002480485010892153,-0.018069356679916382,-0.015715429559350014
redkitchen,test,seq-04,redkitchen/seq-04/frame-000122.color.png,1.5148323,-0.61849105,0.50059038,0.999720844,-0.015683486,-0.002801127,-0.017447506,1.9672178030014038,-0.5478109121322632,0.6305127739906311,0.9997698664665222,0.0022958863992244005,-0.009671421721577644,-0.019011368975043297
redkitchen,test,seq-04,redkitchen/seq-04/frame-000123.color.png,1.5212252,-0.62144786,0.50213891,0.999717911,-0.014908097,-0.004493338,-0.017934812,1.963246464729309,-0.5479993224143982,0.6579278707504272,0.9996383190155029,0.004803973715752363,-0.01956677809357643,-0.017810344696044922
redkitchen,test,seq-04,redkitchen/seq-04/frame-000124.color.png,1.5271065,-0.62325794,0.50469452,0.999714373,-0.013534383,-0.00488183,-0.019083003,1.9128483533859253,-0.5240886211395264,0.6357922554016113,0.9995203018188477,0.007410039193928242,-0.024023111909627914,-0.018088368698954582
redkitchen,test,seq-04,redkitchen/seq-04/frame-000125.color.png,1.5319965,-0.62449956,0.50709575,0.999686096,-0.012751347,-0.005871496,-0.020751831,1.9587944746017456,-0.5356035232543945,0.6416018009185791,0.999457836151123,0.007643682416528463,-0.025845283642411232,-0.01891140267252922
redkitchen,test,seq-04,redkitchen/seq-04/frame-000126.color.png,1.537652,-0.62647295,0.50881076,0.999679645,-0.011901134,-0.008149767,-0.020797875,1.9781498908996582,-0.5349259376525879,0.6512783169746399,0.9991723299026489,0.014277409762144089,-0.030878368765115738,-0.022299835458397865
redkitchen,test,seq-04,redkitchen/seq-04/frame-000127.color.png,1.5451347,-0.62716258,0.51284671,0.999599728,-0.011739664,-0.01209594,-0.022721198,1.980446696281433,-0.5324899554252625,0.6517043113708496,0.9989644289016724,0.01569812372326851,-0.03596597909927368,-0.023026015609502792
redkitchen,test,seq-04,redkitchen/seq-04/frame-000128.color.png,1.5528448,-0.62851214,0.51619828,0.999488499,-0.012282616,-0.015938935,-0.024856127,2.0146610736846924,-0.5615761280059814,0.6483713388442993,0.9982849359512329,0.013358689844608307,-0.05067083239555359,-0.026101775467395782
redkitchen,test,seq-04,redkitchen/seq-04/frame-000129.color.png,1.5566316,-0.63055003,0.51914638,0.999442731,-0.012405059,-0.018511978,-0.02485254,1.9964019060134888,-0.5473752021789551,0.6415053606033325,0.9983248114585876,0.014190898276865482,-0.04947506636381149,-0.02642643079161644
redkitchen,test,seq-04,redkitchen/seq-04/frame-000130.color.png,1.5595186,-0.63061881,0.52217245,0.999421709,-0.011068298,-0.017742164,-0.02681337,1.9984651803970337,-0.5460237860679626,0.6335787773132324,0.9983016848564148,0.011433820240199566,-0.048544250428676605,-0.030107440426945686
redkitchen,test,seq-04,redkitchen/seq-04/frame-000131.color.png,1.5628742,-0.63075912,0.52503896,0.999371,-0.010439503,-0.017469204,-0.02904219,1.9769810438156128,-0.5572597980499268,0.6092517971992493,0.9984710812568665,0.008321808651089668,-0.04455475136637688,-0.0316421315073967
redkitchen,test,seq-04,redkitchen/seq-04/frame-000132.color.png,1.5693181,-0.63103151,0.52994913,0.999355899,-0.010151718,-0.019339188,-0.028473225,1.9712976217269897,-0.5526679754257202,0.6280066967010498,0.9983788728713989,0.012243630364537239,-0.04691511020064354,-0.029812797904014587
redkitchen,test,seq-04,redkitchen/seq-04/frame-000133.color.png,1.572198,-0.6333344,0.53451401,0.999355848,-0.010760073,-0.021053421,-0.026997454,2.006200075149536,-0.5695465803146362,0.6315442323684692,0.9980534911155701,0.01344577968120575,-0.05328381806612015,-0.029484020546078682
redkitchen,test,seq-04,redkitchen/seq-04/frame-000134.color.png,1.5792896,-0.63083458,0.53958619,0.999271411,-0.010275476,-0.023895364,-0.027929783,2.0012383460998535,-0.562567949295044,0.633692741394043,0.9979346990585327,0.011469217017292976,-0.05503479763865471,-0.031078670173883438
redkitchen,test,seq-04,redkitchen/seq-04/frame-000135.color.png,1.581426,-0.63507926,0.54912823,0.999093252,-0.014033595,-0.026680728,-0.030064442,2.015962600708008,-0.5625495314598083,0.6580540537834167,0.9978073835372925,0.008891317993402481,-0.05859118327498436,-0.029469316825270653
redkitchen,test,seq-04,redkitchen/seq-04/frame-000136.color.png,1.585745,-0.63528562,0.5541153,0.999091033,-0.012897741,-0.028524835,-0.028932522,2.0018389225006104,-0.5471274852752686,0.6453012228012085,0.9980709552764893,0.013208647258579731,-0.05046331137418747,-0.03366684168577194
redkitchen,test,seq-04,redkitchen/seq-04/frame-000137.color.png,1.5881246,-0.63469315,0.56015509,0.999009986,-0.012574578,-0.031185542,-0.029127142,2.028391122817993,-0.5726277232170105,0.6378068923950195,0.9981154799461365,0.0052589597180485725,-0.05212835222482681,-0.03194518759846687
redkitchen,test,seq-04,redkitchen/seq-04/frame-000138.color.png,1.5923929,-0.63744283,0.5657438,0.998939574,-0.012953253,-0.032707106,-0.029701619,2.0486395359039307,-0.5841848254203796,0.6529355645179749,0.9978179335594177,0.007919962517917156,-0.055744048207998276,-0.03448459133505821
redkitchen,test,seq-04,redkitchen/seq-04/frame-000139.color.png,1.5964711,-0.63790554,0.57145458,0.998959098,-0.012311962,-0.033921506,-0.027901028,2.0384809970855713,-0.6020819544792175,0.6077033281326294,0.9977394938468933,0.00558259803801775,-0.057982187718153,-0.03350740671157837
redkitchen,test,seq-04,redkitchen/seq-04/frame-000140.color.png,1.598377,-0.63858068,0.57824701,0.998897105,-0.012940486,-0.035247098,-0.028191464,2.0550687313079834,-0.5978476405143738,0.620482325553894,0.9978560209274292,0.004191695246845484,-0.055849745869636536,-0.03386387974023819
redkitchen,test,seq-04,redkitchen/seq-04/frame-000141.color.png,1.5961013,-0.64023727,0.58397794,0.998835152,-0.013532315,-0.034713324,-0.030662705,2.0505521297454834,-0.5819458365440369,0.6533434987068176,0.9976024627685547,0.007700779940932989,-0.05938619747757912,-0.03468979150056839
redkitchen,test,seq-04,redkitchen/seq-04/frame-000142.color.png,1.6004404,-0.64282835,0.59723264,0.998967187,-0.014030996,-0.031001149,-0.030110131,2.0829505920410156,-0.5686967372894287,0.6642149686813354,0.9974324107170105,0.008046760223805904,-0.061273325234651566,-0.03618777543306351
redkitchen,test,seq-04,redkitchen/seq-04/frame-000143.color.png,1.6006938,-0.64488244,0.6048494,0.998969606,-0.015104163,-0.030075984,-0.030447085,2.0695061683654785,-0.5989135503768921,0.664355456829071,0.997791051864624,0.004843635950237513,-0.05708971992135048,-0.03361964225769043
redkitchen,test,seq-04,redkitchen/seq-04/frame-000144.color.png,1.6088697,-0.64667779,0.61184645,0.998875207,-0.015867283,-0.031238242,-0.031948739,2.065063238143921,-0.5972678661346436,0.6718745827674866,0.997931718826294,0.004757147282361984,-0.055560287088155746,-0.031980000436306
redkitchen,test,seq-04,redkitchen/seq-04/frame-000145.color.png,1.607097,-0.6484772,0.62022734,0.998898959,-0.016336002,-0.031801965,-0.030374981,2.0677194595336914,-0.5926381945610046,0.6881198883056641,0.9977365136146545,0.005916576832532883,-0.05887078866362572,-0.031954530626535416
redkitchen,test,seq-04,redkitchen/seq-04/frame-000146.color.png,1.6087068,-0.64890617,0.626459,0.999025242,-0.015618303,-0.029093005,-0.029295605,2.087610960006714,-0.5929772853851318,0.7092453241348267,0.9974468350410461,0.007127302698791027,-0.06558389216661453,-0.027341753244400024
redkitchen,test,seq-04,redkitchen/seq-04/frame-000147.color.png,1.6105453,-0.65229672,0.63548326,0.999115379,-0.015646275,-0.025479191,-0.029571352,2.0887222290039062,-0.6122511029243469,0.7214533090591431,0.9978018999099731,0.007144258823245764,-0.05973672866821289,-0.02778371050953865
redkitchen,test,seq-04,redkitchen/seq-04/frame-000148.color.png,1.6134436,-0.65639567,0.64406788,0.999106056,-0.016470212,-0.023951784,-0.030694175,2.1160264015197754,-0.6233890056610107,0.6971662044525146,0.9977580308914185,0.004704826977103949,-0.06026808172464371,-0.02871597744524479
redkitchen,test,seq-04,redkitchen/seq-04/frame-000149.color.png,1.6165001,-0.65909111,0.65220761,0.999106153,-0.01640235,-0.023817974,-0.03083119,2.0737884044647217,-0.6211311221122742,0.7076289653778076,0.9983898401260376,0.005634728819131851,-0.04866258054971695,-0.028598813340067863
redkitchen,test,seq-04,redkitchen/seq-04/frame-000150.color.png,1.6175498,-0.65933555,0.66189277,0.999110629,-0.015805996,-0.023684383,-0.031099395,2.09732985496521,-0.6672592163085938,0.7781961560249329,0.997134268283844,-0.004490621387958527,-0.0701339989900589,-0.028005201369524002
redkitchen,test,seq-04,redkitchen/seq-04/frame-000151.color.png,1.6181259,-0.66963333,0.68504912,0.998560389,-0.02545325,-0.031786939,-0.034912355,2.100126266479492,-0.6328667402267456,0.7951511144638062,0.9974126815795898,-0.0032687997445464134,-0.06792809814214706,-0.023304546251893044
redkitchen,test,seq-04,redkitchen/seq-04/frame-000152.color.png,1.6191441,-0.67383045,0.69503474,0.998381381,-0.028722315,-0.037127971,-0.032111701,2.0568301677703857,-0.6291621327400208,0.7247791886329651,0.9981961846351624,-0.0017407267587259412,-0.05195681005716324,-0.030029993504285812
redkitchen,test,seq-04,redkitchen/seq-04/frame-000153.color.png,1.6192681,-0.67706048,0.7042318,0.998363328,-0.029935902,-0.036486379,-0.03229939,2.1033732891082764,-0.6173149347305298,0.7296761870384216,0.9981744885444641,-0.004874665755778551,-0.05249122157692909,-0.02947269007563591
redkitchen,test,seq-04,redkitchen/seq-04/frame-000154.color.png,1.622363,-0.68119878,0.71450108,0.998387828,-0.030044867,-0.032034174,-0.035956403,2.127427577972412,-0.6327263712882996,0.7862708568572998,0.997640073299408,-0.00794413685798645,-0.06286738067865372,-0.02643565461039543
redkitchen,test,seq-04,redkitchen/seq-04/frame-000155.color.png,1.6224636,-0.68505251,0.72546351,0.998491269,-0.02968136,-0.026359611,-0.037939072,2.1671690940856934,-0.6231850981712341,0.8114849328994751,0.9975698590278625,0.00020907132420688868,-0.06374218314886093,-0.028129324316978455
redkitchen,test,seq-04,redkitchen/seq-04/frame-000156.color.png,1.6210274,-0.68950146,0.73660332,0.998565505,-0.031133656,-0.022282476,-0.037431522,2.122602701187134,-0.606399655342102,0.756258487701416,0.9974855184555054,0.0030366526916623116,-0.0631273090839386,-0.03206619620323181
redkitchen,test,seq-04,redkitchen/seq-04/frame-000157.color.png,1.6230031,-0.69554305,0.74736899,0.998528022,-0.033844251,-0.020800292,-0.036928355,2.1657485961914062,-0.6261582970619202,0.7907578349113464,0.997468113899231,0.004366962239146233,-0.06300683319568634,-0.032684262841939926
redkitchen,test,seq-04,redkitchen/seq-04/frame-000158.color.png,1.6251099,-0.70086277,0.75739229,0.998512782,-0.035102559,-0.019566392,-0.036840067,2.2316908836364746,-0.6274862289428711,0.7991758584976196,0.9973624348640442,0.0017892864998430014,-0.06285422295331955,-0.03625353425741196
redkitchen,test,seq-04,redkitchen/seq-04/frame-000159.color.png,1.6257117,-0.70532024,0.76822513,0.998555259,-0.035367542,-0.016719873,-0.036837183,2.2281126976013184,-0.6264223456382751,0.8046031594276428,0.9975044131278992,0.0007209298782981932,-0.06299309432506561,-0.03187928721308708
redkitchen,test,seq-04,redkitchen/seq-04/frame-000160.color.png,1.6300035,-0.70901561,0.77743745,0.998634631,-0.034637364,-0.012544114,-0.037037436,2.249556303024292,-0.6413116455078125,0.8133307099342346,0.9963212609291077,-0.002675819443538785,-0.07885729521512985,-0.03344077989459038
redkitchen,test,seq-04,redkitchen/seq-04/frame-000161.color.png,1.633527,-0.71239662,0.78701168,0.998763728,-0.033933823,-0.008201945,-0.035386991,2.171020269393921,-0.6381915807723999,0.8017422556877136,0.9969196319580078,0.00048561254516243935,-0.0714050754904747,-0.032441820949316025
redkitchen,test,seq-04,redkitchen/seq-04/frame-000162.color.png,1.6338077,-0.71619922,0.79824907,0.998844331,-0.034413832,-0.005104838,-0.033160688,2.164957046508789,-0.6345229148864746,0.778346836566925,0.9974502325057983,-0.00026440212968736887,-0.06256474554538727,-0.034331098198890686
redkitchen,test,seq-04,redkitchen/seq-04/frame-000163.color.png,1.6384437,-0.72061825,0.80833739,0.998789435,-0.036734807,-0.003649598,-0.032509986,2.1828877925872803,-0.6537880301475525,0.8112261295318604,0.9979342818260193,0.0009486405760981143,-0.05569323152303696,-0.03200917690992355
redkitchen,test,seq-04,redkitchen/seq-04/frame-000164.color.png,1.6402106,-0.72632301,0.81799906,0.998727089,-0.039445946,-0.003217737,-0.031270833,2.2071545124053955,-0.6484602689743042,0.8166084885597229,0.9978179335594177,0.003512745490297675,-0.05611437186598778,-0.03461582586169243
redkitchen,test,seq-04,redkitchen/seq-04/frame-000165.color.png,1.6429132,-0.72943205,0.8272965,0.998776608,-0.040121326,0.000271383,-0.028904881,2.190589427947998,-0.6484130620956421,0.8076085448265076,0.9971840381622314,0.004259773995727301,-0.06571901589632034,-0.03587351739406586
redkitchen,test,seq-04,redkitchen/seq-04/frame-000166.color.png,1.6427449,-0.73419911,0.83670014,0.998776352,-0.040895189,0.003947837,-0.027528123,2.1811373233795166,-0.6345237493515015,0.8226998448371887,0.9975641965866089,0.005598474759608507,-0.05917779356241226,-0.036502640694379807
redkitchen,test,seq-04,redkitchen/seq-04/frame-000167.color.png,1.6457009,-0.7381767,0.84583575,0.998824545,-0.039821802,0.004648072,-0.027242404,2.1626861095428467,-0.6438344120979309,0.8370394706726074,0.9976349472999573,0.004023654852062464,-0.05942926183342934,-0.034298937767744064
redkitchen,test,seq-04,redkitchen/seq-04/frame-000168.color.png,1.6450775,-0.74072719,0.85671282,0.998880981,-0.03972691,0.004597442,-0.025247211,2.137573719024658,-0.6465343236923218,0.8549845218658447,0.9979525208473206,0.0040315864607691765,-0.056300751864910126,-0.030079709365963936
redkitchen,test,seq-04,redkitchen/seq-04/frame-000169.color.png,1.6454456,-0.74439335,0.8670789,0.998854908,-0.04174921,0.005233576,-0.022770304,2.1402885913848877,-0.6373307108879089,0.872623860836029,0.9978846311569214,0.008159014396369457,-0.05715256184339523,-0.02988932840526104
redkitchen,test,seq-04,redkitchen/seq-04/frame-000170.color.png,1.6451205,-0.74939656,0.8771683,0.998813214,-0.043826101,0.002503192,-0.021099047,2.141249418258667,-0.6394681930541992,0.8272278308868408,0.9976853132247925,0.006547131109982729,-0.05958828702569008,-0.03210197761654854
redkitchen,test,seq-04,redkitchen/seq-04/frame-000171.color.png,1.6472332,-0.74986941,0.88653988,0.998761641,-0.045390011,-0.000598912,-0.020361038,2.127011775970459,-0.6254987716674805,0.828498363494873,0.9978345036506653,0.006010418292135,-0.057042818516492844,-0.03219348192214966
redkitchen,test,seq-04,redkitchen/seq-04/frame-000172.color.png,1.6490548,-0.75397503,0.89608806,0.998618703,-0.04836544,-0.001965058,-0.020435466,2.151402235031128,-0.6117056608200073,0.8255070447921753,0.997893750667572,0.006262165028601885,-0.057055361568927765,-0.030224230140447617
redkitchen,test,seq-04,redkitchen/seq-04/frame-000173.color.png,1.6519674,-0.75631154,0.90344781,0.998677731,-0.048019337,0.000848919,-0.01833607,2.139660596847534,-0.6056679487228394,0.8377082347869873,0.9977989196777344,0.0035023007076233625,-0.05973634496331215,-0.02857799455523491
redkitchen,test,seq-04,redkitchen/seq-04/frame-000174.color.png,1.6487073,-0.75833154,0.91396314,0.998716223,-0.047875663,0.002876321,-0.016295799,2.1083405017852783,-0.6180614233016968,0.8443503975868225,0.998193621635437,0.0026859287172555923,-0.052916355431079865,-0.02832278609275818
redkitchen,test,seq-04,redkitchen/seq-04/frame-000175.color.png,1.6510742,-0.76286846,0.923886,0.998580874,-0.050928561,7.78e-05,-0.015572878,2.134559154510498,-0.6072335243225098,0.8537190556526184,0.9982184767723083,0.008875953033566475,-0.05277301371097565,-0.02638343721628189
redkitchen,test,seq-04,redkitchen/seq-04/frame-000176.color.png,1.6535167,-0.76594383,0.93139476,0.998499206,-0.05311744,-0.002951476,-0.013006211,2.121006488800049,-0.5957489609718323,0.8164251446723938,0.9981451630592346,0.0038413358852267265,-0.053544383496046066,-0.02871522679924965
redkitchen,test,seq-04,redkitchen/seq-04/frame-000177.color.png,1.6559489,-0.76849604,0.93897188,0.998511866,-0.053582365,-0.002391872,-0.009862198,2.125986099243164,-0.6049574017524719,0.8134010434150696,0.9981558918952942,0.007003396283835173,-0.054957155138254166,-0.024810293689370155
redkitchen,test,seq-04,redkitchen/seq-04/frame-000178.color.png,1.6586393,-0.77036482,0.94613886,0.998552267,-0.05276135,0.001917428,-0.010292415,2.173506498336792,-0.6061255931854248,0.8822186589241028,0.9982070922851562,0.008376234211027622,-0.05459701269865036,-0.02305871993303299
redkitchen,test,seq-04,redkitchen/seq-04/frame-000179.color.png,1.6612229,-0.77234566,0.95403838,0.998577454,-0.051843199,0.004182973,-0.011741152,2.1530191898345947,-0.6133056282997131,0.8648951053619385,0.998404860496521,0.008453753776848316,-0.05150323361158371,-0.021533697843551636
redkitchen,test,seq-04,redkitchen/seq-04/frame-000180.color.png,1.6634692,-0.77449232,0.96250051,0.998513158,-0.053103723,0.004239471,-0.011554024,2.1222891807556152,-0.6015545725822449,0.8503464460372925,0.9983920454978943,0.007225247099995613,-0.0526692233979702,-0.01967257261276245
redkitchen,test,seq-04,redkitchen/seq-04/frame-000181.color.png,1.666145,-0.7804805,0.97071546,0.99832573,-0.056637756,0.001168345,-0.011684869,2.1230688095092773,-0.5982376337051392,0.8307533860206604,0.9981136322021484,0.012333549559116364,-0.05545143410563469,-0.0232863686978817
redkitchen,test,seq-04,redkitchen/seq-04/frame-000182.color.png,1.6707507,-0.78351849,0.97873068,0.998225549,-0.058251963,-0.005323026,-0.011141292,2.082606792449951,-0.6156420111656189,0.8389272689819336,0.9979792237281799,0.006409287452697754,-0.058016929775476456,-0.02511052042245865
redkitchen,test,seq-04,redkitchen/seq-04/frame-000183.color.png,1.6769184,-0.7875011,0.98708582,0.998142691,-0.059556361,-0.009703294,-0.008369841,2.101790189743042,-0.6133536696434021,0.8269008994102478,0.9979755282402039,0.005684252362698317,-0.058301135897636414,-0.02476697973906994
redkitchen,test,seq-04,redkitchen/seq-04/frame-000184.color.png,1.678313,-0.78982514,0.99433929,0.998251867,-0.057934072,-0.00834521,-0.008198255,2.105896472930908,-0.6182965040206909,0.8516857624053955,0.998286783695221,-0.001197539852000773,-0.054203640669584274,-0.022001046687364578
redkitchen,test,seq-04,redkitchen/seq-04/frame-000185.color.png,1.6815764,-0.79005772,1.0018002,0.998436411,-0.054383525,-0.005592287,-0.011657276,2.11802077293396,-0.6242266297340393,0.8867367506027222,0.9979991316795349,0.0023648675996810198,-0.05875202640891075,-0.02324414625763893
redkitchen,test,seq-04,redkitchen/seq-04/frame-000186.color.png,1.6816604,-0.79057151,1.0106102,0.998441955,-0.053336353,-0.005142805,-0.015570698,2.093695640563965,-0.6097495555877686,0.8750069737434387,0.9976869821548462,0.009783672168850899,-0.06159340962767601,-0.027041779831051826
redkitchen,test,seq-04,redkitchen/seq-04/frame-000187.color.png,1.685312,-0.79618257,1.0189054,0.998263848,-0.05588739,-0.006505622,-0.017423144,2.086773157119751,-0.6159452795982361,0.8767392635345459,0.9978926777839661,0.005622927565127611,-0.059644799679517746,-0.024919984862208366
redkitchen,test,seq-04,redkitchen/seq-04/frame-000188.color.png,1.6905398,-0.79975891,1.0258362,0.99832319,-0.054761129,-0.006936185,-0.017433215,2.1113133430480957,-0.6219332218170166,0.9023703336715698,0.9975536465644836,0.004689584486186504,-0.06492789834737778,-0.02547789178788662
redkitchen,test,seq-04,redkitchen/seq-04/frame-000189.color.png,1.6922244,-0.80042708,1.0327398,0.998451261,-0.052105491,-0.005131563,-0.018808634,2.1273789405822754,-0.6328308582305908,0.8996017575263977,0.9977099299430847,0.00911989901214838,-0.05977674946188927,-0.030305510386824608
redkitchen,test,seq-04,redkitchen/seq-04/frame-000190.color.png,1.6946213,-0.80435783,1.0406104,0.998499817,-0.050774773,-0.005172562,-0.019831354,2.0980780124664307,-0.6690540313720703,0.9082669019699097,0.9975903630256653,0.005122091621160507,-0.061773255467414856,-0.031165892258286476
redkitchen,test,seq-04,redkitchen/seq-04/frame-000191.color.png,1.6973455,-0.80529839,1.0489535,0.998554409,-0.04963141,-0.007803259,-0.019103019,2.090135097503662,-0.6577773690223694,0.929105281829834,0.9973979592323303,0.014159859158098698,-0.06426902860403061,-0.02943377010524273
redkitchen,test,seq-04,redkitchen/seq-04/frame-000192.color.png,1.7015096,-0.80925131,1.0576645,0.998415284,-0.051767235,-0.010605392,-0.019354565,2.077183246612549,-0.6452016830444336,0.9019486904144287,0.9982572793960571,0.010172919370234013,-0.05060010403394699,-0.028607919812202454
redkitchen,test,seq-04,redkitchen/seq-04/frame-000193.color.png,1.7046677,-0.81233341,1.0655458,0.998367505,-0.051808516,-0.011146679,-0.021306202,2.081360340118408,-0.6482754349708557,0.9383547902107239,0.9976149201393127,0.0065817274153232574,-0.06094551458954811,-0.03172875568270683
redkitchen,test,seq-04,redkitchen/seq-04/frame-000194.color.png,1.7086978,-0.8156653,1.0734992,0.998357679,-0.051093854,-0.010701321,-0.023597536,2.02983021736145,-0.6425158977508545,0.9370123744010925,0.9976454377174377,0.0066659399308264256,-0.06082381680607796,-0.03097601607441902
redkitchen,test,seq-04,redkitchen/seq-04/frame-000195.color.png,1.7114657,-0.81885153,1.0826402,0.99835048,-0.05054772,-0.011174744,-0.024826835,2.038841962814331,-0.6647014617919922,0.9030334949493408,0.9977204203605652,0.009126250632107258,-0.057901978492736816,-0.03343397006392479
redkitchen,test,seq-04,redkitchen/seq-04/frame-000196.color.png,1.7142178,-0.82350057,1.0913205,0.998257298,-0.052165116,-0.01289978,-0.02438778,2.0380148887634277,-0.6613084673881531,0.9360371232032776,0.997626781463623,0.009730164892971516,-0.05979255959391594,-0.03272655978798866
redkitchen,test,seq-04,redkitchen/seq-04/frame-000197.color.png,1.7184243,-0.82680881,1.0998629,0.998087053,-0.053818484,-0.015632473,-0.026104247,2.062755823135376,-0.6614773869514465,0.9267082214355469,0.9975482225418091,0.00609793234616518,-0.062143243849277496,-0.03160150349140167
redkitchen,test,seq-04,redkitchen/seq-04/frame-000198.color.png,1.7227683,-0.82999909,1.1081721,0.998015792,-0.054084974,-0.017743615,-0.026915752,2.0416266918182373,-0.6461309194564819,0.9201847314834595,0.9976617693901062,0.0015746713615953922,-0.05996007099747658,-0.03275933489203453
redkitchen,test,seq-04,redkitchen/seq-04/frame-000199.color.png,1.7246472,-0.83249676,1.1167494,0.99807733,-0.053356715,-0.017257417,-0.026398583,2.0741302967071533,-0.6728019714355469,0.9349313378334045,0.9973019361495972,0.0025706260930746794,-0.06555546075105667,-0.03293392062187195
redkitchen,test,seq-04,redkitchen/seq-04/frame-000200.color.png,1.7263457,-0.83587056,1.1262228,0.997941333,-0.05443244,-0.018102742,-0.028679207,2.078141689300537,-0.669252336025238,0.935276985168457,0.9973320364952087,0.006072706077247858,-0.06317587941884995,-0.036066245287656784
redkitchen,test,seq-04,redkitchen/seq-04/frame-000201.color.png,1.7307675,-0.83943695,1.1352853,0.997620864,-0.056412146,-0.021857359,-0.033053546,2.0084376335144043,-0.6755754351615906,0.9504361152648926,0.9970894455909729,-2.2850472305435687e-05,-0.06784102320671082,-0.03478891775012016
redkitchen,test,seq-04,redkitchen/seq-04/frame-000202.color.png,1.7345554,-0.83750558,1.1428126,0.997573132,-0.054241968,-0.020249574,-0.038673115,1.9793741703033447,-0.6788737177848816,0.9966724514961243,0.997512698173523,0.0012663333909586072,-0.05950089544057846,-0.03776872530579567
redkitchen,test,seq-04,redkitchen/seq-04/frame-000203.color.png,1.7370346,-0.8363834,1.151371,0.997674327,-0.050884762,-0.017525948,-0.041827245,2.0215272903442383,-0.6745814085006714,0.9707096815109253,0.9967206716537476,0.0007776210550218821,-0.0658046081662178,-0.04708573967218399
redkitchen,test,seq-04,redkitchen/seq-04/frame-000204.color.png,1.7397978,-0.8389746,1.1633224,0.997722105,-0.050874925,-0.01966532,-0.039694053,1.9875236749649048,-0.6547114849090576,0.9977176785469055,0.9973002672195435,0.008467736653983593,-0.05777072161436081,-0.04453130066394806
redkitchen,test,seq-04,redkitchen/seq-04/frame-000205.color.png,1.7446903,-0.84288609,1.1757493,0.997438325,-0.056474558,-0.025004678,-0.036085703,1.9875236749649048,-0.6547114849090576,0.9977176785469055,0.9973002672195435,0.008467736653983593,-0.05777072161436081,-0.04453130066394806
redkitchen,test,seq-04,redkitchen/seq-04/frame-000206.color.png,1.743679,-0.84067702,1.1751441,0.99746737,-0.055800172,-0.02494505,-0.036372115,2.018129825592041,-0.6827017068862915,0.9905109405517578,0.9971499443054199,0.003248480148613453,-0.06571709364652634,-0.03691551089286804
redkitchen,test,seq-04,redkitchen/seq-04/frame-000207.color.png,1.7510027,-0.84481263,1.1870104,0.99705922,-0.06031705,-0.029621629,-0.036841872,2.0109264850616455,-0.6675415635108948,1.002049207687378,0.9969729781150818,0.002854596357792616,-0.06747601181268692,-0.038519613444805145
redkitchen,test,seq-04,redkitchen/seq-04/frame-000208.color.png,1.7563204,-0.84530324,1.1973208,0.997004753,-0.060517855,-0.030940396,-0.036902634,2.0018322467803955,-0.6729971766471863,1.0083708763122559,0.9974867105484009,0.0003832899674307555,-0.06206100806593895,-0.03418278694152832
redkitchen,test,seq-04,redkitchen/seq-04/frame-000209.color.png,1.7570602,-0.84409016,1.2072723,0.99721224,-0.05952091,-0.029146544,-0.034285408,2.0231871604919434,-0.6816034913063049,1.0223745107650757,0.9975113868713379,-0.0008093902724795043,-0.06380234658718109,-0.02999536134302616
redkitchen,test,seq-04,redkitchen/seq-04/frame-000210.color.png,1.7590322,-0.84569728,1.217827,0.99711512,-0.059882584,-0.029976595,-0.035733988,2.0244557857513428,-0.6886302828788757,1.0442606210708618,0.997300922870636,0.001418247353285551,-0.06498130410909653,-0.03415050730109215
redkitchen,test,seq-04,redkitchen/seq-04/frame-000211.color.png,1.7636642,-0.84714288,1.2279918,0.997015234,-0.059612973,-0.032692581,-0.036580219,1.9568520784378052,-0.6818773150444031,1.0389578342437744,0.9972252249717712,0.00036699423799291253,-0.0663842111825943,-0.03368755802512169
redkitchen,test,seq-04,redkitchen/seq-04/frame-000212.color.png,1.762583,-0.84805036,1.2280378,0.997003729,-0.059922894,-0.032778216,-0.036309776,1.9568520784378052,-0.6818773150444031,1.0389578342437744,0.9972252249717712,0.00036699423799291253,-0.0663842111825943,-0.03368755802512169
redkitchen,test,seq-04,redkitchen/seq-04/frame-000213.color.png,1.7640545,-0.84914869,1.2381395,0.997123522,-0.059236656,-0.032557196,-0.034288922,2.0148208141326904,-0.7005490660667419,1.0500149726867676,0.9976934790611267,0.001732520991936326,-0.05934226140379906,-0.03291325643658638
redkitchen,test,seq-04,redkitchen/seq-04/frame-000214.color.png,1.7653327,-0.85246456,1.2481138,0.997056136,-0.060332184,-0.034384946,-0.032507917,1.9944185018539429,-0.6806504130363464,1.044919490814209,0.9976027011871338,0.006952591240406036,-0.059202928096055984,-0.03515133261680603
redkitchen,test,seq-04,redkitchen/seq-04/frame-000215.color.png,1.768595,-0.85478342,1.2582273,0.996970565,-0.061369379,-0.036813609,-0.030467209,1.977998971939087,-0.6598029732704163,1.0197064876556396,0.9980977773666382,0.007508664857596159,-0.05272458866238594,-0.031058138236403465
redkitchen,test,seq-04,redkitchen/seq-04/frame-000216.color.png,1.7688546,-0.85669833,1.2682961,0.996859483,-0.06291657,-0.035686161,-0.032236221,1.9552809000015259,-0.6747266054153442,1.0346980094909668,0.9980825781822205,0.0021254823077470064,-0.054076023399829865,-0.03003874607384205
redkitchen,test,seq-04,redkitchen/seq-04/frame-000217.color.png,1.7667313,-0.85526288,1.2673852,0.996894145,-0.062505715,-0.035378211,-0.032302956,1.933239459991455,-0.6685047149658203,1.0888592004776,0.9978789687156677,-0.0010599858360365033,-0.05801592022180557,-0.029504215344786644
redkitchen,test,seq-04,redkitchen/seq-04/frame-000218.color.png,1.7692815,-0.85940385,1.2764776,0.996799878,-0.063891728,-0.034051407,-0.033887339,1.933239459991455,-0.6685047149658203,1.0888592004776,0.9978789687156677,-0.0010599858360365033,-0.05801592022180557,-0.029504215344786644
redkitchen,test,seq-04,redkitchen/seq-04/frame-000219.color.png,1.7704892,-0.86058074,1.2841113,0.99699823,-0.061910782,-0.031855405,-0.033864685,1.9226728677749634,-0.6601426601409912,1.0856549739837646,0.9977347254753113,0.002791444770991802,-0.06012566387653351,-0.03004196286201477
redkitchen,test,seq-04,redkitchen/seq-04/frame-000220.color.png,1.7651008,-0.86349159,1.2927532,0.997003896,-0.061206266,-0.030499258,-0.036149972,1.9248930215835571,-0.683843195438385,1.0867574214935303,0.9977805614471436,0.00027121638413518667,-0.05941502004861832,-0.030060691758990288
redkitchen,test,seq-04,redkitchen/seq-04/frame-000221.color.png,1.7637935,-0.86444819,1.2995828,0.996994129,-0.060351759,-0.031301183,-0.037156529,1.935080885887146,-0.6944456100463867,1.0726982355117798,0.9979426264762878,0.0018032023217529058,-0.055596522986888885,-0.03187723457813263
redkitchen,test,seq-04,redkitchen/seq-04/frame-000222.color.png,1.758816,-0.86649507,1.3072238,0.997018362,-0.060462433,-0.030571454,-0.03693327,1.9196072816848755,-0.7011663317680359,1.0651664733886719,0.9980959296226501,3.862694575218484e-05,-0.05264139920473099,-0.03214798867702484
redkitchen,test,seq-04,redkitchen/seq-04/frame-000223.color.png,1.7553039,-0.87098217,1.3157928,0.996857803,-0.062200008,-0.030102595,-0.038723555,1.9406484365463257,-0.6989541053771973,1.0656565427780151,0.9978442192077637,0.0019717516843229532,-0.05668199434876442,-0.03301781415939331
redkitchen,test,seq-04,redkitchen/seq-04/frame-000224.color.png,1.7544544,-0.87422645,1.3226734,0.996777442,-0.062178856,-0.031670845,-0.039566138,1.9274426698684692,-0.7097038626670837,1.0970418453216553,0.9977352619171143,0.003996364772319794,-0.05586989223957062,-0.037241380661726
redkitchen,test,seq-04,redkitchen/seq-04/frame-000225.color.png,1.7538006,-0.8744083,1.3226863,0.996784988,-0.062299678,-0.031630904,-0.039216372,1.9274426698684692,-0.7097038626670837,1.0970418453216553,0.9977352619171143,0.003996364772319794,-0.05586989223957062,-0.037241380661726
redkitchen,test,seq-04,redkitchen/seq-04/frame-000226.color.png,1.7489136,-0.87620777,1.3302445,0.996899456,-0.061181192,-0.031051465,-0.038524587,1.9271165132522583,-0.6916266083717346,1.0803543329238892,0.9979552030563354,0.008609369397163391,-0.05356583371758461,-0.03379261493682861
redkitchen,test,seq-04,redkitchen/seq-04/frame-000227.color.png,1.7450956,-0.87879664,1.3376114,0.996821047,-0.061474866,-0.031736844,-0.039514737,1.9004955291748047,-0.6716153025627136,1.081018090248108,0.9973692297935486,0.014146119356155396,-0.06081385537981987,-0.03682761639356613
redkitchen,test,seq-04,redkitchen/seq-04/frame-000228.color.png,1.7430283,-0.88261437,1.3449537,0.996683977,-0.062851281,-0.035366047,-0.03768302,1.8969680070877075,-0.6602200269699097,1.0978517532348633,0.9979216456413269,0.01935889758169651,-0.050169043242931366,-0.03550437092781067
redkitchen,test,seq-04,redkitchen/seq-04/frame-000229.color.png,1.7383777,-0.88376731,1.3521713,0.99679574,-0.062581805,-0.03665677,-0.033735035,1.9598692655563354,-0.7055110931396484,1.1241298913955688,0.9979755878448486,0.014352001249790192,-0.051459476351737976,-0.03450809046626091
redkitchen,test,seq-04,redkitchen/seq-04/frame-000230.color.png,1.7341741,-0.88560474,1.3590981,0.996841321,-0.062050155,-0.036320299,-0.033734183,1.9598692655563354,-0.7055110931396484,1.1241298913955688,0.9979755878448486,0.014352001249790192,-0.051459476351737976,-0.03450809046626091
redkitchen,test,seq-04,redkitchen/seq-04/frame-000231.color.png,1.7344013,-0.88642651,1.3593767,0.996835093,-0.062290075,-0.036239838,-0.033562157,1.9171388149261475,-0.6954816579818726,1.1264231204986572,0.997972309589386,0.012812254019081593,-0.05130338668823242,-0.0354263037443161
redkitchen,test,seq-04,redkitchen/seq-04/frame-000232.color.png,1.7290646,-0.88941634,1.3654734,0.996751317,-0.061843368,-0.036850748,-0.036114142,1.8830026388168335,-0.7018868327140808,1.1176998615264893,0.9969033598899841,0.014740397222340107,-0.064949631690979,-0.04180847853422165
redkitchen,test,seq-04,redkitchen/seq-04/frame-000233.color.png,1.7275481,-0.89311719,1.3718921,0.996769236,-0.06071608,-0.039293414,-0.034938153,1.8820425271987915,-0.7101510763168335,1.105233907699585,0.9970166087150574,0.013404320925474167,-0.06472168117761612,-0.039863768965005875
redkitchen,test,seq-04,redkitchen/seq-04/frame-000234.color.png,1.7219256,-0.89512831,1.3784333,0.996806956,-0.060161409,-0.040894041,-0.032926823,1.851460576057434,-0.704497218132019,1.1165136098861694,0.9965977072715759,0.01156860962510109,-0.0700354352593422,-0.04188285768032074
redkitchen,test,seq-04,redkitchen/seq-04/frame-000235.color.png,1.7153677,-0.89881235,1.3839957,0.996685204,-0.060754117,-0.042180228,-0.033887618,1.8056573867797852,-0.7097199559211731,1.1135075092315674,0.9963071346282959,0.009542180225253105,-0.07269824296236038,-0.044675495475530624
redkitchen,test,seq-04,redkitchen/seq-04/frame-000236.color.png,1.7097352,-0.90112776,1.3893049,0.996703227,-0.059173579,-0.043083334,-0.034999865,1.8056573867797852,-0.7097199559211731,1.1135075092315674,0.9963071346282959,0.009542180225253105,-0.07269824296236038,-0.044675495475530624
redkitchen,test,seq-04,redkitchen/seq-04/frame-000237.color.png,1.709511,-0.90102291,1.3894496,0.996701849,-0.059264311,-0.043148353,-0.034804952,1.7878531217575073,-0.6966890692710876,1.1276053190231323,0.9965911507606506,0.01343630813062191,-0.06897615641355515,-0.04321735352277756
redkitchen,test,seq-04,redkitchen/seq-04/frame-000238.color.png,1.7036217,-0.90352666,1.3947279,0.996781234,-0.058457112,-0.042760568,-0.034372541,1.8287100791931152,-0.6876116991043091,1.1633405685424805,0.9966293573379517,0.010755135677754879,-0.07074230164289474,-0.04011993855237961
redkitchen,test,seq-04,redkitchen/seq-04/frame-000239.color.png,1.6991128,-0.90732872,1.400171,0.996683917,-0.058751912,-0.043427272,-0.03582533,1.7874243259429932,-0.6765801906585693,1.1293361186981201,0.9957001209259033,0.017633803188800812,-0.07933779060840607,-0.04445076361298561
redkitchen,test,seq-04,redkitchen/seq-04/frame-000240.color.png,1.6949371,-0.90806085,1.4049201,0.996622962,-0.057995168,-0.044688098,-0.037178022,1.7787421941757202,-0.6772459745407104,1.1532515287399292,0.9955798983573914,0.015789298340678215,-0.08093228936195374,-0.04495920240879059
redkitchen,test,seq-04,redkitchen/seq-04/frame-000241.color.png,1.6907601,-0.90955597,1.409484,0.996694271,-0.056996631,-0.044474375,-0.037066762,1.7982593774795532,-0.6696107387542725,1.1619209051132202,0.9953141212463379,0.019544722512364388,-0.08447130769491196,-0.04280611872673035
redkitchen,test,seq-04,redkitchen/seq-04/frame-000242.color.png,1.6901674,-0.91109741,1.4098734,0.996669761,-0.057458287,-0.044552351,-0.036919122,1.7725210189819336,-0.6602317094802856,1.1729825735092163,0.99570232629776,0.028493914753198624,-0.07740311324596405,-0.042114902287721634
redkitchen,test,seq-04,redkitchen/seq-04/frame-000243.color.png,1.6873391,-0.91195744,1.4139812,0.996812021,-0.055597457,-0.044562731,-0.035900983,1.7725210189819336,-0.6602317094802856,1.1729825735092163,0.99570232629776,0.028493914753198624,-0.07740311324596405,-0.042114902287721634
redkitchen,test,seq-04,redkitchen/seq-04/frame-000244.color.png,1.6815828,-0.91208971,1.4182808,0.997031246,-0.053439029,-0.043092982,-0.034870604,1.7991124391555786,-0.6648513078689575,1.1721165180206299,0.9952334761619568,0.02894916944205761,-0.08335431665182114,-0.041525937616825104
redkitchen,test,seq-04,redkitchen/seq-04/frame-000245.color.png,1.6778971,-0.91189075,1.4225413,0.997244407,-0.051205008,-0.040690835,-0.035012794,1.8230507373809814,-0.6631614565849304,1.201767086982727,0.9948302507400513,0.033390216529369354,-0.08937033265829086,-0.034795306622982025
redkitchen,test,seq-04,redkitchen/seq-04/frame-000246.color.png,1.6727945,-0.91281056,1.4273077,0.997384164,-0.050165742,-0.038709388,-0.034782334,1.780275583267212,-0.6649710536003113,1.19539475440979,0.9960982799530029,0.032648783177137375,-0.07569022476673126,-0.03151650354266167
redkitchen,test,seq-04,redkitchen/seq-04/frame-000247.color.png,1.6691284,-0.91424644,1.4322731,0.997442165,-0.050786998,-0.036885851,-0.034194177,1.780275583267212,-0.6649710536003113,1.19539475440979,0.9960982799530029,0.032648783177137375,-0.07569022476673126,-0.03151650354266167
redkitchen,test,seq-04,redkitchen/seq-04/frame-000248.color.png,1.6691998,-0.91353804,1.4323307,0.99744138,-0.05063348,-0.037083044,-0.03423146,1.810808777809143,-0.6592402458190918,1.1972142457962036,0.995765745639801,0.03256642073392868,-0.08022258430719376,-0.030896160751581192
redkitchen,test,seq-04,redkitchen/seq-04/frame-000249.color.png,1.6664398,-0.9144069,1.436885,0.997535497,-0.050580135,-0.036072629,-0.032609007,1.810783863067627,-0.6531811356544495,1.177020788192749,0.9958500862121582,0.030415302142500877,-0.08011230826377869,-0.030652422457933426
redkitchen,test,seq-04,redkitchen/seq-04/frame-000250.color.png,1.6631353,-0.91463554,1.4423398,0.997636933,-0.050307993,-0.036091626,-0.029783398,1.8252314329147339,-0.6602414846420288,1.1902554035186768,0.9960806369781494,0.028291933238506317,-0.07952899485826492,-0.02642032504081726
redkitchen,test,seq-04,redkitchen/seq-04/frame-000251.color.png,1.6593465,-0.91321176,1.4480749,0.997741433,-0.050864893,-0.033078463,-0.028820305,1.81551992893219,-0.6337698101997375,1.2278281450271606,0.9952948093414307,0.03663792833685875,-0.08564544469118118,-0.026660626754164696
redkitchen,test,seq-04,redkitchen/seq-04/frame-000252.color.png,1.6529747,-0.91056198,1.4528819,0.997914509,-0.050212523,-0.0266979,-0.03053781,1.8455618619918823,-0.621508002281189,1.24857497215271,0.9954805970191956,0.03854123130440712,-0.08289449661970139,-0.025719070807099342
redkitchen,test,seq-04,redkitchen/seq-04/frame-000253.color.png,1.6475713,-0.9122566,1.4596827,0.997896457,-0.052286923,-0.020744829,-0.032224081,1.8329640626907349,-0.5825191736221313,1.2202197313308716,0.9967675805091858,0.03611096367239952,-0.0668078139424324,-0.02621307410299778
redkitchen,test,seq-04,redkitchen/seq-04/frame-000254.color.png,1.6471425,-0.91159958,1.4596584,0.997904215,-0.052144816,-0.020788374,-0.032186024,1.8329640626907349,-0.5825191736221313,1.2202197313308716,0.9967675805091858,0.03611096367239952,-0.0668078139424324,-0.02621307410299778
redkitchen,test,seq-04,redkitchen/seq-04/frame-000255.color.png,1.644127,-0.91361547,1.4655805,0.997775992,-0.055103452,-0.018867329,-0.032414566,1.7919610738754272,-0.6380412578582764,1.2237176895141602,0.9970115423202515,0.0251070074737072,-0.06633148342370987,-0.030620843172073364
redkitchen,test,seq-04,redkitchen/seq-04/frame-000256.color.png,1.6412005,-0.91158873,1.4708519,0.997807096,-0.056023533,-0.01805586,-0.030271269,1.7049462795257568,-0.6325858235359192,1.2491579055786133,0.9972707629203796,0.02584052085876465,-0.061879537999629974,-0.030890967696905136
redkitchen,test,seq-04,redkitchen/seq-04/frame-000257.color.png,1.6357942,-0.90930021,1.4756485,0.997942719,-0.055351558,-0.013834742,-0.029242693,1.7213951349258423,-0.6242272257804871,1.2502319812774658,0.9970939755439758,0.031377654522657394,-0.06356386840343475,-0.02790199965238571
redkitchen,test,seq-04,redkitchen/seq-04/frame-000258.color.png,1.6287841,-0.90457296,1.479869,0.998182456,-0.052042484,-0.007669056,-0.02940323,1.7322767972946167,-0.6427965760231018,1.2117849588394165,0.9972350001335144,0.030254684388637543,-0.06270715594291687,-0.025975972414016724
redkitchen,test,seq-04,redkitchen/seq-04/frame-000259.color.png,1.6286017,-0.90433013,1.4798291,0.998187644,-0.051943442,-0.00770335,-0.029393279,1.7578247785568237,-0.6297669410705566,1.197765827178955,0.9972065687179565,0.034177228808403015,-0.06283243745565414,-0.021522510796785355
redkitchen,test,seq-04,redkitchen/seq-04/frame-000260.color.png,1.6238995,-0.90460366,1.4854217,0.998347204,-0.05038876,-0.002929504,-0.027481832,1.7578247785568237,-0.6297669410705566,1.197765827178955,0.9972065687179565,0.034177228808403015,-0.06283243745565414,-0.021522510796785355
redkitchen,test,seq-04,redkitchen/seq-04/frame-000261.color.png,1.6163074,-0.90262014,1.4906714,0.998439774,-0.049120697,0.001580267,-0.026508071,1.7434420585632324,-0.6338832974433899,1.1913001537322998,0.9979088306427002,0.0315963514149189,-0.05322028324007988,-0.01863614283502102
redkitchen,test,seq-04,redkitchen/seq-04/frame-000262.color.png,1.6125907,-0.90284359,1.4968029,0.99838457,-0.049867281,0.002859648,-0.027079997,1.7300031185150146,-0.641478419303894,1.1959127187728882,0.9983781576156616,0.028945568948984146,-0.04468190670013428,-0.02016940712928772
redkitchen,test,seq-04,redkitchen/seq-04/frame-000263.color.png,1.6070508,-0.90000683,1.5017403,0.99837804,-0.050089095,0.004465725,-0.026691363,1.6825212240219116,-0.6211875677108765,1.2071477174758911,0.9982109069824219,0.03422585129737854,-0.043020445853471756,-0.02351209707558155
redkitchen,test,seq-04,redkitchen/seq-04/frame-000264.color.png,1.6066741,-0.89906871,1.5014744,0.998383975,-0.049814896,0.004670192,-0.026946325,1.6825212240219116,-0.6211875677108765,1.2071477174758911,0.9982109069824219,0.03422585129737854,-0.043020445853471756,-0.02351209707558155
redkitchen,test,seq-04,redkitchen/seq-04/frame-000265.color.png,1.6008885,-0.89758301,1.5063952,0.99837223,-0.050167626,0.007031207,-0.026204239,1.6628926992416382,-0.6090712547302246,1.1937750577926636,0.9983558654785156,0.03456953912973404,-0.03987310081720352,-0.02237163670361042
redkitchen,test,seq-04,redkitchen/seq-04/frame-000266.color.png,1.5963336,-0.89564055,1.5111971,0.998412523,-0.050076284,0.008269734,-0.024421516,1.6250009536743164,-0.6315184831619263,1.208825945854187,0.9986599087715149,0.03405060991644859,-0.03355804830789566,-0.019816793501377106
redkitchen,test,seq-04,redkitchen/seq-04/frame-000267.color.png,1.5929153,-0.89259171,1.5162632,0.998512493,-0.049762541,0.00845274,-0.020616536,1.5928038358688354,-0.6060886979103088,1.2151720523834229,0.9985816478729248,0.03506927937269211,-0.0341324582695961,-0.020969152450561523
redkitchen,test,seq-04,redkitchen/seq-04/frame-000268.color.png,1.5884999,-0.89000356,1.5211755,0.998584676,-0.048944915,0.011784345,-0.017151342,1.6407376527786255,-0.6171429753303528,1.2033066749572754,0.998699426651001,0.03336149826645851,-0.033936113119125366,-0.018302159383893013
redkitchen,test,seq-04,redkitchen/seq-04/frame-000269.color.png,1.5868136,-0.88924646,1.5207562,0.998583592,-0.048698015,0.012185765,-0.017630096,1.6407376527786255,-0.6171429753303528,1.2033066749572754,0.998699426651001,0.03336149826645851,-0.033936113119125366,-0.018302159383893013
redkitchen,test,seq-04,redkitchen/seq-04/frame-000270.color.png,1.5824196,-0.88829499,1.5258294,0.998629377,-0.047815097,0.016076415,-0.013951078,1.5695408582687378,-0.6084910035133362,1.237510085105896,0.998802125453949,0.03400326520204544,-0.03250862658023834,-0.013467845506966114
redkitchen,test,seq-04,redkitchen/seq-04/frame-000271.color.png,1.5784479,-0.88644183,1.5304042,0.998736423,-0.045837702,0.018907269,-0.008184031,1.5792577266693115,-0.60231614112854,1.2224242687225342,0.9987832903862,0.03484074026346207,-0.033302877098321915,-0.010442161001265049
redkitchen,test,seq-04,redkitchen/seq-04/frame-000272.color.png,1.5739119,-0.88431531,1.53547,0.998775445,-0.044294165,0.021662087,-0.004048566,1.5621448755264282,-0.6078972816467285,1.267991065979004,0.9989726543426514,0.03253522142767906,-0.030918193981051445,-0.006266086362302303
redkitchen,test,seq-04,redkitchen/seq-04/frame-000273.color.png,1.5712754,-0.88227612,1.5402378,0.99875915,-0.043929824,0.023456652,-0.000340583,1.5621448755264282,-0.6078972816467285,1.267991065979004,0.9989726543426514,0.03253522142767906,-0.030918193981051445,-0.006266086362302303
redkitchen,test,seq-04,redkitchen/seq-04/frame-000274.color.png,1.5709498,-0.88235098,1.5401371,0.998751943,-0.043968576,0.023692023,-9.06e-05,1.537218689918518,-0.6070861220359802,1.2800366878509521,0.9986457228660583,0.037246063351631165,-0.03625819832086563,-0.0022270006593316793
redkitchen,test,seq-04,redkitchen/seq-04/frame-000275.color.png,1.5658584,-0.88090676,1.5447927,0.998639393,-0.044213554,0.02755605,0.002277776,1.5386666059494019,-0.5952607989311218,1.2447412014007568,0.9987400770187378,0.03988160938024521,-0.030413812026381493,-0.0016455108998343349
redkitchen,test,seq-04,redkitchen/seq-04/frame-000276.color.png,1.5619856,-0.88105291,1.5494136,0.998497661,-0.045420832,0.030407179,0.003843533,1.4858680963516235,-0.5899837613105774,1.2367815971374512,0.9993410706520081,0.032383572310209274,-0.016389621421694756,-0.0005876568029634655
redkitchen,test,seq-04,redkitchen/seq-04/frame-000277.color.png,1.5589569,-0.87984794,1.5534307,0.998432786,-0.045247473,0.032411773,0.005840787,1.4881911277770996,-0.6113914847373962,1.2439181804656982,0.9993614554405212,0.03141332417726517,-0.016768747940659523,-0.0029327229131013155
redkitchen,test,seq-04,redkitchen/seq-04/frame-000278.color.png,1.5554882,-0.87975699,1.5575701,0.998287528,-0.047013188,0.033721141,0.008640389,1.4903583526611328,-0.6220332384109497,1.2407218217849731,0.9991911053657532,0.036592982709407806,-0.016657767817378044,0.0008131848881021142
redkitchen,test,seq-04,redkitchen/seq-04/frame-000279.color.png,1.5545092,-0.87855476,1.5606837,0.998249955,-0.047864136,0.032173754,0.013072939,1.4115458726882935,-0.5986860394477844,1.2593365907669067,0.9990947246551514,0.04027082026004791,-0.011069227941334248,0.00808909721672535
redkitchen,test,seq-04,redkitchen/seq-04/frame-000280.color.png,1.5530877,-0.87704611,1.5601717,0.99826489,-0.047385463,0.032537956,0.012771422,1.4115458726882935,-0.5986860394477844,1.2593365907669067,0.9990947246551514,0.04027082026004791,-0.011069227941334248,0.00808909721672535
redkitchen,test,seq-04,redkitchen/seq-04/frame-000281.color.png,1.5512266,-0.87524271,1.5638058,0.998258161,-0.046591893,0.03230215,0.016322073,1.3997501134872437,-0.6224883794784546,1.27323579788208,0.999221920967102,0.036752842366695404,-0.011219218373298645,0.008883120492100716
redkitchen,test,seq-04,redkitchen/seq-04/frame-000282.color.png,1.5474116,-0.87346917,1.5663923,0.998172394,-0.044792936,0.035814069,0.019047736,1.4296423196792603,-0.6053758263587952,1.2534289360046387,0.9989630579948425,0.04336442053318024,-0.012273753993213177,0.006455006543546915
redkitchen,test,seq-04,redkitchen/seq-04/frame-000283.color.png,1.5440205,-0.8696593,1.5683358,0.998094604,-0.040267645,0.04035563,0.023602999,1.442403793334961,-0.6166033148765564,1.2897979021072388,0.9988476634025574,0.04603123664855957,-0.007126155775040388,0.011564252898097038
redkitchen,test,seq-04,redkitchen/seq-04/frame-000284.color.png,1.5417464,-0.87051827,1.5714601,0.997985646,-0.037755517,0.043205855,0.027063341,1.4318159818649292,-0.6536968946456909,1.3487257957458496,0.9992133378982544,0.03141321986913681,-0.011533626355230808,0.021282009780406952
redkitchen,test,seq-04,redkitchen/seq-04/frame-000285.color.png,1.5413507,-0.87157673,1.5714277,0.997963274,-0.03806434,0.043422646,0.027108733,1.4318159818649292,-0.6536968946456909,1.3487257957458496,0.9992133378982544,0.03141321986913681,-0.011533626355230808,0.021282009780406952
redkitchen,test,seq-04,redkitchen/seq-04/frame-000286.color.png,1.5384036,-0.87026668,1.5742644,0.997930117,-0.035659671,0.044139054,0.030259109,1.4597430229187012,-0.6796088814735413,1.3612581491470337,0.9991267323493958,0.03091609850525856,-0.016866225749254227,0.022484609857201576
redkitchen,test,seq-04,redkitchen/seq-04/frame-000287.color.png,1.5354906,-0.86908174,1.577132,0.997780006,-0.033512865,0.045951938,0.034646309,1.4099632501602173,-0.6336970925331116,1.3322627544403076,0.9987453818321228,0.038711074739694595,-0.010667257010936737,0.029923204332590103
redkitchen,test,seq-04,redkitchen/seq-04/frame-000288.color.png,1.534367,-0.86736155,1.5806302,0.997516176,-0.031337962,0.047860444,0.041094866,1.4597041606903076,-0.6438021659851074,1.3138216733932495,0.9988651275634766,0.03326081112027168,-0.00581905385479331,0.03359067440032959
redkitchen,test,seq-04,redkitchen/seq-04/frame-000289.color.png,1.5321941,-0.86543077,1.5839701,0.997339631,-0.028962531,0.048496574,0.046075089,1.4477430582046509,-0.6398718953132629,1.3395781517028809,0.9989701509475708,0.03373273089528084,-0.001720600645057857,0.030295824632048607
redkitchen,test,seq-04,redkitchen/seq-04/frame-000290.color.png,1.5323786,-0.8654328,1.5839381,0.997354921,-0.028875533,0.048450302,0.045846838,1.4477430582046509,-0.6398718953132629,1.3395781517028809,0.9989701509475708,0.03373273089528084,-0.001720600645057857,0.030295824632048607
redkitchen,test,seq-04,redkitchen/seq-04/frame-000291.color.png,1.5298882,-0.86209852,1.5876648,0.997187487,-0.025077257,0.050266232,0.049614032,1.4189783334732056,-0.630927324295044,1.3455835580825806,0.9985294938087463,0.035567060112953186,-0.003987564239650965,0.04071713984012604
redkitchen,test,seq-04,redkitchen/seq-04/frame-000292.color.png,1.5258381,-0.86294812,1.5922599,0.99683822,-0.024443252,0.053518177,0.053403136,1.367148756980896,-0.6436753273010254,1.3253233432769775,0.9986239671707153,0.031648941338062286,-0.009698601439595222,0.040675047785043716
redkitchen,test,seq-04,redkitchen/seq-04/frame-000293.color.png,1.525066,-0.86075521,1.5966824,0.99650656,-0.024935172,0.053345064,0.059221766,1.2477600574493408,-0.6349729895591736,1.3082811832427979,0.9980787038803101,0.030851921066641808,0.008742455393075943,0.05301588028669357
redkitchen,test,seq-04,redkitchen/seq-04/frame-000294.color.png,1.5242456,-0.85800612,1.6009145,0.996243301,-0.024133827,0.052228103,0.064723009,1.277509093284607,-0.6300269961357117,1.302445888519287,0.9980546236038208,0.028479553759098053,0.012203422375023365,0.05410175397992134
redkitchen,test,seq-04,redkitchen/seq-04/frame-000295.color.png,1.5202502,-0.85560995,1.6059773,0.995980065,-0.024521217,0.054545099,0.066687729,1.2735158205032349,-0.6450434327125549,1.3109441995620728,0.998163104057312,0.027379969134926796,0.006567316595464945,0.05364353954792023
redkitchen,test,seq-04,redkitchen/seq-04/frame-000296.color.png,1.5210605,-0.85207236,1.6107106,0.995645693,-0.024206759,0.056304963,0.070238443,1.2180227041244507,-0.6457811594009399,1.3129528760910034,0.9980002641677856,0.03282514214515686,0.014281959272921085,0.05209657549858093
redkitchen,test,seq-04,redkitchen/seq-04/frame-000297.color.png,1.5201358,-0.84836274,1.6152357,0.995078145,-0.022066239,0.058629263,0.076780047,1.1956785917282104,-0.6237096190452576,1.3314284086227417,0.9975748658180237,0.028285296633839607,0.020098697394132614,0.060335174202919006
redkitchen,test,seq-04,redkitchen/seq-04/frame-000298.color.png,1.5197409,-0.84915227,1.6154436,0.995042548,-0.022318849,0.058848638,0.077000226,1.1956785917282104,-0.6237096190452576,1.3314284086227417,0.9975748658180237,0.028285296633839607,0.020098697394132614,0.060335174202919006
redkitchen,test,seq-04,redkitchen/seq-04/frame-000299.color.png,1.5211138,-0.84859025,1.6208683,0.994566006,-0.02222135,0.05843459,0.083247037,1.2026124000549316,-0.6377986073493958,1.299899697303772,0.9975461959838867,0.026509348303079605,0.02011748217046261,0.06159749999642372
redkitchen,test,seq-04,redkitchen/seq-04/frame-000300.color.png,1.5212911,-0.84440374,1.6258104,0.99434688,-0.021519849,0.058113571,0.0862206,1.164773941040039,-0.6277244687080383,1.288689374923706,0.9972161650657654,0.02887563221156597,0.020922968164086342,0.0654846727848053
redkitchen,test,seq-04,redkitchen/seq-04/frame-000301.color.png,1.5196822,-0.83757353,1.6309557,0.993948437,-0.016388069,0.062633156,0.088741333,1.1914029121398926,-0.6150028109550476,1.2701480388641357,0.9978153109550476,0.03618798404932022,0.005360479932278395,0.05501212924718857
redkitchen,test,seq-04,redkitchen/seq-04/frame-000302.color.png,1.5188816,-0.83569419,1.6366632,0.99332501,-0.011360841,0.068335129,0.092231589,1.235334038734436,-0.6117236614227295,1.3472235202789307,0.997597336769104,0.033787619322538376,0.024038054049015045,0.055497895926237106
redkitchen,test,seq-04,redkitchen/seq-04/frame-000303.color.png,1.5193802,-0.83767557,1.6421819,0.992879979,-0.008944473,0.071209267,0.09507147,1.141921043395996,-0.628748893737793,1.4622670412063599,0.9966087937355042,0.022001750767230988,0.02883555367588997,0.07386020570993423
redkitchen,test,seq-04,redkitchen/seq-04/frame-000304.color.png,1.5220115,-0.83706528,1.647668,0.992517899,-0.007908989,0.071089742,0.098954117,1.1224780082702637,-0.6288067102432251,1.4812418222427368,0.9960464239120483,0.027850085869431496,0.02792053483426571,0.07960064709186554
redkitchen,test,seq-04,redkitchen/seq-04/frame-000305.color.png,1.5220219,-0.83219808,1.6529293,0.991743599,-0.003900491,0.072654588,0.105597026,1.0514775514602661,-0.614556074142456,1.4579719305038452,0.9952912926673889,0.0246660728007555,0.0340883731842041,0.08732007443904877
redkitchen,test,seq-04,redkitchen/seq-04/frame-000306.color.png,1.5200746,-0.82569695,1.6585848,0.990637796,0.00392655,0.076310828,0.113128229,0.9965909719467163,-0.6372830271720886,1.4591689109802246,0.9939400553703308,0.01867075450718403,0.032683663070201874,0.10327810794115067
redkitchen,test,seq-04,redkitchen/seq-04/frame-000307.color.png,1.5221447,-0.82676345,1.6633751,0.989734771,0.009338884,0.078999,0.118730902,1.0178471803665161,-0.6041268110275269,1.4846765995025635,0.9943898320198059,0.020151568576693535,0.01524787675589323,0.10271524637937546
redkitchen,test,seq-04,redkitchen/seq-04/frame-000308.color.png,1.5219481,-0.82097793,1.6684306,0.989365384,0.01572817,0.081074651,0.11973163,1.0462363958358765,-0.5870466828346252,1.5098216533660889,0.9938886761665344,0.02482384257018566,-0.0063004400581121445,0.1073753610253334
redkitchen,test,seq-04,redkitchen/seq-04/frame-000309.color.png,1.5171714,-0.81064278,1.6741908,0.988515774,0.02873302,0.086193199,0.120754753,1.0207313299179077,-0.5899747014045715,1.4246257543563843,0.9964001178741455,0.02648455835878849,-0.011117144487798214,0.07976071536540985
redkitchen,test,seq-04,redkitchen/seq-04/frame-000310.color.png,1.5158887,-0.81012517,1.6741908,0.988548949,0.028937442,0.086534896,0.120188652,1.0207313299179077,-0.5899747014045715,1.4246257543563843,0.9964001178741455,0.02648455835878849,-0.011117144487798214,0.07976071536540985
redkitchen,test,seq-04,redkitchen/seq-04/frame-000311.color.png,1.5178832,-0.81044912,1.6788453,0.987203043,0.039304926,0.093148886,0.123322988,0.9494591355323792,-0.6536638736724854,1.406603455543518,0.9951778054237366,0.029956026002764702,0.016836827620863914,0.09187034517526627
redkitchen,test,seq-04,redkitchen/seq-04/frame-000312.color.png,1.5166878,-0.81166404,1.6830928,0.986162878,0.041984031,0.099019755,0.12615549,0.8812326788902283,-0.549476146697998,1.4537533521652222,0.9920300245285034,0.03684769570827484,0.0684414729475975,0.09916821867227554
redkitchen,test,seq-04,redkitchen/seq-04/frame-000313.color.png,1.5165373,-0.80375606,1.6887785,0.985518413,0.046892302,0.098665149,0.129691009,0.8699228167533875,-0.5146272778511047,1.4162479639053345,0.9927765727043152,0.04936186969280243,0.06263447552919388,0.08963806182146072
redkitchen,test,seq-04,redkitchen/seq-04/frame-000314.color.png,1.5148181,-0.79864305,1.6937455,0.985344385,0.054257343,0.100270444,0.126879553,0.8540302515029907,-0.5330954790115356,1.368781566619873,0.9943347573280334,0.02830299362540245,0.03917432948946953,0.09467196464538574
redkitchen,test,seq-04,redkitchen/seq-04/frame-000315.color.png,1.5133367,-0.7929185,1.6994601,0.98429061,0.060640637,0.107414352,0.126320483,0.8430341482162476,-0.5832223892211914,1.3739991188049316,0.9958873391151428,0.020655732601881027,0.05586916580796242,0.06826692074537277
redkitchen,test,seq-04,redkitchen/seq-04/frame-000316.color.png,1.5115353,-0.78293264,1.7061327,0.982880625,0.071061937,0.110217391,0.129414081,0.8278903961181641,-0.537310004234314,1.417935848236084,0.9957790970802307,0.05445718392729759,0.010921512730419636,0.07306893169879913
redkitchen,test,seq-04,redkitchen/seq-04/frame-000317.color.png,1.5095638,-0.782134,1.710222,0.982693591,0.078042217,0.110256007,0.126753032,0.8025944232940674,-0.5631747245788574,1.393237590789795,0.9945738315582275,0.04746915400028229,0.008571449667215347,0.09217439591884613
redkitchen,test,seq-04,redkitchen/seq-04/frame-000318.color.png,1.5084885,-0.77724153,1.7160172,0.982411029,0.079384462,0.113077134,0.125619421,0.7919239401817322,-0.5701119899749756,1.3880456686019897,0.9954520463943481,0.037897542119026184,0.023119712248444557,0.08428805321455002
redkitchen,test,seq-04,redkitchen/seq-04/frame-000319.color.png,1.5078063,-0.76923525,1.7223744,0.981526453,0.083926446,0.112380303,0.130126247,0.793889582157135,-0.5410852432250977,1.37948477268219,0.9952458143234253,0.04880804568529129,0.02951643615961075,0.07894548028707504
redkitchen,test,seq-04,redkitchen/seq-04/frame-000320.color.png,1.5066274,-0.76318526,1.7291111,0.981268874,0.091086351,0.110035203,0.129255281,0.8152858018875122,-0.5707149505615234,1.3642451763153076,0.9934872984886169,0.04786622151732445,0.031868256628513336,0.09836745262145996
redkitchen,test,seq-04,redkitchen/seq-04/frame-000321.color.png,1.5053729,-0.75900978,1.7354534,0.980966105,0.094619528,0.112031162,0.127285761,0.7199437618255615,-0.5615075826644897,1.3384759426116943,0.993850827217102,0.04360080510377884,0.015612214803695679,0.10057718306779861
redkitchen,test,seq-04,redkitchen/seq-04/frame-000322.color.png,1.5050199,-0.76006794,1.7351866,0.980967348,0.094440467,0.112179887,0.127278172,0.7199437618255615,-0.5615075826644897,1.3384759426116943,0.993850827217102,0.04360080510377884,0.015612214803695679,0.10057718306779861
redkitchen,test,seq-04,redkitchen/seq-04/frame-000323.color.png,1.5044222,-0.75450671,1.7418329,0.980896024,0.09564716,0.111285372,0.127711304,0.7186168432235718,-0.5634623169898987,1.2930110692977905,0.9948015809059143,0.03860613703727722,0.013949355110526085,0.09319183975458145
redkitchen,test,seq-04,redkitchen/seq-04/frame-000324.color.png,1.5028434,-0.74819839,1.7485944,0.981612659,0.096269209,0.108907879,0.123725104,0.8280580043792725,-0.5452814698219299,1.3366955518722534,0.9931188225746155,0.051514752209186554,0.016207562759518623,0.10391634702682495
redkitchen,test,seq-04,redkitchen/seq-04/frame-000325.color.png,1.5017824,-0.74280703,1.7558749,0.982300885,0.094613805,0.108036232,0.120255448,0.8037943840026855,-0.513952910900116,1.3085218667984009,0.9934556484222412,0.048543788492679596,0.010431010276079178,0.10286174714565277
redkitchen,test,seq-04,redkitchen/seq-04/frame-000326.color.png,1.5000994,-0.73639095,1.7626679,0.983149103,0.091666038,0.103675129,0.119443064,0.8262537121772766,-0.5597882270812988,1.3180979490280151,0.9927799701690674,0.045286644250154495,0.023138301447033882,0.10863548517227173
redkitchen,test,seq-04,redkitchen/seq-04/frame-000327.color.png,1.4993762,-0.72951609,1.7702547,0.983943887,0.092656789,0.098362453,0.1165932,0.7576385140419006,-0.5946890711784363,1.3909027576446533,0.9938124418258667,0.02747703157365322,0.012905665673315525,0.10684280097484589
redkitchen,test,seq-04,redkitchen/seq-04/frame-000328.color.png,1.4986432,-0.72558922,1.7775671,0.984832472,0.092408052,0.097575938,0.1097483,0.8196392059326172,-0.5949190258979797,1.404289722442627,0.9940517544746399,0.03153126686811447,0.015617030672729015,0.10306860506534576
redkitchen,test,seq-04,redkitchen/seq-04/frame-000329.color.png,1.4972459,-0.71726781,1.7850266,0.98529738,0.093423971,0.097190384,0.104952672,0.7801569104194641,-0.5927993655204773,1.3965680599212646,0.9945207834243774,0.032005902379751205,0.015988077968358994,0.0982263833284378
redkitchen,test,seq-04,redkitchen/seq-04/frame-000330.color.png,1.4972894,-0.70967025,1.7925251,0.984981793,0.099437746,0.094536748,0.104813191,0.8160561919212341,-0.5680671334266663,1.4409834146499634,0.9945005774497986,0.03793412074446678,0.00985429622232914,0.09712120145559311
redkitchen,test,seq-04,redkitchen/seq-04/frame-000331.color.png,1.4971567,-0.70711696,1.7981316,0.984917144,0.10292291,0.09263477,0.103749184,0.7803354263305664,-0.5796883702278137,1.437308430671692,0.995098888874054,0.02640419453382492,-0.0020225432235747576,0.09527327865362167
redkitchen,test,seq-04,redkitchen/seq-04/frame-000332.color.png,1.4975878,-0.70507437,1.804287,0.984988027,0.099625015,0.094843195,0.10429866,0.8721154928207397,-0.5509023666381836,1.4664306640625,0.9929887652397156,0.04633873701095581,0.03179101273417473,0.10399667173624039
redkitchen,test,seq-04,redkitchen/seq-04/frame-000333.color.png,1.4962735,-0.70416296,1.8045793,0.985008202,0.099896149,0.095223561,0.103499151,0.8721154928207397,-0.5509023666381836,1.4664306640625,0.9929887652397156,0.04633873701095581,0.03179101273417473,0.10399667173624039
redkitchen,test,seq-04,redkitchen/seq-04/frame-000334.color.png,1.4978441,-0.69940966,1.8103276,0.98422149,0.098396513,0.100209461,0.10763015,0.7643204927444458,-0.5536520481109619,1.3711556196212769,0.9949986934661865,0.034667544066905975,0.00035029338323511183,0.09367896616458893
redkitchen,test,seq-04,redkitchen/seq-04/frame-000335.color.png,1.4998666,-0.69678855,1.8157237,0.983910484,0.096706144,0.102459229,0.109864409,0.8294805884361267,-0.5399309396743774,1.3859270811080933,0.9946991801261902,0.03356067091226578,-0.0017894695047289133,0.09717980027198792
redkitchen,test,seq-04,redkitchen/seq-04/frame-000336.color.png,1.5014665,-0.69172281,1.8209625,0.98367535,0.095778216,0.102883372,0.112358136,0.7851826548576355,-0.5039260387420654,1.3095810413360596,0.9935073256492615,0.04261632263660431,0.015598248690366745,0.10432428866624832
redkitchen,test,seq-04,redkitchen/seq-04/frame-000337.color.png,1.5016037,-0.68797916,1.8261856,0.982924581,0.099063492,0.108083502,0.111191946,0.7243043184280396,-0.485323429107666,1.3746980428695679,0.9947379231452942,0.029092079028487206,-0.008272716775536537,0.09788568317890167
redkitchen,test,seq-04,redkitchen/seq-04/frame-000338.color.png,1.5017337,-0.6837737,1.8313708,0.981780848,0.103306776,0.120186924,0.104829287,0.7259511351585388,-0.5678500533103943,1.4036521911621094,0.9953941106796265,0.03881620615720749,-0.009556959383189678,0.08713552355766296
redkitchen,test,seq-04,redkitchen/seq-04/frame-000339.color.png,1.4992243,-0.67472982,1.8378415,0.979669124,0.112458692,0.132986085,0.099579873,0.8505796194076538,-0.55080246925354,1.397695779800415,0.9946399331092834,0.04547989368438721,-0.01483971532434225,0.09166669845581055
redkitchen,test,seq-04,redkitchen/seq-04/frame-000340.color.png,1.5019709,-0.67309368,1.84079,0.977327187,0.12180171,0.139576786,0.10253894,0.8224595189094543,-0.5255431532859802,1.2992597818374634,0.9969304800033569,0.028984608128666878,-0.013638782314956188,0.07143846154212952
redkitchen,test,seq-04,redkitchen/seq-04/frame-000341.color.png,1.5045342,-0.67142308,1.8427627,0.976172941,0.127550772,0.142650745,0.10231302,0.7414940595626831,-0.5286889672279358,1.277011513710022,0.9963110685348511,0.034273337572813034,-0.006490330211818218,0.07840591669082642
redkitchen,test,seq-04,redkitchen/seq-04/frame-000342.color.png,1.5051763,-0.67152548,1.8428888,0.976291689,0.127314297,0.142311723,0.101945969,0.7414940595626831,-0.5286889672279358,1.277011513710022,0.9963110685348511,0.034273337572813034,-0.006490330211818218,0.07840591669082642
redkitchen,test,seq-04,redkitchen/seq-04/frame-000343.color.png,1.5059783,-0.66839194,1.8455789,0.975999177,0.12914365,0.143028695,0.101441198,0.686997652053833,-0.5078587532043457,1.2627872228622437,0.9963482022285461,0.030225425958633423,-0.0014996929094195366,0.07984083145856857
redkitchen,test,seq-04,redkitchen/seq-04/frame-000344.color.png,1.5066931,-0.66490465,1.8481449,0.975946473,0.131451778,0.140147579,0.102993045,0.6858515739440918,-0.5141555070877075,1.251764178276062,0.9969732761383057,0.020486919209361076,-0.022767066955566406,0.07145819067955017
redkitchen,test,seq-04,redkitchen/seq-04/frame-000345.color.png,1.5045118,-0.66297221,1.8503549,0.976417578,0.131428287,0.138427684,0.10086176,0.6948946118354797,-0.5498793125152588,1.2769016027450562,0.9966300129890442,0.027707098051905632,-0.000511407561134547,0.07720580697059631
redkitchen,test,seq-04,redkitchen/seq-04/frame-000346.color.png,1.5032859,-0.66272801,1.8524745,0.976489886,0.129978817,0.140514404,0.099139862,0.7366522550582886,-0.5140286684036255,1.2828289270401,0.9972033500671387,0.030520854517817497,-0.005472527351230383,0.06799889355897903
redkitchen,test,seq-04,redkitchen/seq-04/frame-000347.color.png,1.4993026,-0.66202855,1.8549982,0.975673491,0.125939326,0.150166008,0.098237948,0.8660443425178528,-0.5167382955551147,1.4309641122817993,0.9970470070838928,0.06167353317141533,-0.03380605950951576,0.030835114419460297
redkitchen,test,seq-04,redkitchen/seq-04/frame-000348.color.png,1.4946706,-0.65984243,1.8582395,0.974084658,0.119751695,0.161674795,0.103343462,0.9269834756851196,-0.5219888091087341,1.3853144645690918,0.9968661665916443,0.05667918175458908,-0.0076886131428182125,0.05464572086930275
redkitchen,test,seq-04,redkitchen/seq-04/frame-000349.color.png,1.4930326,-0.65622866,1.8606933,0.971672054,0.119885003,0.170024642,0.112127725,0.8046218752861023,-0.5686707496643066,1.346508502960205,0.9959629774093628,0.03999033942818642,0.013866623863577843,0.07915943115949631
redkitchen,test,seq-04,redkitchen/seq-04/frame-000350.color.png,1.4930369,-0.65300566,1.8617157,0.969613439,0.121821465,0.17361935,0.121924691,0.8226562142372131,-0.5141597390174866,1.3251241445541382,0.9962444305419922,0.04343191161751747,-0.009985155425965786,0.07423532009124756
redkitchen,test,seq-04,redkitchen/seq-04/frame-000351.color.png,1.4917681,-0.65206361,1.8617473,0.96892012,0.119791308,0.173797497,0.12898943,0.8608108162879944,-0.5265842080116272,1.3033771514892578,0.9966738820075989,0.0468636117875576,-0.007648437283933163,0.06622984260320663
redkitchen,test,seq-04,redkitchen/seq-04/frame-000352.color.png,1.4877369,-0.64990789,1.8633143,0.968268658,0.118121552,0.176746472,0.131391742,0.8760102391242981,-0.553983747959137,1.368627667427063,0.9963219165802002,0.04164057597517967,-0.049562375992536545,0.056145939975976944
redkitchen,test,seq-04,redkitchen/seq-04/frame-000353.color.png,1.4860555,-0.65013921,1.8641009,0.966510606,0.11670723,0.183915467,0.135689983,0.8760102391242981,-0.553983747959137,1.368627667427063,0.9963219165802002,0.04164057597517967,-0.049562375992536545,0.056145939975976944
redkitchen,test,seq-04,redkitchen/seq-04/frame-000354.color.png,1.4858131,-0.65011483,1.864125,0.966563791,0.116748364,0.183962676,0.135210914,0.8591339588165283,-0.643031895160675,1.423342227935791,0.9952354431152344,0.05045520141720772,-0.05369359254837036,0.0638573095202446
redkitchen,test,seq-04,redkitchen/seq-04/frame-000355.color.png,1.4867013,-0.65070766,1.8648368,0.965300879,0.106736199,0.188687216,0.145597842,0.9521737098693848,-0.4954058527946472,1.2046599388122559,0.9946445822715759,0.03823978453874588,0.03138154000043869,0.09074650704860687
redkitchen,test,seq-04,redkitchen/seq-04/frame-000356.color.png,1.4866902,-0.65118891,1.8647187,0.964707387,0.095070571,0.18952968,0.156140141,0.8060440421104431,-0.5383763909339905,1.1926223039627075,0.9975141286849976,0.021860405802726746,0.03302913159132004,0.05828133225440979
redkitchen,test,seq-04,redkitchen/seq-04/frame-000357.color.png,1.4800136,-0.64818966,1.8652353,0.964442257,0.089451464,0.192987885,0.156860593,0.8848524689674377,-0.5527487993240356,1.2981469631195068,0.9957923293113708,0.04120931401848793,0.0011761022033169866,0.08184123784303665
redkitchen,test,seq-04,redkitchen/seq-04/frame-000358.color.png,1.4730372,-0.64087534,1.8680575,0.963482897,0.092163839,0.20213433,0.1494933,0.877966046333313,-0.6502171158790588,1.3253698348999023,0.998418927192688,-0.0007490506977774203,0.013722683303058147,0.054504938423633575
redkitchen,test,seq-04,redkitchen/seq-04/frame-000359.color.png,1.4701495,-0.63903958,1.867254,0.961746697,0.09395007,0.209790303,0.149012428,0.8790685534477234,-0.6484176516532898,1.4189249277114868,0.9976702928543091,0.020168615505099297,-0.007039991207420826,0.06478951126337051
redkitchen,test,seq-04,redkitchen/seq-04/frame-000360.color.png,1.4677502,-0.63901848,1.8661376,0.960487938,0.091213787,0.213458038,0.15355335,0.8807228207588196,-0.6245989203453064,1.4640480279922485,0.997990071773529,0.027720926329493523,-0.017791297286748886,0.054136890918016434
redkitchen,test,seq-04,redkitchen/seq-04/frame-000361.color.png,1.4588604,-0.63324219,1.8663341,0.959838622,0.09339054,0.218730842,0.14881144,0.7795172333717346,-0.5934258699417114,1.3916218280792236,0.9982991218566895,0.003456230042502284,-0.024387188255786896,0.05283992365002632
redkitchen,test,seq-04,redkitchen/seq-04/frame-000362.color.png,1.4492598,-0.62716043,1.8679496,0.957687628,0.098086802,0.230866245,0.141117553,0.7411161065101624,-0.6912199854850769,1.477343201637268,0.9978020787239075,0.007076927460730076,0.024389127269387245,0.06120459362864494
redkitchen,test,seq-04,redkitchen/seq-04/frame-000363.color.png,1.4437622,-0.62471747,1.8674355,0.954047516,0.100137989,0.244389541,0.141560842,0.6899973154067993,-0.6901165843009949,1.47609543800354,0.9983721971511841,0.01836715079843998,0.03155607730150223,0.04381522908806801
redkitchen,test,seq-04,redkitchen/seq-04/frame-000364.color.png,1.4389466,-0.62342286,1.8666713,0.95150716,0.099307358,0.253010786,0.144075384,0.770033061504364,-0.6790958642959595,1.4357733726501465,0.9989942312240601,0.021235870197415352,0.0176438819617033,0.03532965108752251
redkitchen,test,seq-04,redkitchen/seq-04/frame-000365.color.png,1.4323783,-0.6227386,1.8656719,0.949916154,0.097128701,0.25989586,0.143803541,0.8487825989723206,-0.6854544878005981,1.4549810886383057,0.9993266463279724,0.022425899282097816,0.010615820996463299,0.02702835574746132
redkitchen,test,seq-04,redkitchen/seq-04/frame-000366.color.png,1.4282658,-0.62539315,1.8633097,0.948277721,0.091157662,0.266287835,0.146800659,0.9634897112846375,-0.6624816656112671,1.515030026435852,0.9989171624183655,0.03360879048705101,0.019687160849571228,0.025447174906730652
redkitchen,test,seq-04,redkitchen/seq-04/frame-000367.color.png,1.4227874,-0.62384844,1.8613859,0.946835945,0.088053951,0.271992379,0.147540983,0.8415786623954773,-0.6603009104728699,1.4686106443405151,0.9992952346801758,0.008019906468689442,0.03528805822134018,0.00997798703610897
redkitchen,test,seq-04,redkitchen/seq-04/frame-000368.color.png,1.416001,-0.61851388,1.861032,0.94532984,0.09135307,0.276146672,0.147475846,0.8012142181396484,-0.6206089854240417,1.4179250001907349,0.9963520169258118,-0.003924771212041378,0.08254208415746689,0.021307749673724174
redkitchen,test,seq-04,redkitchen/seq-04/frame-000369.color.png,1.4116285,-0.61803168,1.8576202,0.944770569,0.094472032,0.276892433,0.147696267,0.7601306438446045,-0.645495593547821,1.424156665802002,0.9995721578598022,-0.00222965469583869,0.028332803398370743,0.006908352021127939
redkitchen,test,seq-04,redkitchen/seq-04/frame-000370.color.png,1.4094082,-0.62141544,1.8533373,0.944218861,0.090585389,0.277324307,0.152762097,0.7857635617256165,-0.6001625061035156,1.369963526725769,0.993165135383606,-0.003311963751912117,0.11235716938972473,0.031429391354322433
redkitchen,test,seq-04,redkitchen/seq-04/frame-000371.color.png,1.4046084,-0.62078285,1.8503523,0.943992687,0.086789847,0.277563574,0.155896731,0.7536489963531494,-0.6160081624984741,1.3861579895019531,0.993803083896637,-0.003588733496144414,0.10550512373447418,0.03480273857712746
redkitchen,test,seq-04,redkitchen/seq-04/frame-000372.color.png,1.3999972,-0.61859995,1.848866,0.944384807,0.085527216,0.27652198,0.156070582,0.7264605164527893,-0.5657077431678772,1.2975364923477173,0.987185001373291,-0.008626893162727356,0.15072664618492126,0.051698796451091766
redkitchen,test,seq-04,redkitchen/seq-04/frame-000373.color.png,1.3970255,-0.61988938,1.8465313,0.944719442,0.079669659,0.276910193,0.156456596,0.8044540882110596,-0.5950050950050354,1.3301916122436523,0.9872906804084778,-0.0025801712181419134,0.15231555700302124,0.0452827624976635
redkitchen,test,seq-04,redkitchen/seq-04/frame-000374.color.png,1.393441,-0.61846548,1.8445728,0.944033041,0.075830718,0.279341154,0.158176609,0.7336503863334656,-0.6245669722557068,1.3581048250198364,0.9882206320762634,-0.008431271649897099,0.14412619173526764,0.0507601834833622
redkitchen,test,seq-04,redkitchen/seq-04/frame-000375.color.png,1.389706,-0.6168716,1.8432276,0.94337454,0.07480075,0.281673593,0.158459181,0.6829208135604858,-0.6380742192268372,1.338807225227356,0.9882187843322754,-0.01594752073287964,0.14253629744052887,0.053410157561302185
redkitchen,test,seq-04,redkitchen/seq-04/frame-000376.color.png,1.3864552,-0.6165446,1.8413286,0.942626169,0.071570498,0.283976723,0.160283468,0.7043976187705994,-0.6453011631965637,1.3477572202682495,0.9879459738731384,-0.02086929976940155,0.1442161351442337,0.05223924294114113
redkitchen,test,seq-04,redkitchen/seq-04/frame-000377.color.png,1.3807038,-0.6122815,1.8421279,0.941609121,0.068779589,0.288311739,0.159743458,0.701217770576477,-0.611480176448822,1.3135310411453247,0.9808371067047119,-0.013338705524802208,0.18615564703941345,0.0559171698987484
redkitchen,test,seq-04,redkitchen/seq-04/frame-000378.color.png,1.3780463,-0.61135542,1.8407646,0.94054924,0.0651988,0.292300108,0.160240103,0.6844731569290161,-0.588528037071228,1.2406519651412964,0.9783411622047424,-0.011641052551567554,0.19731709361076355,0.06147384271025658
redkitchen,test,seq-04,redkitchen/seq-04/frame-000379.color.png,1.3769435,-0.61106241,1.8387866,0.939552151,0.060322042,0.295340981,0.162409088,0.7344321012496948,-0.5915704369544983,1.3886117935180664,0.9716669917106628,-0.016774248331785202,0.22227643430233002,0.07858177274465561
redkitchen,test,seq-04,redkitchen/seq-04/frame-000380.color.png,1.3754127,-0.6078425,1.8368291,0.939066033,0.058353835,0.297072923,0.162780506,0.6396074891090393,-0.6003283858299255,1.329822063446045,0.9745189547538757,-0.026452407240867615,0.21070948243141174,0.07221151888370514
redkitchen,test,seq-04,redkitchen/seq-04/frame-000381.color.png,1.3707972,-0.60355961,1.8369727,0.937992354,0.058348468,0.301931082,0.160010695,0.5484649538993835,-0.5346566438674927,1.2573752403259277,0.9738784432411194,-0.03725491464138031,0.21543841063976288,0.061311397701501846
redkitchen,test,seq-04,redkitchen/seq-04/frame-000382.color.png,1.3696464,-0.60184497,1.8353945,0.936919039,0.056077238,0.306587996,0.158246192,0.5525505542755127,-0.5492558479309082,1.275180459022522,0.9678995609283447,-0.03376992419362068,0.24075233936309814,0.06378210335969925
redkitchen,test,seq-04,redkitchen/seq-04/frame-000383.color.png,1.3673694,-0.60078275,1.8343323,0.935572227,0.055672845,0.311393149,0.156969581,0.5783202052116394,-0.5174083709716797,1.238334059715271,0.9632335305213928,-0.030468406155705452,0.2573397755622864,0.07091595232486725
redkitchen,test,seq-04,redkitchen/seq-04/frame-000384.color.png,1.3673191,-0.59984934,1.834013,0.935562811,0.056154786,0.311289323,0.15705994,0.5783202052116394,-0.5174083709716797,1.238334059715271,0.9632335305213928,-0.030468406155705452,0.2573397755622864,0.07091595232486725
redkitchen,test,seq-04,redkitchen/seq-04/frame-000385.color.png,1.3644612,-0.59803182,1.8336656,0.933866258,0.056516266,0.316567344,0.156476328,0.5850276350975037,-0.5251308083534241,1.279663324356079,0.9641597867012024,-0.029494881629943848,0.2581455111503601,0.05372941121459007
redkitchen,test,seq-04,redkitchen/seq-04/frame-000386.color.png,1.36377,-0.59859204,1.8321875,0.931725597,0.055187465,0.321712949,0.159193388,0.5398197174072266,-0.5785719156265259,1.2713041305541992,0.9631075859069824,-0.039255205541849136,0.26057717204093933,0.05461058393120766
redkitchen,test,seq-04,redkitchen/seq-04/frame-000387.color.png,1.3645626,-0.5997594,1.8294321,0.930216883,0.052869095,0.324032121,0.1640262,0.5606257915496826,-0.5686954855918884,1.2452735900878906,0.9484871029853821,-0.039809972047805786,0.3074268400669098,0.06539144366979599
redkitchen,test,seq-04,redkitchen/seq-04/frame-000388.color.png,1.3623421,-0.59464514,1.8277752,0.92915708,0.05457403,0.326746371,0.164090233,0.5174388289451599,-0.5350491404533386,1.2227847576141357,0.9561046361923218,-0.0384211428463459,0.2867148220539093,0.04671609029173851
redkitchen,test,seq-04,redkitchen/seq-04/frame-000389.color.png,1.3616419,-0.59319222,1.825887,0.927412151,0.055333643,0.330959524,0.165259444,0.49973171949386597,-0.5721845030784607,1.2481229305267334,0.9597282409667969,-0.04788538068532944,0.2747533917427063,0.033751122653484344
redkitchen,test,seq-04,redkitchen/seq-04/frame-000390.color.png,1.361746,-0.59238482,1.8234367,0.926310992,0.055212688,0.332846163,0.167669131,0.48081639409065247,-0.5718136429786682,1.2190890312194824,0.9528370499610901,-0.0523306205868721,0.29613396525382996,0.04083675518631935
redkitchen,test,seq-04,redkitchen/seq-04/frame-000391.color.png,1.3597379,-0.58769929,1.822696,0.925844429,0.05721144,0.335518615,0.164213892,0.5800675749778748,-0.4708482623100281,1.2196284532546997,0.9534378051757812,-0.036221884191036224,0.296432763338089,0.042093805968761444
redkitchen,test,seq-04,redkitchen/seq-04/frame-000392.color.png,1.3567785,-0.58485049,1.8224902,0.924287299,0.058349933,0.341215684,0.160810856,0.532707929611206,-0.5328001379966736,1.2620269060134888,0.9634461402893066,-0.030913658440113068,0.2642432153224945,0.03148685395717621
redkitchen,test,seq-04,redkitchen/seq-04/frame-000393.color.png,1.3575816,-0.58621508,1.8196721,0.922926475,0.056836173,0.34445038,0.16226616,0.4770951569080353,-0.5992142558097839,1.2803059816360474,0.9676591753959656,-0.048275869339704514,0.24725079536437988,0.013126874342560768
redkitchen,test,seq-04,redkitchen/seq-04/frame-000394.color.png,1.3564857,-0.58333361,1.8174987,0.92202438,0.058556237,0.345842823,0.163813769,0.4681951403617859,-0.5860357880592346,1.253493070602417,0.9640992879867554,-0.04962959140539169,0.26037049293518066,0.016026070341467857
redkitchen,test,seq-04,redkitchen/seq-04/frame-000395.color.png,1.3550442,-0.58338898,1.8166109,0.921089806,0.059297809,0.347497237,0.165296731,0.4508562684059143,-0.6008597612380981,1.265659213066101,0.9677488207817078,-0.045918695628643036,0.2476726770401001,0.0034643460530787706
redkitchen,test,seq-04,redkitchen/seq-04/frame-000396.color.png,1.3527008,-0.58193785,1.8161345,0.920304253,0.058650627,0.349936388,0.164756516,0.4001159369945526,-0.6044715046882629,1.221501111984253,0.9675900936126709,-0.04902001842856407,0.24770228564739227,-0.003168354509398341
redkitchen,test,seq-04,redkitchen/seq-04/frame-000397.color.png,1.3519521,-0.58106673,1.813138,0.919550403,0.059615727,0.350761575,0.166851248,0.33530566096305847,-0.5860592126846313,1.1888394355773926,0.9527785778045654,-0.05175772309303284,0.29877498745918274,0.016361309215426445
redkitchen,test,seq-04,redkitchen/seq-04/frame-000398.color.png,1.3491811,-0.58249986,1.8135762,0.919433501,0.05740571,0.351374823,0.166980102,0.37575724720954895,-0.5517316460609436,1.1662583351135254,0.9542027115821838,-0.041271403431892395,0.2956092953681946,0.020222818478941917
redkitchen,test,seq-04,redkitchen/seq-04/frame-000399.color.png,1.3469378,-0.58178967,1.8132548,0.919539166,0.055056764,0.351508979,0.166906899,0.3871518075466156,-0.577093780040741,1.184237003326416,0.9556505680084229,-0.04581136628985405,0.29034292697906494,0.018282365053892136
redkitchen,test,seq-04,redkitchen/seq-04/frame-000400.color.png,1.343846,-0.58053744,1.812651,0.919665176,0.053656016,0.351342617,0.167019045,0.38618165254592896,-0.5924636125564575,1.2160359621047974,0.9529979825019836,-0.03949759155511856,0.2986062169075012,0.032696083188056946
redkitchen,test,seq-04,redkitchen/seq-04/frame-000401.color.png,1.3397061,-0.57964879,1.8148868,0.919867382,0.051487133,0.35133642,0.166600706,0.4317304193973541,-0.5409682393074036,1.2192399501800537,0.9502910375595093,-0.04239711910486221,0.30409830808639526,0.051706451922655106
redkitchen,test,seq-04,redkitchen/seq-04/frame-000402.color.png,1.3373781,-0.57936609,1.8154008,0.920392908,0.047620153,0.350671723,0.166248481,0.4993312954902649,-0.5240319967269897,1.1923878192901611,0.9429724216461182,-0.04990995302796364,0.32288914918899536,0.06367502361536026
redkitchen,test,seq-04,redkitchen/seq-04/frame-000403.color.png,1.3346357,-0.57984215,1.8173742,0.920968286,0.043338527,0.349758125,0.166157887,0.5724084973335266,-0.565110445022583,1.223561406135559,0.9573509097099304,-0.0339021198451519,0.2817542254924774,0.05426182597875595
redkitchen,test,seq-04,redkitchen/seq-04/frame-000404.color.png,1.3314608,-0.57488692,1.8185257,0.921589215,0.04276685,0.349079374,0.164279962,0.4777149260044098,-0.5850924849510193,1.207157015800476,0.9564090967178345,-0.051630087196826935,0.2819192111492157,0.05601363256573677
redkitchen,test,seq-04,redkitchen/seq-04/frame-000405.color.png,1.328575,-0.57429314,1.8206855,0.921553764,0.040305387,0.350504658,0.162051291,0.5115513205528259,-0.5997740626335144,1.217373251914978,0.9641482830047607,-0.04936018958687782,0.25512588024139404,0.053781621158123016
redkitchen,test,seq-04,redkitchen/seq-04/frame-000406.color.png,1.3265396,-0.57316065,1.8211405,0.921593523,0.038054463,0.350440297,0.162507951,0.556164026260376,-0.5866225361824036,1.2549400329589844,0.9638752341270447,-0.04443495348095894,0.25922542810440063,0.04209936782717705
redkitchen,test,seq-04,redkitchen/seq-04/frame-000407.color.png,1.3235718,-0.56945747,1.8240367,0.921891824,0.036711,0.350892752,0.160131335,0.5127715468406677,-0.5971603393554688,1.2185245752334595,0.9729470610618591,-0.041295986622571945,0.22291094064712524,0.04448944330215454
redkitchen,test,seq-04,redkitchen/seq-04/frame-000408.color.png,1.3213812,-0.56827915,1.8263901,0.921644035,0.033693329,0.352839462,0.157928293,0.5303813815116882,-0.604331910610199,1.2042546272277832,0.9563925862312317,-0.04744553938508034,0.28151366114616394,0.061742741614580154
redkitchen,test,seq-04,redkitchen/seq-04/frame-000409.color.png,1.3198169,-0.56669652,1.8278465,0.921440841,0.030025498,0.353849053,0.157594711,0.5568237900733948,-0.5886485576629639,1.1753475666046143,0.9586694836616516,-0.050664421170949936,0.2755688726902008,0.04947463050484657
redkitchen,test,seq-04,redkitchen/seq-04/frame-000410.color.png,1.3173287,-0.56391263,1.8310151,0.921536064,0.02606035,0.355001856,0.155131634,0.5549273490905762,-0.5406538844108582,1.1318224668502808,0.9512019753456116,-0.04378804564476013,0.3004005253314972,0.055288661271333694
redkitchen,test,seq-04,redkitchen/seq-04/frame-000411.color.png,1.3161904,-0.56237024,1.8328537,0.921162697,0.021660825,0.355965706,0.155815629,0.58039391040802,-0.5501247644424438,1.1757314205169678,0.9593908190727234,-0.0431443490087986,0.2750517427921295,0.04532677307724953
redkitchen,test,seq-04,redkitchen/seq-04/frame-000412.color.png,1.3144937,-0.56008953,1.8346659,0.921227612,0.018000649,0.355504883,0.156945663,0.5574381351470947,-0.5175846815109253,1.166730284690857,0.9543391466140747,-0.03971068188548088,0.29271772503852844,0.04445553943514824
redkitchen,test,seq-04,redkitchen/seq-04/frame-000413.color.png,1.3134246,-0.55708802,1.8367833,0.921328085,0.014512275,0.354846914,0.158201205,0.5274582505226135,-0.5423265695571899,1.1888620853424072,0.9467538595199585,-0.043184634298086166,0.3150654733181,0.050257984548807144
redkitchen,test,seq-04,redkitchen/seq-04/frame-000414.color.png,1.311507,-0.55221677,1.8388721,0.92122663,0.013108605,0.354940578,0.158703646,0.5054232478141785,-0.5671879649162292,1.1904031038284302,0.9554029703140259,-0.041709620505571365,0.28883033990859985,0.045194875448942184
redkitchen,test,seq-04,redkitchen/seq-04/frame-000415.color.png,1.3093542,-0.54828113,1.8409208,0.921246047,0.010963706,0.355612651,0.15724236,0.4864349365234375,-0.5676742196083069,1.1828498840332031,0.9569666385650635,-0.03950873762369156,0.2838423550128937,0.04568828269839287
redkitchen,test,seq-04,redkitchen/seq-04/frame-000416.color.png,1.3092753,-0.54783261,1.8430698,0.921547614,0.006647377,0.355522197,0.155915922,0.4715947210788727,-0.5303387641906738,1.1252583265304565,0.9578189849853516,-0.03583160787820816,0.2833343744277954,0.031946733593940735
redkitchen,test,seq-04,redkitchen/seq-04/frame-000417.color.png,1.3078011,-0.54569119,1.8459918,0.921807564,0.00231752,0.355639308,0.154227515,0.4608882963657379,-0.5321490168571472,1.112252116203308,0.9510307312011719,-0.036614660173654556,0.304196298122406,0.04080013930797577
redkitchen,test,seq-04,redkitchen/seq-04/frame-000418.color.png,1.306459,-0.54258329,1.8480865,0.922104861,-0.001208958,0.354954914,0.154039516,0.4501149654388428,-0.5688939094543457,1.1343441009521484,0.945446789264679,-0.04340963438153267,0.32080766558647156,0.036445681005716324
redkitchen,test,seq-04,redkitchen/seq-04/frame-000419.color.png,1.3058367,-0.54424983,1.8521829,0.922918434,-0.007757297,0.353036346,0.153384243,0.4811253249645233,-0.5567907691001892,1.153895616531372,0.9393517971038818,-0.05539876967668533,0.33596599102020264,0.040940720587968826
redkitchen,test,seq-04,redkitchen/seq-04/frame-000420.color.png,1.3047949,-0.5434128,1.8550444,0.923729579,-0.01446253,0.35123965,0.152135496,0.4671541154384613,-0.5716633796691895,1.1328693628311157,0.9320391416549683,-0.07367494702339172,0.3512707054615021,0.049838654696941376
redkitchen,test,seq-04,redkitchen/seq-04/frame-000421.color.png,1.3030696,-0.53849655,1.8559757,0.924325939,-0.017636955,0.3497097,0.151702411,0.42099443078041077,-0.6093654632568359,1.0973873138427734,0.931975781917572,-0.0851278156042099,0.34645354747772217,0.06437639892101288
redkitchen,test,seq-04,redkitchen/seq-04/frame-000422.color.png,1.3017606,-0.53665459,1.8583149,0.925392353,-0.021599626,0.347111694,0.150651656,0.38043609261512756,-0.5832771062850952,1.0854363441467285,0.9336323142051697,-0.0822051465511322,0.34278416633605957,0.06381193548440933
redkitchen,test,seq-04,redkitchen/seq-04/frame-000423.color.png,1.3008596,-0.53427881,1.86066,0.92661687,-0.025627036,0.345197956,0.146842783,0.3797878324985504,-0.5515410304069519,1.079486608505249,0.9321080446243286,-0.08017433434724808,0.34505680203437805,0.07538219541311264
redkitchen,test,seq-04,redkitchen/seq-04/frame-000424.color.png,1.3000157,-0.53377634,1.8630183,0.927194462,-0.03000702,0.343837461,0.145553457,0.4176604747772217,-0.5560683012008667,1.133352279663086,0.9290905594825745,-0.08518671244382858,0.353166401386261,0.06933581829071045
redkitchen,test,seq-04,redkitchen/seq-04/frame-000425.color.png,1.2986109,-0.53248209,1.8651137,0.928254492,-0.034182104,0.340837763,0.144930331,0.3315585255622864,-0.5732851028442383,1.1725763082504272,0.9259421825408936,-0.09000955522060394,0.3604080080986023,0.06808414310216904
redkitchen,test,seq-04,redkitchen/seq-04/frame-000426.color.png,1.2980602,-0.53205401,1.8683405,0.929434759,-0.040155151,0.337504786,0.143628381,0.3533273935317993,-0.5671604871749878,1.18634831905365,0.9233689904212952,-0.09540950506925583,0.36627334356307983,0.06426902860403061
redkitchen,test,seq-04,redkitchen/seq-04/frame-000427.color.png,1.2973837,-0.52893984,1.8702041,0.930426667,-0.045615633,0.334861968,0.141749403,0.3756070137023926,-0.561405599117279,1.165594458580017,0.9311585426330566,-0.09348040074110031,0.348506361246109,0.05242575705051422
redkitchen,test,seq-04,redkitchen/seq-04/frame-000428.color.png,1.2961489,-0.52485836,1.8715492,0.931366777,-0.048750898,0.333066232,0.138730539,0.3776143491268158,-0.5537064075469971,1.196911334991455,0.932918906211853,-0.09211673587560654,0.34372419118881226,0.05505003407597542
redkitchen,test,seq-04,redkitchen/seq-04/frame-000429.color.png,1.2955089,-0.5241406,1.874011,0.93195772,-0.052881346,0.331396273,0.13724023,0.43230554461479187,-0.6050818562507629,1.2534641027450562,0.9245327115058899,-0.10663654655218124,0.3623613715171814,0.05061708018183708
redkitchen,test,seq-04,redkitchen/seq-04/frame-000430.color.png,1.2946852,-0.5217315,1.8759032,0.932888775,-0.05715242,0.328805106,0.135422808,0.4997584819793701,-0.5505557060241699,1.2020399570465088,0.9216312766075134,-0.10124847292900085,0.3703736364841461,0.056283846497535706
redkitchen,test,seq-04,redkitchen/seq-04/frame-000431.color.png,1.2935159,-0.51578766,1.8772132,0.93356663,-0.059139129,0.32717679,0.133832952,0.46224066615104675,-0.5796271562576294,1.1368225812911987,0.9222012162208557,-0.10854183882474899,0.36667677760124207,0.05754736438393593
redkitchen,test,seq-04,redkitchen/seq-04/frame-000432.color.png,1.2935311,-0.51415735,1.8790387,0.934413588,-0.063063963,0.324412884,0.13285505,0.4396180212497711,-0.570059597492218,1.1065555810928345,0.9244117736816406,-0.1093788743019104,0.36222177743911743,0.047902029007673264
redkitchen,test,seq-04,redkitchen/seq-04/frame-000433.color.png,1.2927632,-0.51033705,1.8806441,0.935609666,-0.066448442,0.321558345,0.129689583,0.4191909432411194,-0.5266857147216797,1.0645508766174316,0.9359682202339172,-0.10585394501686096,0.33403390645980835,0.03434818238019943
redkitchen,test,seq-04,redkitchen/seq-04/frame-000434.color.png,1.29296,-0.5100922,1.8828415,0.936287506,-0.070650081,0.319386162,0.12793261,0.4646596908569336,-0.5304769277572632,1.101208209991455,0.9356585144996643,-0.09871020913124084,0.33546343445777893,0.047578342258930206
redkitchen,test,seq-04,redkitchen/seq-04/frame-000435.color.png,1.2920474,-0.5076828,1.8834499,0.937828761,-0.072341042,0.315353671,0.125682341,0.49198395013809204,-0.5311475396156311,1.1206896305084229,0.9396373629570007,-0.10858071595430374,0.323253333568573,0.02826811745762825
redkitchen,test,seq-04,redkitchen/seq-04/frame-000436.color.png,1.2919415,-0.50581521,1.88482,0.939827955,-0.073470038,0.310632246,0.121791532,0.44075796008110046,-0.5161210298538208,1.1142545938491821,0.9431712031364441,-0.11383210867643356,0.31032589077949524,0.034179918467998505
redkitchen,test,seq-04,redkitchen/seq-04/frame-000437.color.png,1.2915554,-0.50537872,1.8868574,0.941257252,-0.075735346,0.307043305,0.118420231,0.4197338819503784,-0.53086918592453,1.1262834072113037,0.9402143955230713,-0.11874362081289291,0.3173443675041199,0.034487515687942505
redkitchen,test,seq-04,redkitchen/seq-04/frame-000438.color.png,1.2920637,-0.50486457,1.8873552,0.943444924,-0.077441382,0.300839944,0.115800849,0.42545855045318604,-0.5360571146011353,1.1751384735107422,0.9313773512840271,-0.12080688774585724,0.34164416790008545,0.03494623303413391
redkitchen,test,seq-04,redkitchen/seq-04/frame-000439.color.png,1.292388,-0.50348324,1.8882545,0.94598698,-0.078932419,0.293496039,0.112864445,0.4857073724269867,-0.5239360928535461,1.1426280736923218,0.9376632571220398,-0.11898865550756454,0.3258296847343445,0.021547680720686913
redkitchen,test,seq-04,redkitchen/seq-04/frame-000440.color.png,1.2930448,-0.50184435,1.8888735,0.948061584,-0.080231723,0.287899176,0.108886028,0.5292034149169922,-0.5065943598747253,1.1538584232330322,0.934731125831604,-0.11804945021867752,0.3329847753047943,0.03825165703892708
redkitchen,test,seq-04,redkitchen/seq-04/frame-000441.color.png,1.2937537,-0.50181758,1.8896717,0.949490693,-0.081168226,0.284293301,0.105149709,0.5387431979179382,-0.5637352466583252,1.1606245040893555,0.9337711930274963,-0.12963835895061493,0.3304893672466278,0.04518960416316986
redkitchen,test,seq-04,redkitchen/seq-04/frame-000442.color.png,1.2949066,-0.50089645,1.8903548,0.951203253,-0.082028511,0.279358095,0.102189772,0.5312245488166809,-0.563324511051178,1.1151171922683716,0.9347413182258606,-0.1316085159778595,0.3266908824443817,0.0470200814306736
redkitchen,test,seq-04,redkitchen/seq-04/frame-000443.color.png,1.2964406,-0.50001341,1.8902993,0.95287699,-0.082726623,0.274303441,0.099696393,0.6211207509040833,-0.5153270959854126,1.134856104850769,0.937333345413208,-0.11788063496351242,0.32480812072753906,0.04483497887849808
redkitchen,test,seq-04,redkitchen/seq-04/frame-000444.color.png,1.2975603,-0.50039035,1.8911054,0.953968412,-0.083395298,0.270799975,0.09826936,0.611518383026123,-0.5266618132591248,1.1512603759765625,0.9349977374076843,-0.11995250731706619,0.33099493384361267,0.042812246829271317
redkitchen,test,seq-04,redkitchen/seq-04/frame-000445.color.png,1.2992355,-0.50035709,1.8913339,0.955359619,-0.084052605,0.266595397,0.0956559,0.6537386775016785,-0.5142901539802551,1.1206774711608887,0.9359884858131409,-0.12217007577419281,0.32739245891571045,0.04259448125958443
redkitchen,test,seq-04,redkitchen/seq-04/frame-000446.color.png,1.2990632,-0.50045764,1.8913814,0.955332021,-0.084100176,0.266670623,0.095680036,0.6290178894996643,-0.5493566989898682,1.1081030368804932,0.9358459711074829,-0.12388922274112701,0.32746487855911255,0.04013235121965408
redkitchen,test,seq-04,redkitchen/seq-04/frame-000447.color.png,1.3007504,-0.50135839,1.8916388,0.9564568,-0.084663177,0.262710787,0.094897731,0.6290178894996643,-0.5493566989898682,1.1081030368804932,0.9358459711074829,-0.12388922274112701,0.32746487855911255,0.04013235121965408
redkitchen,test,seq-04,redkitchen/seq-04/frame-000448.color.png,1.3019857,-0.50195915,1.8911052,0.957894766,-0.084212571,0.257552446,0.094934698,0.6327210664749146,-0.5050970315933228,1.1340693235397339,0.9394768476486206,-0.1216595396399498,0.3187201917171478,0.0316186361014843
redkitchen,test,seq-04,redkitchen/seq-04/frame-000449.color.png,1.3031133,-0.50143898,1.8913314,0.95935285,-0.082699955,0.253610349,0.092111983,0.6615126729011536,-0.4828358292579651,1.1153104305267334,0.9413114190101624,-0.11959677934646606,0.3132532238960266,0.038753289729356766
redkitchen,test,seq-04,redkitchen/seq-04/frame-000450.color.png,1.3043411,-0.50175315,1.8925527,0.960318199,-0.082357099,0.251099814,0.089191641,0.65756756067276,-0.5316627621650696,1.1131690740585327,0.9421675801277161,-0.12661126255989075,0.3080909550189972,0.03701062500476837
redkitchen,test,seq-04,redkitchen/seq-04/frame-000451.color.png,1.3061063,-0.50284249,1.8926409,0.961468063,-0.083088706,0.246917547,0.087790406,0.6286824345588684,-0.5234888195991516,1.0813789367675781,0.9448966383934021,-0.1162664145231247,0.3040175139904022,0.03501121327280998
redkitchen,test,seq-04,redkitchen/seq-04/frame-000452.color.png,1.3077618,-0.50455886,1.8925117,0.962550309,-0.083319072,0.242887451,0.086951252,0.6838363409042358,-0.507090151309967,1.1088483333587646,0.9422365427017212,-0.11941392719745636,0.3102777898311615,0.04072270542383194
redkitchen,test,seq-04,redkitchen/seq-04/frame-000453.color.png,1.3090669,-0.50495338,1.8932807,0.963558247,-0.083032807,0.23979626,0.084609754,0.6442251205444336,-0.4792201519012451,1.103848934173584,0.9451046586036682,-0.11590389907360077,0.30281540751457214,0.04057548940181732
redkitchen,test,seq-04,redkitchen/seq-04/frame-000454.color.png,1.3091484,-0.50503653,1.8933201,0.96356141,-0.083065761,0.239765686,0.084628035,0.6442251205444336,-0.4792201519012451,1.103848934173584,0.9451046586036682,-0.11590389907360077,0.30281540751457214,0.04057548940181732
redkitchen,test,seq-04,redkitchen/seq-04/frame-000455.color.png,1.3109108,-0.50572985,1.8943553,0.96438077,-0.083653054,0.237182453,0.08195353,0.6717882752418518,-0.47820794582366943,1.1001797914505005,0.9467430710792542,-0.11709114164113998,0.29802703857421875,0.03386911004781723
redkitchen,test,seq-04,redkitchen/seq-04/frame-000456.color.png,1.3129232,-0.50696689,1.8954515,0.964846964,-0.085379751,0.23450186,0.082398499,0.6152591705322266,-0.5516313314437866,1.062804102897644,0.9439555406570435,-0.11572906374931335,0.30617672204971313,0.042549364268779755
redkitchen,test,seq-04,redkitchen/seq-04/frame-000457.color.png,1.3145285,-0.5072071,1.8952985,0.965871251,-0.08693874,0.22974286,0.082174205,0.5815986394882202,-0.4673319458961487,1.0151926279067993,0.9453594088554382,-0.12304934859275818,0.29999208450317383,0.03404802083969116
redkitchen,test,seq-04,redkitchen/seq-04/frame-000458.color.png,1.3170475,-0.50935179,1.8954006,0.966767028,-0.087889508,0.226126522,0.080645791,0.6609766483306885,-0.45379143953323364,1.0963459014892578,0.9460371136665344,-0.12180159986019135,0.2981056571006775,0.03621169924736023
redkitchen,test,seq-04,redkitchen/seq-04/frame-000459.color.png,1.319055,-0.50869614,1.896843,0.967195685,-0.087299927,0.22499133,0.079310349,0.5953458547592163,-0.4695310592651367,1.0718632936477661,0.9452301859855652,-0.12467613071203232,0.2986181974411011,0.04269469156861305
redkitchen,test,seq-04,redkitchen/seq-04/frame-000460.color.png,1.3212768,-0.50979257,1.8981922,0.967791406,-0.089131827,0.222045257,0.078302073,0.6605741381645203,-0.475739061832428,1.098102331161499,0.9441794753074646,-0.12455058097839355,0.302320659160614,0.04017993062734604
redkitchen,test,seq-04,redkitchen/seq-04/frame-000461.color.png,1.324052,-0.51303035,1.898548,0.968533415,-0.09115084,0.218201344,0.077606193,0.6605741381645203,-0.475739061832428,1.098102331161499,0.9441794753074646,-0.12455058097839355,0.302320659160614,0.04017993062734604
redkitchen,test,seq-04,redkitchen/seq-04/frame-000462.color.png,1.3237978,-0.51311612,1.8987036,0.968491318,-0.091173603,0.218361305,0.077654883,0.6895206570625305,-0.4637101888656616,1.080417275428772,0.9487260580062866,-0.11898148059844971,0.29079505801200867,0.03464929014444351
redkitchen,test,seq-04,redkitchen/seq-04/frame-000463.color.png,1.3261727,-0.51443189,1.8988936,0.969360363,-0.090456245,0.215040069,0.076915041,0.6765714287757874,-0.49265414476394653,1.1179238557815552,0.9460756778717041,-0.12338462471961975,0.29739364981651306,0.03569478541612625
redkitchen,test,seq-04,redkitchen/seq-04/frame-000464.color.png,1.3284097,-0.51635987,1.900066,0.970292684,-0.089926442,0.212006857,0.074151436,0.7212049961090088,-0.49298059940338135,1.1226966381072998,0.9444747567176819,-0.1222236379981041,0.3037189245223999,0.027996042743325233
redkitchen,test,seq-04,redkitchen/seq-04/frame-000465.color.png,1.3311731,-0.51626152,1.901675,0.971158121,-0.090122327,0.208582651,0.072271353,0.6659888029098511,-0.5741186141967773,1.126227617263794,0.9406810998916626,-0.11643542349338531,0.3166501224040985,0.03598173335194588
redkitchen,test,seq-04,redkitchen/seq-04/frame-000466.color.png,1.3335862,-0.51794189,1.9022293,0.972280358,-0.092172117,0.202831991,0.07095344,0.6684332489967346,-0.5208965539932251,1.1039526462554932,0.9424169063568115,-0.10933893918991089,0.31383636593818665,0.037446510046720505
redkitchen,test,seq-04,redkitchen/seq-04/frame-000467.color.png,1.3362305,-0.51796573,1.9019104,0.973605039,-0.091514756,0.197635758,0.068252361,0.7299754023551941,-0.5103042721748352,1.119531512260437,0.9427893161773682,-0.12236198782920837,0.3094732165336609,0.020054586231708527
redkitchen,test,seq-04,redkitchen/seq-04/frame-000468.color.png,1.3393544,-0.51903433,1.9039726,0.974291706,-0.092329451,0.194300008,0.066921235,0.6865977644920349,-0.5876195430755615,1.106041431427002,0.9436187744140625,-0.12093095481395721,0.3073903024196625,0.021689973771572113
redkitchen,test,seq-04,redkitchen/seq-04/frame-000469.color.png,1.3427092,-0.51988322,1.9045937,0.975107347,-0.094603362,0.188733169,0.067791265,0.6865977644920349,-0.5876195430755615,1.106041431427002,0.9436187744140625,-0.12093095481395721,0.3073903024196625,0.021689973771572113
redkitchen,test,seq-04,redkitchen/seq-04/frame-000470.color.png,1.3425997,-0.52035373,1.9046911,0.975065382,-0.094770607,0.188805398,0.067959946,0.6368150115013123,-0.5714804530143738,1.0969346761703491,0.9452793002128601,-0.11233243346214294,0.30436092615127563,0.03453710675239563
redkitchen,test,seq-04,redkitchen/seq-04/frame-000471.color.png,1.3466914,-0.52264273,1.9058245,0.976376112,-0.09921805,0.179392521,0.068291945,0.6830912828445435,-0.5174458026885986,1.1601226329803467,0.9488581418991089,-0.10958487540483475,0.2953462600708008,0.020733976736664772
redkitchen,test,seq-04,redkitchen/seq-04/frame-000472.color.png,1.3492892,-0.52882904,1.9052933,0.97740724,-0.103296168,0.172071136,0.066306207,0.7043371796607971,-0.4153543710708618,1.0656336545944214,0.9501031637191772,-0.11189160495996475,0.2899727523326874,0.02645697072148323
redkitchen,test,seq-04,redkitchen/seq-04/frame-000473.color.png,1.3525943,-0.52941746,1.9046831,0.97864145,-0.099992127,0.167597778,0.064602414,0.8020477890968323,-0.4298713207244873,1.0956858396530151,0.9519561529159546,-0.11196481436491013,0.2845297157764435,0.016919607296586037
redkitchen,test,seq-04,redkitchen/seq-04/frame-000474.color.png,1.3564668,-0.52934098,1.9069488,0.979574528,-0.099110276,0.162960006,0.063678359,0.7064400315284729,-0.5061054229736328,1.1053011417388916,0.9482443332672119,-0.11719859391450882,0.29331305623054504,0.032628368586301804
redkitchen,test,seq-04,redkitchen/seq-04/frame-000475.color.png,1.3608812,-0.53358132,1.9078618,0.98033193,-0.103021811,0.155865655,0.063574448,0.7064400315284729,-0.5061054229736328,1.1053011417388916,0.9482443332672119,-0.11719859391450882,0.29331305623054504,0.032628368586301804
redkitchen,test,seq-04,redkitchen/seq-04/frame-000476.color.png,1.3609782,-0.53344995,1.9078243,0.980348525,-0.102984843,0.155784089,0.063578365,0.720171332359314,-0.4535081386566162,1.0748367309570312,0.9516372084617615,-0.11279796063899994,0.283833771944046,0.033190853893756866
redkitchen,test,seq-04,redkitchen/seq-04/frame-000477.color.png,1.3650128,-0.53768718,1.9077208,0.981256077,-0.104808607,0.148587601,0.063823138,0.737897515296936,-0.41961532831192017,1.0461595058441162,0.9549012780189514,-0.11251041293144226,0.27287739515304565,0.032293349504470825
redkitchen,test,seq-04,redkitchen/seq-04/frame-000478.color.png,1.3682069,-0.54074144,1.9089262,0.981997309,-0.104503367,0.144511109,0.062264525,0.7989843487739563,-0.41331803798675537,1.109610915184021,0.957608699798584,-0.10821083933115005,0.266250342130661,0.019665105268359184
redkitchen,test,seq-04,redkitchen/seq-04/frame-000479.color.png,1.372068,-0.54247075,1.9096843,0.982798348,-0.103647284,0.140807333,0.059480609,0.863551914691925,-0.42753344774246216,1.0978798866271973,0.9605749845504761,-0.10173054784536362,0.25807204842567444,0.01858578808605671
redkitchen,test,seq-04,redkitchen/seq-04/frame-000480.color.png,1.3758368,-0.54368204,1.9109993,0.983574258,-0.102954581,0.136583804,0.057679273,0.8002969026565552,-0.4332754611968994,1.1019437313079834,0.9576998949050903,-0.09505927562713623,0.2710300385951996,0.01781359687447548
redkitchen,test,seq-04,redkitchen/seq-04/frame-000481.color.png,1.3761767,-0.54335946,1.9108198,0.983626806,-0.102827089,0.136379052,0.057494784,0.7628877758979797,-0.3974389433860779,1.0603688955307007,0.9593899250030518,-0.0921812430024147,0.2660714089870453,0.01672174036502838
redkitchen,test,seq-04,redkitchen/seq-04/frame-000482.color.png,1.3812617,-0.5481329,1.9122775,0.984219256,-0.104532667,0.131219977,0.056273405,0.7628877758979797,-0.3974389433860779,1.0603688955307007,0.9593899250030518,-0.0921812430024147,0.2660714089870453,0.01672174036502838
redkitchen,test,seq-04,redkitchen/seq-04/frame-000483.color.png,1.3853643,-0.55000198,1.912416,0.98505671,-0.103675018,0.126048713,0.055013545,0.7380651831626892,-0.3909757733345032,1.0628786087036133,0.9602028131484985,-0.0896693617105484,0.26373228430747986,0.020376218482851982
redkitchen,test,seq-04,redkitchen/seq-04/frame-000484.color.png,1.3889033,-0.55250007,1.9140941,0.985660565,-0.10354993,0.12193343,0.053692646,0.7800549864768982,-0.4276660084724426,1.0726616382598877,0.9605903029441833,-0.0933840349316597,0.26087430119514465,0.02214420586824417
redkitchen,test,seq-04,redkitchen/seq-04/frame-000485.color.png,1.3944401,-0.55562192,1.9150772,0.986437279,-0.104975219,0.114983236,0.051966849,0.723124086856842,-0.39988696575164795,1.0388011932373047,0.9657354950904846,-0.07862666994333267,0.24691352248191833,0.014371875673532486
redkitchen,test,seq-04,redkitchen/seq-04/frame-000486.color.png,1.3944741,-0.55567443,1.9151525,0.986430372,-0.105003765,0.11498215,0.05204263,0.723124086856842,-0.39988696575164795,1.0388011932373047,0.9657354950904846,-0.07862666994333267,0.24691352248191833,0.014371875673532486
redkitchen,test,seq-04,redkitchen/seq-04/frame-000487.color.png,1.3994287,-0.55887347,1.9160602,0.987189131,-0.106817933,0.106908661,0.051167248,0.7622103095054626,-0.42750656604766846,0.9888250827789307,0.9704251885414124,-0.07430348545312881,0.2292782962322235,0.013615153729915619
redkitchen,test,seq-04,redkitchen/seq-04/frame-000488.color.png,1.4046315,-0.5627293,1.9169717,0.987805226,-0.109681951,0.098495579,0.050093168,0.6453831195831299,-0.354467511177063,0.9940265417098999,0.973791778087616,-0.0636061578989029,0.2183426171541214,0.0032054812181741
redkitchen,test,seq-04,redkitchen/seq-04/frame-000489.color.png,1.4092455,-0.56654298,1.9166685,0.988678617,-0.111859656,0.088335162,0.046892529,0.6425102949142456,-0.3495672345161438,0.9558738470077515,0.9773222208023071,-0.06424058228731155,0.20173490047454834,0.004195313900709152
redkitchen,test,seq-04,redkitchen/seq-04/frame-000490.color.png,1.4130635,-0.5703997,1.916441,0.98966845,-0.111979337,0.079713813,0.040776154,0.7158201932907104,-0.3014373183250427,1.0258961915969849,0.9757192730903625,-0.06997355073690414,0.20752321183681488,-0.003131086239591241
redkitchen,test,seq-04,redkitchen/seq-04/frame-000491.color.png,1.4157948,-0.571055,1.9163972,0.990560632,-0.10886079,0.075894392,0.03433664,0.6762235164642334,-0.2929694652557373,1.0386989116668701,0.9770280122756958,-0.06456778943538666,0.20257358253002167,-0.014533951878547668
redkitchen,test,seq-04,redkitchen/seq-04/frame-000492.color.png,1.4158812,-0.57054728,1.9163163,0.990592428,-0.10863718,0.075793179,0.034351103,0.6762235164642334,-0.2929694652557373,1.0386989116668701,0.9770280122756958,-0.06456778943538666,0.20257358253002167,-0.014533951878547668
redkitchen,test,seq-04,redkitchen/seq-04/frame-000493.color.png,1.4207821,-0.57345277,1.9173951,0.991158936,-0.107073935,0.072071078,0.03073917,0.6695313453674316,-0.3012661039829254,1.0046086311340332,0.9807865023612976,-0.06873452663421631,0.1824464052915573,-0.006834299303591251
redkitchen,test,seq-04,redkitchen/seq-04/frame-000494.color.png,1.4253755,-0.57567412,1.9174541,0.991687398,-0.105073219,0.06753877,0.030890748,0.6296513080596924,-0.3242878317832947,1.017653465270996,0.9785749316215515,-0.06839410960674286,0.1941564679145813,-0.004074859898537397
redkitchen,test,seq-04,redkitchen/seq-04/frame-000495.color.png,1.4291089,-0.57869154,1.9185346,0.99210357,-0.104155479,0.062858327,0.030511847,0.6571769118309021,-0.3046600818634033,1.0359817743301392,0.9803105592727661,-0.0646638572216034,0.18652081489562988,-0.004454480018466711
redkitchen,test,seq-04,redkitchen/seq-04/frame-000496.color.png,1.4334064,-0.58097905,1.9190755,0.992531433,-0.103355135,0.057731155,0.029431003,0.6723636388778687,-0.3058573305606842,1.0111111402511597,0.9821503162384033,-0.06859889626502991,0.17470605671405792,-0.012355496175587177
redkitchen,test,seq-04,redkitchen/seq-04/frame-000497.color.png,1.4331638,-0.58043438,1.9188371,0.992549629,-0.103130652,0.057758283,0.029551381,0.6723636388778687,-0.3058573305606842,1.0111111402511597,0.9821503162384033,-0.06859889626502991,0.17470605671405792,-0.012355496175587177
redkitchen,test,seq-04,redkitchen/seq-04/frame-000498.color.png,1.4362472,-0.58232492,1.9186262,0.993028952,-0.101139106,0.053529453,0.028266215,0.7074309587478638,-0.3330928683280945,1.0207337141036987,0.9843558073043823,-0.06961561739444733,0.1609956920146942,-0.01666407473385334
redkitchen,test,seq-04,redkitchen/seq-04/frame-000499.color.png,1.4394466,-0.58497846,1.9187464,0.993478665,-0.098297506,0.051024026,0.027097794,0.661775529384613,-0.3401007056236267,1.0195140838623047,0.9862090945243835,-0.06437956541776657,0.15209443867206573,-0.010687118396162987
redkitchen,test,seq-04,redkitchen/seq-04/frame-000500.color.png,1.441048,-0.5843206,1.9174205,0.994159742,-0.091995999,0.050561777,0.025032993,0.6190876960754395,-0.3258737325668335,0.9933981895446777,0.9893193244934082,-0.05297226831316948,0.13561850786209106,-0.006982564460486174
redkitchen,test,seq-04,redkitchen/seq-04/frame-000501.color.png,1.4418714,-0.5870496,1.9184405,0.994632428,-0.085612115,0.053573809,0.022511037,0.6190876960754395,-0.3258737325668335,0.9933981895446777,0.9893193244934082,-0.05297226831316948,0.13561850786209106,-0.006982564460486174
redkitchen,test,seq-04,redkitchen/seq-04/frame-000502.color.png,1.4425939,-0.58828276,1.9188128,0.994609429,-0.086093479,0.053260555,0.022434553,0.6071998476982117,-0.30330705642700195,0.9996882081031799,0.9917219281196594,-0.04426809772849083,0.11925745010375977,-0.017486058175563812
redkitchen,test,seq-04,redkitchen/seq-04/frame-000503.color.png,1.4439918,-0.58799452,1.9168196,0.995142141,-0.075483211,0.059557552,0.021149496,0.5782787799835205,-0.2629111111164093,0.9624423384666443,0.9950144290924072,-0.03443656489253044,0.09149380773305893,-0.01972874440252781
redkitchen,test,seq-04,redkitchen/seq-04/frame-000504.color.png,1.4463152,-0.59022421,1.9182067,0.995401128,-0.064215298,0.067222772,0.023110366,0.548145055770874,-0.24825818836688995,0.9637322425842285,0.9933750033378601,-0.013646078296005726,0.11178963631391525,-0.022869732230901718
redkitchen,test,seq-04,redkitchen/seq-04/frame-000505.color.png,1.4497292,-0.59635317,1.9193401,0.99529073,-0.058971425,0.071877477,0.027429224,0.4885437488555908,-0.31811362504959106,0.9851464629173279,0.9888483285903931,-0.028217921033501625,0.1454637199640274,-0.014933021739125252
redkitchen,test,seq-04,redkitchen/seq-04/frame-000506.color.png,1.4492166,-0.59608299,1.9191786,0.995284726,-0.058797935,0.072168226,0.027255532,0.4885437488555908,-0.31811362504959106,0.9851464629173279,0.9888483285903931,-0.028217921033501625,0.1454637199640274,-0.014933021739125252
redkitchen,test,seq-04,redkitchen/seq-04/frame-000507.color.png,1.4517359,-0.5975551,1.9178879,0.995110078,-0.052032253,0.077186659,0.033027216,0.44279375672340393,-0.39281129837036133,0.9798488020896912,0.9858917593955994,-0.032018862664699554,0.16412211954593658,-0.007494679186493158
redkitchen,test,seq-04,redkitchen/seq-04/frame-000508.color.png,1.4550836,-0.59949428,1.9170167,0.994730149,-0.045661991,0.082258123,0.040749415,0.6272523403167725,-0.43578946590423584,1.0472588539123535,0.9846133589744568,-0.02456829696893692,0.17299316823482513,-0.0025107793044298887
redkitchen,test,seq-04,redkitchen/seq-04/frame-000509.color.png,1.4589502,-0.60436141,1.9162667,0.994322518,-0.041461174,0.08578499,0.047377594,0.5787956714630127,-0.4414377212524414,1.0465528964996338,0.9825609922409058,-0.021509680896997452,0.18438725173473358,0.010608741082251072
redkitchen,test,seq-04,redkitchen/seq-04/frame-000510.color.png,1.4619867,-0.60937494,1.9157792,0.993926021,-0.039025664,0.088774693,0.052029959,0.6569055914878845,-0.4714953303337097,1.0963122844696045,0.9813206195831299,-0.03028891421854496,0.18886032700538635,0.02059827372431755
redkitchen,test,seq-04,redkitchen/seq-04/frame-000511.color.png,1.4661932,-0.61292452,1.9142199,0.993615822,-0.036824235,0.09046011,0.056467177,0.7101712226867676,-0.4395652413368225,1.0614924430847168,0.9821441769599915,-0.02999105677008629,0.18435163795948029,0.02253461442887783
redkitchen,test,seq-04,redkitchen/seq-04/frame-000512.color.png,1.4707916,-0.61797649,1.9131017,0.993394741,-0.034564147,0.090621261,0.061318808,0.7101712226867676,-0.4395652413368225,1.0614924430847168,0.9821441769599915,-0.02999105677008629,0.18435163795948029,0.02253461442887783
redkitchen,test,seq-04,redkitchen/seq-04/frame-000513.color.png,1.4711971,-0.61779255,1.9129686,0.993410457,-0.034499699,0.090425423,0.061389554,0.6987099647521973,-0.4645106792449951,1.073453664779663,0.9796543717384338,-0.03493175655603409,0.19524875283241272,0.03057684749364853
redkitchen,test,seq-04,redkitchen/seq-04/frame-000514.color.png,1.4747785,-0.6218822,1.911333,0.993393167,-0.031776295,0.089692793,0.064152057,0.7246992588043213,-0.4496558904647827,0.998070478439331,0.9818381071090698,-0.03671818971633911,0.184493750333786,0.024651825428009033
redkitchen,test,seq-04,redkitchen/seq-04/frame-000515.color.png,1.4773786,-0.62654316,1.9097645,0.993266039,-0.027490171,0.090620819,0.066743788,0.5951620936393738,-0.4748191237449646,1.0569926500320435,0.9806756377220154,-0.02537887915968895,0.19220003485679626,0.026272930204868317
redkitchen,test,seq-04,redkitchen/seq-04/frame-000516.color.png,1.482146,-0.63049608,1.9074057,0.993152724,-0.022827683,0.089689339,0.071290857,0.7439824342727661,-0.5068860650062561,1.1062365770339966,0.9834429621696472,-0.0323052816092968,0.17232154309749603,0.04584328457713127
redkitchen,test,seq-04,redkitchen/seq-04/frame-000517.color.png,1.4849951,-0.6368072,1.9054677,0.993221065,-0.018494442,0.08722945,0.074571409,0.6423461437225342,-0.511579692363739,1.1463345289230347,0.9834904074668884,-0.02079383097589016,0.1685177981853485,0.06257849931716919
redkitchen,test,seq-04,redkitchen/seq-04/frame-000518.color.png,1.4878362,-0.64106899,1.9032202,0.993233644,-0.016181876,0.08567372,0.076714334,0.6423461437225342,-0.511579692363739,1.1463345289230347,0.9834904074668884,-0.02079383097589016,0.1685177981853485,0.06257849931716919
redkitchen,test,seq-04,redkitchen/seq-04/frame-000519.color.png,1.4908564,-0.64482766,1.9011261,0.99306303,-0.013132459,0.085156747,0.080010534,0.647424042224884,-0.5078797340393066,1.1380198001861572,0.9839918613433838,-0.02765226922929287,0.16337251663208008,0.06561009585857391
redkitchen,test,seq-04,redkitchen/seq-04/frame-000520.color.png,1.490563,-0.64485312,1.9009773,0.993045885,-0.013086252,0.085339685,0.080035982,0.6637125611305237,-0.5126587152481079,1.1530287265777588,0.9853129982948303,-0.020531220361590385,0.1568487286567688,0.06430510431528091
redkitchen,test,seq-04,redkitchen/seq-04/frame-000521.color.png,1.4927831,-0.64911062,1.8989966,0.993007055,-0.008824951,0.083736189,0.082748768,0.7089409232139587,-0.5354867577552795,1.1648906469345093,0.985643744468689,-0.016394972801208496,0.1574086844921112,0.058822277933359146
redkitchen,test,seq-04,redkitchen/seq-04/frame-000522.color.png,1.4944988,-0.65258139,1.8975731,0.992906381,-0.004265552,0.083378519,0.084656637,0.6862426996231079,-0.549375057220459,1.2009912729263306,0.9846888184547424,-0.018739037215709686,0.159275084733963,0.06832417100667953
redkitchen,test,seq-04,redkitchen/seq-04/frame-000523.color.png,1.4962789,-0.65717202,1.8954499,0.992785374,-0.001499081,0.083032323,0.086490384,0.7216454744338989,-0.5849615335464478,1.2231316566467285,0.9835846424102783,-0.02291664481163025,0.16004455089569092,0.08013618737459183
redkitchen,test,seq-04,redkitchen/seq-04/frame-000524.color.png,1.4982113,-0.66120601,1.8935728,0.992819038,0.000748635,0.081137358,0.087900666,0.664520263671875,-0.5542199611663818,1.14202082157135,0.9837811589241028,-0.013693357817828655,0.15844719111919403,0.082955002784729
redkitchen,test,seq-04,redkitchen/seq-04/frame-000525.color.png,1.4988625,-0.66561759,1.891611,0.993000342,0.000328894,0.079976567,0.086913523,0.6441669464111328,-0.592857837677002,1.1891616582870483,0.9848306179046631,-0.02036513388156891,0.1503768265247345,0.08414670079946518
redkitchen,test,seq-04,redkitchen/seq-04/frame-000526.color.png,1.4991794,-0.66748124,1.8894819,0.993166923,-0.001153922,0.080197096,0.08477357,0.6369043588638306,-0.5853579044342041,1.160135269165039,0.9845333695411682,-0.015005984343588352,0.1530933976173401,0.0838523730635643
redkitchen,test,seq-04,redkitchen/seq-04/frame-000527.color.png,1.49979,-0.6680761,1.8895586,0.99317689,-0.001353489,0.079880578,0.084952491,0.6369043588638306,-0.5853579044342041,1.160135269165039,0.9845333695411682,-0.015005984343588352,0.1530933976173401,0.0838523730635643
redkitchen,test,seq-04,redkitchen/seq-04/frame-000528.color.png,1.4988885,-0.67001122,1.8871213,0.99337134,-0.00365469,0.081114757,0.081365968,0.6632084250450134,-0.5848004817962646,1.1699169874191284,0.985348641872406,-0.013550489209592342,0.1474817544221878,0.08457916975021362
redkitchen,test,seq-04,redkitchen/seq-04/frame-000529.color.png,1.4989545,-0.67264342,1.8843269,0.99339672,-0.007501843,0.083310155,0.078524498,0.7242748737335205,-0.5764802098274231,1.1804488897323608,0.9844898581504822,-0.01609567552804947,0.15646788477897644,0.0777079239487648
redkitchen,test,seq-04,redkitchen/seq-04/frame-000530.color.png,1.4994676,-0.67436033,1.8805598,0.993250387,-0.011697312,0.085601201,0.077390417,0.7080309987068176,-0.5780088305473328,1.187110424041748,0.9831349849700928,-0.016845297068357468,0.1652200073003769,0.07657856494188309
redkitchen,test,seq-04,redkitchen/seq-04/frame-000531.color.png,1.4986211,-0.67744964,1.8762758,0.993121309,-0.016032254,0.087820722,0.075766445,0.7527956366539001,-0.5624327659606934,1.1892930269241333,0.9824966192245483,-0.018926747143268585,0.170874685049057,0.07172203063964844
redkitchen,test,seq-04,redkitchen/seq-04/frame-000532.color.png,1.4990168,-0.68198341,1.8713937,0.993054837,-0.024030438,0.08804123,0.074252076,0.726649284362793,-0.4927830696105957,1.1630475521087646,0.9803532958030701,-0.00642070546746254,0.18821828067302704,0.05865192413330078
redkitchen,test,seq-04,redkitchen/seq-04/frame-000533.color.png,1.5006233,-0.68369859,1.8649909,0.993332807,-0.026879982,0.084347086,0.073844227,0.6608589887619019,-0.5397141575813293,1.103264570236206,0.9786063432693481,-0.0372316800057888,0.18853819370269775,0.07346285879611969
redkitchen,test,seq-04,redkitchen/seq-04/frame-000534.color.png,1.5004842,-0.68641907,1.8587255,0.993844982,-0.029736635,0.079845767,0.070799281,0.6018237471580505,-0.5608758330345154,1.0605343580245972,0.9864427447319031,-0.02495529130101204,0.15268246829509735,0.05473605543375015
redkitchen,test,seq-04,redkitchen/seq-04/frame-000535.color.png,1.5009431,-0.69032621,1.851989,0.994252338,-0.031329158,0.076879042,0.067604618,0.6018237471580505,-0.5608758330345154,1.0605343580245972,0.9864427447319031,-0.02495529130101204,0.15268246829509735,0.05473605543375015
redkitchen,test,seq-04,redkitchen/seq-04/frame-000536.color.png,1.5009006,-0.68956822,1.8518643,0.994265251,-0.031010739,0.076956362,0.067473431,0.6803052425384521,-0.5426533818244934,1.119107723236084,0.9868509769439697,-0.025830671191215515,0.14992177486419678,0.054602134972810745
redkitchen,test,seq-04,redkitchen/seq-04/frame-000537.color.png,1.5011183,-0.69280702,1.8452109,0.99449342,-0.027708694,0.076580966,0.065957732,0.7112830877304077,-0.5398488640785217,1.1863644123077393,0.9852666854858398,-0.012558741495013237,0.16065196692943573,0.057296257466077805
redkitchen,test,seq-04,redkitchen/seq-04/frame-000538.color.png,1.5011045,-0.69816023,1.8379506,0.994863725,-0.028969718,0.074221593,0.062434593,0.7003337740898132,-0.5628090500831604,1.1416476964950562,0.9892020225524902,-0.010640454478561878,0.13420192897319794,0.05793112516403198
redkitchen,test,seq-04,redkitchen/seq-04/frame-000539.color.png,1.5021849,-0.70202351,1.8301809,0.995145214,-0.032510611,0.070834856,0.060095651,0.6315869092941284,-0.5536569952964783,1.1466704607009888,0.9866340756416321,-0.018926477059721947,0.14846661686897278,0.06444179266691208
redkitchen,test,seq-04,redkitchen/seq-04/frame-000540.color.png,1.5008893,-0.70328289,1.8232421,0.995099205,-0.030613362,0.074320436,0.057592254,0.674055814743042,-0.5878122448921204,1.1692217588424683,0.9905967116355896,-0.02008012682199478,0.1157374382019043,0.0701415166258812
redkitchen,test,seq-04,redkitchen/seq-04/frame-000541.color.png,1.5013598,-0.70737475,1.8159595,0.994683474,-0.028898845,0.081733282,0.055581595,0.7296960353851318,-0.5322668552398682,1.1202038526535034,0.9915204644203186,0.004816854372620583,0.11766834557056427,0.05493766441941261
redkitchen,test,seq-04,redkitchen/seq-04/frame-000542.color.png,1.5024507,-0.71244854,1.8083214,0.994346042,-0.027154149,0.084767982,0.057905009,0.7296960353851318,-0.5322668552398682,1.1202038526535034,0.9915204644203186,0.004816854372620583,0.11766834557056427,0.05493766441941261
redkitchen,test,seq-04,redkitchen/seq-04/frame-000543.color.png,1.5020369,-0.71157545,1.8080858,0.994342983,-0.026837139,0.084937531,0.05785686,0.8154468536376953,-0.5266714096069336,1.205031394958496,0.9871973991394043,-0.0007000139448791742,0.1495983600616455,0.055329032242298126
redkitchen,test,seq-04,redkitchen/seq-04/frame-000544.color.png,1.5051233,-0.71869856,1.8006934,0.994468294,-0.028161028,0.080176412,0.061737444,0.7902933359146118,-0.5614895224571228,1.1285474300384521,0.9911439418792725,-0.023314394056797028,0.11407763510942459,0.0638461485505104
redkitchen,test,seq-04,redkitchen/seq-04/frame-000545.color.png,1.5083029,-0.72236252,1.7932756,0.994909025,-0.031714487,0.071238563,0.063837994,0.7546746730804443,-0.5818580389022827,1.1345378160476685,0.9936665892601013,-0.010985691100358963,0.0905195102095604,0.06566790491342545
redkitchen,test,seq-04,redkitchen/seq-04/frame-000546.color.png,1.5105723,-0.72408825,1.7863469,0.995405596,-0.032048267,0.064556081,0.063032695,0.8062049150466919,-0.5541865229606628,1.1511013507843018,0.9922189116477966,-0.007809051778167486,0.10782890021800995,0.061753589659929276
redkitchen,test,seq-04,redkitchen/seq-04/frame-000547.color.png,1.5122292,-0.7266978,1.7797126,0.995849988,-0.030212215,0.061150664,0.060254621,0.9356867074966431,-0.5632377862930298,1.2400989532470703,0.9941564798355103,-0.007362812291830778,0.09546490758657455,0.04985121265053749
redkitchen,test,seq-04,redkitchen/seq-04/frame-000548.color.png,1.5167603,-0.72991818,1.7717994,0.996239261,-0.027880681,0.055698872,0.060229878,0.964958906173706,-0.5600894093513489,1.1740986108779907,0.9961040616035461,-0.0014559617266058922,0.07277083396911621,0.049789514392614365
redkitchen,test,seq-04,redkitchen/seq-04/frame-000549.color.png,1.5191468,-0.73367655,1.7647022,0.996613133,-0.023966905,0.050713298,0.060133289,0.964958906173706,-0.5600894093513489,1.1740986108779907,0.9961040616035461,-0.0014559617266058922,0.07277083396911621,0.049789514392614365
redkitchen,test,seq-04,redkitchen/seq-04/frame-000550.color.png,1.5185373,-0.73404258,1.7647682,0.996619117,-0.024021023,0.050893002,0.059860071,1.0375479459762573,-0.5893207788467407,1.2754268646240234,0.9971651434898376,0.002542933216318488,0.06775277853012085,0.03263267129659653
redkitchen,test,seq-04,redkitchen/seq-04/frame-000551.color.png,1.5209862,-0.73651963,1.7576594,0.996925748,-0.021578382,0.047746132,0.058255759,1.0565062761306763,-0.5810795426368713,1.301923394203186,0.9983664751052856,0.01222518552094698,0.04669719189405441,0.030565040186047554
redkitchen,test,seq-04,redkitchen/seq-04/frame-000552.color.png,1.5225505,-0.73993415,1.7504965,0.997257371,-0.01995252,0.044392261,0.055758048,0.9816727638244629,-0.5863212943077087,1.296857237815857,0.998746395111084,0.019120564684271812,0.03237210214138031,0.03304653614759445
redkitchen,test,seq-04,redkitchen/seq-04/frame-000553.color.png,1.5262673,-0.7417236,1.7428348,0.997562366,-0.016439966,0.039560513,0.055081937,1.127537488937378,-0.5952510237693787,1.370430588722229,0.9986026287078857,0.017121169716119766,0.028776749968528748,0.04088424891233444
redkitchen,test,seq-04,redkitchen/seq-04/frame-000554.color.png,1.5278573,-0.74546546,1.7354929,0.997888463,-0.013049858,0.035072325,0.053087171,1.0629969835281372,-0.5822990536689758,1.3483498096466064,0.9990085959434509,0.017305511981248856,-0.016491366550326347,0.03755445405840874
redkitchen,test,seq-04,redkitchen/seq-04/frame-000555.color.png,1.5304874,-0.74862647,1.7282149,0.998267557,-0.011104376,0.027688323,0.050714242,1.0330127477645874,-0.6044788360595703,1.3582903146743774,0.9982421398162842,0.0163075253367424,-0.03256276249885559,0.04675918444991112
redkitchen,test,seq-04,redkitchen/seq-04/frame-000556.color.png,1.5339649,-0.75231785,1.721318,0.998543063,-0.011233564,0.019446791,0.04906507,1.0357894897460938,-0.592545211315155,1.2929314374923706,0.9985904097557068,0.027287933975458145,-0.02976747788488865,0.03444594144821167
redkitchen,test,seq-04,redkitchen/seq-04/frame-000557.color.png,1.5371239,-0.75458741,1.7149707,0.998692507,-0.012399581,0.011680784,0.048198406,1.0366592407226562,-0.6054182052612305,1.3706976175308228,0.9981817007064819,0.02870188094675541,-0.03476690873503685,0.04000895097851753
redkitchen,test,seq-04,redkitchen/seq-04/frame-000558.color.png,1.5388782,-0.75460416,1.7078464,0.998786036,-0.009155322,0.004742565,0.048167853,1.0366592407226562,-0.6054182052612305,1.3706976175308228,0.9981817007064819,0.02870188094675541,-0.03476690873503685,0.04000895097851753
redkitchen,test,seq-04,redkitchen/seq-04/frame-000559.color.png,1.5386844,-0.75413847,1.7077707,0.998795619,-0.009007252,0.004719664,0.047999017,1.0684521198272705,-0.5846115946769714,1.3914594650268555,0.997918426990509,0.029438311234116554,-0.03313785046339035,0.04684062674641609
redkitchen,test,seq-04,redkitchen/seq-04/frame-000560.color.png,1.5389315,-0.75369078,1.7009816,0.99889609,-0.000948242,0.001454379,0.046942379,1.0188583135604858,-0.6207366585731506,1.4329560995101929,0.9987475275993347,0.023769980296492577,-0.016156306490302086,0.040953222662210464
redkitchen,test,seq-04,redkitchen/seq-04/frame-000561.color.png,1.5387273,-0.75524968,1.6944714,0.998946838,0.007038093,0.00340931,0.045211253,1.0483667850494385,-0.6093774437904358,1.4923945665359497,0.9977704882621765,0.02930329367518425,-0.031648050993680954,0.05092982202768326
redkitchen,test,seq-04,redkitchen/seq-04/frame-000562.color.png,1.5412662,-0.75780201,1.6880864,0.998855773,0.012471087,0.002017392,0.046125344,1.068159818649292,-0.5677480101585388,1.454216718673706,0.9978859424591064,0.03232789412140846,-0.029403550550341606,0.048103269189596176
redkitchen,test,seq-04,redkitchen/seq-04/frame-000563.color.png,1.544142,-0.76163083,1.6817741,0.998688361,0.017687225,-0.002235165,0.047997122,1.068159818649292,-0.5677480101585388,1.454216718673706,0.9978859424591064,0.03232789412140846,-0.029403550550341606,0.048103269189596176
redkitchen,test,seq-04,redkitchen/seq-04/frame-000564.color.png,1.5435735,-0.76165396,1.6818343,0.998711417,0.017664728,-0.002015539,0.047533156,1.0303252935409546,-0.5283907055854797,1.4576469659805298,0.9963095784187317,0.039113860577344894,-0.05329984799027443,0.05473858863115311
redkitchen,test,seq-04,redkitchen/seq-04/frame-000565.color.png,1.5463403,-0.76288885,1.6755196,0.998499365,0.022397549,-0.00591308,0.049622618,0.992526650428772,-0.5727143883705139,1.5603301525115967,0.9972296357154846,0.030277889221906662,-0.04909370094537735,0.04696900397539139
redkitchen,test,seq-04,redkitchen/seq-04/frame-000566.color.png,1.548094,-0.76669812,1.6695201,0.998373503,0.024900741,-0.007277146,0.050767555,1.043121576309204,-0.5677044987678528,1.559576392173767,0.9973995685577393,0.03441488742828369,-0.04234433174133301,0.04708137735724449
redkitchen,test,seq-04,redkitchen/seq-04/frame-000567.color.png,1.5508471,-0.76856995,1.6633115,0.998161722,0.028545235,-0.010257576,0.052470267,1.0697780847549438,-0.5353706479072571,1.5464718341827393,0.9966091513633728,0.0335625484585762,-0.042914681136608124,0.06165992468595505
redkitchen,test,seq-04,redkitchen/seq-04/frame-000568.color.png,1.5528303,-0.76884037,1.6577626,0.997821481,0.032886634,-0.015446734,0.055065055,1.0235490798950195,-0.5931433439254761,1.6581581830978394,0.9967029094696045,0.03044229745864868,-0.03878031671047211,0.06444069743156433
redkitchen,test,seq-04,redkitchen/seq-04/frame-000569.color.png,1.5540149,-0.76898378,1.6578751,0.997794603,0.032879017,-0.015736024,0.055473212,1.0235490798950195,-0.5931433439254761,1.6581581830978394,0.9967029094696045,0.03044229745864868,-0.03878031671047211,0.06444069743156433
redkitchen,test,seq-04,redkitchen/seq-04/frame-000570.color.png,1.5547923,-0.77041823,1.6524702,0.997490827,0.03728244,-0.016827801,0.057783172,1.1557682752609253,-0.6094323396682739,1.6523041725158691,0.996252179145813,0.04376697912812233,-0.028096437454223633,0.06911322474479675
redkitchen,test,seq-04,redkitchen/seq-04/frame-000571.color.png,1.5535653,-0.7725879,1.6473936,0.997418197,0.040833879,-0.016873926,0.056610993,1.0960595607757568,-0.6015955805778503,1.6005733013153076,0.9956551790237427,0.0522911511361599,-0.036433760076761246,0.0678892508149147
redkitchen,test,seq-04,redkitchen/seq-04/frame-000572.color.png,1.5531572,-0.7745356,1.642104,0.997277636,0.045148263,-0.018256761,0.055368247,1.059912085533142,-0.6221041083335876,1.6315088272094727,0.9958438873291016,0.050068050622940063,-0.031185781583189964,0.0693940669298172
redkitchen,test,seq-04,redkitchen/seq-04/frame-000573.color.png,1.5527061,-0.77555656,1.6416556,0.997271861,0.045059321,-0.018236765,0.055550994,1.040329098701477,-0.629801869392395,1.652441382408142,0.9957535266876221,0.05180046707391739,-0.0371394082903862,0.0664253979921341
redkitchen,test,seq-04,redkitchen/seq-04/frame-000574.color.png,1.553395,-0.77878779,1.6373538,0.997018894,0.048173308,-0.018784913,0.057269395,1.040329098701477,-0.629801869392395,1.652441382408142,0.9957535266876221,0.05180046707391739,-0.0371394082903862,0.0664253979921341
redkitchen,test,seq-04,redkitchen/seq-04/frame-000575.color.png,1.5538954,-0.78087765,1.6325296,0.996815559,0.05138874,-0.019085252,0.057911073,1.0805420875549316,-0.5940597653388977,1.6260443925857544,0.9949889779090881,0.056369636207818985,-0.043368007987737656,0.0702756866812706
redkitchen,test,seq-04,redkitchen/seq-04/frame-000576.color.png,1.553799,-0.78400463,1.6279229,0.996949221,0.050853389,-0.021139668,0.05531092,1.0383096933364868,-0.5901925563812256,1.6385126113891602,0.9927747249603271,0.06821215897798538,-0.0542258620262146,0.08249227702617645
redkitchen,test,seq-04,redkitchen/seq-04/frame-000577.color.png,1.5541942,-0.78699183,1.625771,0.996838052,0.050495292,-0.024591328,0.056208456,1.0358800888061523,-0.5738503932952881,1.649871826171875,0.9929821491241455,0.07268994301557541,-0.05290044844150543,0.07683856785297394
redkitchen,test,seq-04,redkitchen/seq-04/frame-000578.color.png,1.5532283,-0.78549457,1.6226908,0.996660961,0.053046643,-0.026340799,0.056206264,1.0534189939498901,-0.5814834237098694,1.612942099571228,0.9934157133102417,0.07702892273664474,-0.03340792655944824,0.07794642448425293
redkitchen,test,seq-04,redkitchen/seq-04/frame-000579.color.png,1.5533631,-0.7859422,1.6203612,0.996535091,0.055156384,-0.027035596,0.056077282,1.0534189939498901,-0.5814834237098694,1.612942099571228,0.9934157133102417,0.07702892273664474,-0.03340792655944824,0.07794642448425293
redkitchen,test,seq-04,redkitchen/seq-04/frame-000580.color.png,1.5538197,-0.78669089,1.6203518,0.996510455,0.054969015,-0.027234038,0.056600605,1.0868821144104004,-0.5952303409576416,1.627103328704834,0.9939489960670471,0.07515280693769455,-0.028103617951273918,0.07501787692308426
redkitchen,test,seq-04,redkitchen/seq-04/frame-000581.color.png,1.5514901,-0.7874589,1.6174864,0.996464967,0.057537275,-0.027143402,0.054865894,1.07760488986969,-0.5926408767700195,1.6218891143798828,0.99284827709198,0.08775433152914047,-0.02391897700726986,0.07732564210891724
redkitchen,test,seq-04,redkitchen/seq-04/frame-000582.color.png,1.5512993,-0.78946406,1.6143013,0.996294725,0.059392605,-0.02888017,0.055093335,1.0813078880310059,-0.6102452278137207,1.6389397382736206,0.9920722246170044,0.09712357074022293,-0.022719983011484146,0.07644262164831161
redkitchen,test,seq-04,redkitchen/seq-04/frame-000583.color.png,1.5496953,-0.78949869,1.6116896,0.996050687,0.062391832,-0.030132214,0.05551881,1.1141513586044312,-0.6296132206916809,1.6076605319976807,0.9912474751472473,0.10625413060188293,-0.020633801817893982,0.0755821019411087
redkitchen,test,seq-04,redkitchen/seq-04/frame-000584.color.png,1.5480871,-0.7925241,1.6083316,0.995939447,0.063684534,-0.032154541,0.054908867,1.1517952680587769,-0.649137020111084,1.6163177490234375,0.9917126297950745,0.10019310563802719,-0.033729344606399536,0.07300424575805664
redkitchen,test,seq-04,redkitchen/seq-04/frame-000585.color.png,1.5498652,-0.79298753,1.608681,0.995901407,0.063439794,-0.032628881,0.05559799,1.1517952680587769,-0.649137020111084,1.6163177490234375,0.9917126297950745,0.10019310563802719,-0.033729344606399536,0.07300424575805664
redkitchen,test,seq-04,redkitchen/seq-04/frame-000586.color.png,1.5489011,-0.79233408,1.6085857,0.995944099,0.063671929,-0.032442309,0.054669308,1.1004843711853027,-0.6531366109848022,1.64208984375,0.9920783638954163,0.09572967886924744,-0.03051609732210636,0.07539953291416168
redkitchen,test,seq-04,redkitchen/seq-04/frame-000587.color.png,1.5478328,-0.79292643,1.606838,0.995919741,0.063884144,-0.033877975,0.053990453,1.0938167572021484,-0.6663680076599121,1.637180209159851,0.9923621416091919,0.09631140530109406,-0.03522953391075134,0.06855940073728561
redkitchen,test,seq-04,redkitchen/seq-04/frame-000588.color.png,1.5461541,-0.79112738,1.6042714,0.99574444,0.067142788,-0.03526784,0.0523549,1.0619885921478271,-0.7103325128555298,1.6751524209976196,0.9934688806533813,0.08749675750732422,-0.03543141484260559,0.06409820169210434
redkitchen,test,seq-04,redkitchen/seq-04/frame-000589.color.png,1.5461519,-0.79685259,1.6008178,0.995609397,0.066664456,-0.039291898,0.052668063,1.0630182027816772,-0.723356306552887,1.6998450756072998,0.993770182132721,0.08476044237613678,-0.02537267841398716,0.06776915490627289
redkitchen,test,seq-04,redkitchen/seq-04/frame-000590.color.png,1.5435516,-0.79603368,1.5987757,0.995688461,0.066522189,-0.041736459,0.049369578,1.0630182027816772,-0.723356306552887,1.6998450756072998,0.993770182132721,0.08476044237613678,-0.02537267841398716,0.06776915490627289
redkitchen,test,seq-04,redkitchen/seq-04/frame-000591.color.png,1.5443236,-0.79513109,1.5969141,0.995603653,0.067946291,-0.043684442,0.047416643,1.0730403661727905,-0.7284572124481201,1.7077159881591797,0.9934589862823486,0.08724292367696762,-0.016385218128561974,0.07182978838682175
redkitchen,test,seq-04,redkitchen/seq-04/frame-000592.color.png,1.5438821,-0.79430598,1.5937972,0.995500057,0.069541755,-0.046017046,0.045011258,1.0748411417007446,-0.7058495879173279,1.71609628200531,0.9928796291351318,0.09324752539396286,-0.02280835621058941,0.07053208351135254
redkitchen,test,seq-04,redkitchen/seq-04/frame-000593.color.png,1.5447658,-0.80013549,1.5906731,0.995515793,0.067616825,-0.04947395,0.043915808,1.0767995119094849,-0.7155314087867737,1.6953315734863281,0.9924041032791138,0.08952246606349945,-0.05436545982956886,0.06453055888414383
redkitchen,test,seq-04,redkitchen/seq-04/frame-000594.color.png,1.5454243,-0.79926193,1.5879244,0.995415502,0.066554256,-0.054446916,0.041881284,1.16350257396698,-0.7756202220916748,1.7535796165466309,0.9929502606391907,0.0851646438241005,-0.061854343861341476,0.05450497940182686
redkitchen,test,seq-04,redkitchen/seq-04/frame-000595.color.png,1.5473877,-0.79872048,1.5851474,0.995036959,0.067711139,-0.059896922,0.04158137,1.0745285749435425,-0.7465227246284485,1.746502161026001,0.9934481978416443,0.08904977142810822,-0.03585926443338394,0.06200730800628662
redkitchen,test,seq-04,redkitchen/seq-04/frame-000596.color.png,1.5479119,-0.79788262,1.585736,0.995032603,0.067660902,-0.059966996,0.041666309,1.0745285749435425,-0.7465227246284485,1.746502161026001,0.9934481978416443,0.08904977142810822,-0.03585926443338394,0.06200730800628662
redkitchen,test,seq-04,redkitchen/seq-04/frame-000597.color.png,1.5451586,-0.80236071,1.5822023,0.994938552,0.06647137,-0.064280052,0.039330772,1.061285376548767,-0.7349901795387268,1.7388010025024414,0.9932622313499451,0.09419859945774078,-0.036213476210832596,0.05696822330355644
redkitchen,test,seq-04,redkitchen/seq-04/frame-000598.color.png,1.5444473,-0.80421293,1.5791415,0.994808987,0.064429301,-0.070558941,0.03500544,1.0564063787460327,-0.776332676410675,1.7470872402191162,0.9932772517204285,0.09082354605197906,-0.013968064449727535,0.07040178030729294
redkitchen,test,seq-04,redkitchen/seq-04/frame-000599.color.png,1.5429496,-0.80577153,1.5772316,0.99464054,0.062329277,-0.07621372,0.031570977,1.1450532674789429,-0.7363405227661133,1.7207914590835571,0.9931119680404663,0.09211640059947968,-0.01832505688071251,0.0700526311993599
redkitchen,test,seq-04,redkitchen/seq-04/frame-000600.color.png,1.5426037,-0.80606228,1.5754826,0.994423513,0.061410091,-0.081302067,0.027214919,1.1666043996810913,-0.7402296662330627,1.711052417755127,0.9934285283088684,0.09185129404067993,-0.009422498755156994,0.06763360649347305
redkitchen,test,seq-04,redkitchen/seq-04/frame-000601.color.png,1.5422066,-0.80549705,1.5754807,0.994384948,0.061644036,-0.081378303,0.027859638,1.1666043996810913,-0.7402296662330627,1.711052417755127,0.9934285283088684,0.09185129404067993,-0.009422498755156994,0.06763360649347305
redkitchen,test,seq-04,redkitchen/seq-04/frame-000602.color.png,1.5403422,-0.80806088,1.5734975,0.994198223,0.060760865,-0.085641455,0.023314212,1.1939008235931396,-0.716915488243103,1.709306001663208,0.9930179715156555,0.09843955188989639,-0.011313330382108688,0.06400812417268753
redkitchen,test,seq-04,redkitchen/seq-04/frame-000603.color.png,1.5416261,-0.80895156,1.5711108,0.993896966,0.060444967,-0.09058307,0.017604957,1.2314205169677734,-0.7594954967498779,1.73709237575531,0.9944642782211304,0.08929862827062607,-0.02758028730750084,0.048019569367170334
redkitchen,test,seq-04,redkitchen/seq-04/frame-000604.color.png,1.5435792,-0.81396979,1.5692925,0.993378581,0.056387022,-0.098856101,0.015715293,1.2312304973602295,-0.7308070659637451,1.6386966705322266,0.9944173097610474,0.08785928040742874,-0.03820669278502464,0.04421837627887726
redkitchen,test,seq-04,redkitchen/seq-04/frame-000605.color.png,1.5406203,-0.81317723,1.5687563,0.992811683,0.05495875,-0.105406134,0.013930007,1.2747306823730469,-0.6635289192199707,1.60457181930542,0.993385910987854,0.09088870882987976,-0.04889634624123573,0.050326790660619736
redkitchen,test,seq-04,redkitchen/seq-04/frame-000606.color.png,1.5423812,-0.81263244,1.5693109,0.992813158,0.054866933,-0.105482273,0.013606728,1.2747306823730469,-0.6635289192199707,1.60457181930542,0.993385910987854,0.09088870882987976,-0.04889634624123573,0.050326790660619736
redkitchen,test,seq-04,redkitchen/seq-04/frame-000607.color.png,1.5405966,-0.81196529,1.5672543,0.992299375,0.056399206,-0.109885897,0.009282706,1.2598838806152344,-0.6821598410606384,1.632166862487793,0.9929739236831665,0.09591159224510193,-0.05710648372769356,0.039275962859392166
redkitchen,test,seq-04,redkitchen/seq-04/frame-000608.color.png,1.5489765,-0.82393491,1.5654755,0.991333576,0.05170589,-0.120426496,0.009038846,1.147090196609497,-0.6747693419456482,1.5766384601593018,0.9929839372634888,0.08923961967229843,-0.06323180347681046,0.04495445638895035
redkitchen,test,seq-04,redkitchen/seq-04/frame-000609.color.png,1.5511428,-0.82332319,1.5657949,0.99010915,0.045484798,-0.132658332,0.004095256,1.3113099336624146,-0.6897193789482117,1.575551986694336,0.9942418932914734,0.06221914663910866,-0.08089353889226913,0.03268186375498772
redkitchen,test,seq-04,redkitchen/seq-04/frame-000610.color.png,1.5456855,-0.81726766,1.5652388,0.989244973,0.046380128,-0.138650184,0.004403827,1.2398889064788818,-0.6761627793312073,1.6237010955810547,0.9932528734207153,0.06199673190712929,-0.09057092666625977,0.03744230046868324
redkitchen,test,seq-04,redkitchen/seq-04/frame-000611.color.png,1.5465536,-0.81727606,1.5655289,0.989270691,0.04628486,-0.138511533,0.003970832,1.2398889064788818,-0.6761627793312073,1.6237010955810547,0.9932528734207153,0.06199673190712929,-0.09057092666625977,0.03744230046868324
redkitchen,test,seq-04,redkitchen/seq-04/frame-000612.color.png,1.5443079,-0.8183443,1.563365,0.988884498,0.048750246,-0.140463066,-0.000995475,1.2856403589248657,-0.6043538451194763,1.5149807929992676,0.9916555881500244,0.07142893224954605,-0.10160832107067108,0.03453872352838516
redkitchen,test,seq-04,redkitchen/seq-04/frame-000613.color.png,1.5429229,-0.82935822,1.5621763,0.988015269,0.043148566,-0.148126295,-0.004757163,1.3502566814422607,-0.6331143975257874,1.5048191547393799,0.992600679397583,0.057797446846961975,-0.10415438562631607,0.023560812696814537
redkitchen,test,seq-04,redkitchen/seq-04/frame-000614.color.png,1.4929949,-0.83190501,1.5598772,0.985434164,0.035994029,-0.166004128,-0.00815893,1.4479546546936035,-0.6094441413879395,1.3832924365997314,0.9890503883361816,0.050685521215200424,-0.13708652555942535,0.02043466828763485
redkitchen,test,seq-04,redkitchen/seq-04/frame-000615.color.png,1.4799017,-0.82250917,1.5603465,0.983291103,0.033499299,-0.178844274,-0.005579351,1.5646615028381348,-0.6519131064414978,1.4031023979187012,0.989510178565979,0.03359894081950188,-0.13971076905727386,0.014886458404362202
redkitchen,test,seq-04,redkitchen/seq-04/frame-000616.color.png,1.4779874,-0.81250179,1.5578195,0.982430959,0.037031743,-0.182775325,-0.00715834,1.5157243013381958,-0.595165491104126,1.3625892400741577,0.9847754836082458,0.04593455791473389,-0.16765068471431732,-0.0007221738342195749
redkitchen,test,seq-04,redkitchen/seq-04/frame-000617.color.png,1.4784547,-0.8122412,1.5582366,0.982395973,0.036954874,-0.182970367,-0.007371215,1.5157243013381958,-0.595165491104126,1.3625892400741577,0.9847754836082458,0.04593455791473389,-0.16765068471431732,-0.0007221738342195749
redkitchen,test,seq-04,redkitchen/seq-04/frame-000618.color.png,1.4769977,-0.81579804,1.5566574,0.98171426,0.036800556,-0.186551483,-0.009020786,1.5000954866409302,-0.6430817246437073,1.3684735298156738,0.9832326769828796,0.04525051265954971,-0.1766500025987625,-0.0008256062865257263
redkitchen,test,seq-04,redkitchen/seq-04/frame-000619.color.png,1.4790789,-0.82252342,1.5562018,0.979384785,0.029698049,-0.199593835,-0.009261166,1.3717478513717651,-0.6592164039611816,1.357520580291748,0.9904360175132751,0.03740497678518295,-0.13225826621055603,0.012049870565533638
redkitchen,test,seq-04,redkitchen/seq-04/frame-000620.color.png,1.4904199,-0.8108725,1.5587945,0.97575616,0.021702508,-0.217777982,-0.001291431,1.5440841913223267,-0.676385760307312,1.3862515687942505,0.9863119721412659,0.038307350128889084,-0.16030380129814148,0.0048912568017840385
redkitchen,test,seq-04,redkitchen/seq-04/frame-000621.color.png,1.4938687,-0.79233485,1.5558228,0.973873072,0.02234956,-0.225973759,-0.002756166,1.4888566732406616,-0.707793116569519,1.3704314231872559,0.9795583486557007,0.031722262501716614,-0.19735799729824066,-0.022560779005289078
redkitchen,test,seq-04,redkitchen/seq-04/frame-000622.color.png,1.4945945,-0.78238726,1.5536358,0.973992097,0.030230904,-0.224385755,-0.008747557,1.448109745979309,-0.7501819729804993,1.4323718547821045,0.9705936908721924,0.036084868013858795,-0.23613692820072174,-0.029750406742095947
redkitchen,test,seq-04,redkitchen/seq-04/frame-000623.color.png,1.4919355,-0.79180789,1.5511708,0.97429316,0.033271493,-0.222568672,-0.01044186,1.5646580457687378,-0.6852649450302124,1.4102264642715454,0.9723791480064392,0.03794361650943756,-0.22826194763183594,-0.03058730810880661
redkitchen,test,seq-04,redkitchen/seq-04/frame-000624.color.png,1.4928297,-0.80030072,1.5503759,0.973329415,0.03033316,-0.227220654,-0.008973466,1.5528234243392944,-0.7050802707672119,1.4244318008422852,0.9738472700119019,0.0403563566505909,-0.22242534160614014,-0.02280048094689846
redkitchen,test,seq-04,redkitchen/seq-04/frame-000625.color.png,1.4925793,-0.79975086,1.5508059,0.973298249,0.030340983,-0.227332776,-0.009473758,1.5528234243392944,-0.7050802707672119,1.4244318008422852,0.9738472700119019,0.0403563566505909,-0.22242534160614014,-0.02280048094689846
redkitchen,test,seq-04,redkitchen/seq-04/frame-000626.color.png,1.4944007,-0.7983498,1.5494559,0.971946401,0.02970981,-0.23313967,-0.009133165,1.5450170040130615,-0.7024437189102173,1.3687212467193604,0.9733443856239319,0.03911973908543587,-0.22466862201690674,-0.024379456415772438
redkitchen,test,seq-04,redkitchen/seq-04/frame-000627.color.png,1.4958464,-0.79726708,1.5486246,0.970851226,0.030414364,-0.237554133,-0.009534012,1.5151640176773071,-0.6809541583061218,1.3862284421920776,0.973419189453125,0.04254287853837013,-0.2238074094057083,-0.023569533601403236
redkitchen,test,seq-04,redkitchen/seq-04/frame-000628.color.png,1.4968787,-0.79621375,1.5470223,0.96990723,0.031846263,-0.241164726,-0.010264282,1.5063029527664185,-0.6947687268257141,1.4072086811065674,0.973937451839447,0.04192962870001793,-0.2219238430261612,-0.02091759443283081
redkitchen,test,seq-04,redkitchen/seq-04/frame-000629.color.png,1.4985354,-0.79633206,1.5472921,0.968978241,0.031604646,-0.244938058,-0.009362779,1.467504858970642,-0.6786085367202759,1.3757107257843018,0.9735051989555359,0.04431530460715294,-0.2232864499092102,-0.021611355245113373
redkitchen,test,seq-04,redkitchen/seq-04/frame-000630.color.png,1.4983788,-0.79930925,1.5471162,0.967918927,0.030616358,-0.249202128,-0.009689616,1.4528627395629883,-0.6562448740005493,1.369034767150879,0.9720886945724487,0.048011064529418945,-0.22908811271190643,-0.016042478382587433
redkitchen,test,seq-04,redkitchen/seq-04/frame-000631.color.png,1.4988883,-0.79923457,1.5464612,0.966666892,0.029985566,-0.254052021,-0.010656253,1.4599804878234863,-0.6747284531593323,1.4135078191757202,0.9685173630714417,0.04342128708958626,-0.24411261081695557,-0.022311147302389145
redkitchen,test,seq-04,redkitchen/seq-04/frame-000632.color.png,1.5004399,-0.79814863,1.547156,0.965446938,0.029094156,-0.258737311,-0.01098839,1.4796432256698608,-0.6965169906616211,1.4230917692184448,0.9692349433898926,0.03964228555560112,-0.24166549742221832,-0.02469507046043873
redkitchen,test,seq-04,redkitchen/seq-04/frame-000633.color.png,1.5010052,-0.79471833,1.5471079,0.964621594,0.030343545,-0.261572919,-0.012808487,1.4393483400344849,-0.6979624032974243,1.4315693378448486,0.9674478769302368,0.03828302025794983,-0.24901284277439117,-0.023908967152237892
redkitchen,test,seq-04,redkitchen/seq-04/frame-000634.color.png,1.5006669,-0.79929167,1.5473136,0.963605836,0.030870691,-0.265199592,-0.013415292,1.4536709785461426,-0.6871256232261658,1.4473543167114258,0.9674167633056641,0.04350781440734863,-0.2486920803785324,-0.01908159628510475
redkitchen,test,seq-04,redkitchen/seq-04/frame-000635.color.png,1.5033395,-0.79872674,1.5482777,0.962237359,0.030009112,-0.270182775,-0.014141636,1.4875603914260864,-0.7191819548606873,1.4971716403961182,0.9666277766227722,0.0420634001493454,-0.25207701325416565,-0.01785006932914257
redkitchen,test,seq-04,redkitchen/seq-04/frame-000636.color.png,1.5040193,-0.79628533,1.5487128,0.961124243,0.03061952,-0.273950816,-0.01592436,1.459566593170166,-0.7016063332557678,1.4855536222457886,0.9644777178764343,0.04598793387413025,-0.25964778661727905,-0.01583782769739628
redkitchen,test,seq-04,redkitchen/seq-04/frame-000637.color.png,1.5047812,-0.79716259,1.5487671,0.960095083,0.031863,-0.277322963,-0.017150943,1.459566593170166,-0.7016063332557678,1.4855536222457886,0.9644777178764343,0.04598793387413025,-0.25964778661727905,-0.01583782769739628
redkitchen,test,seq-04,redkitchen/seq-04/frame-000638.color.png,1.5039221,-0.79662466,1.5490187,0.960108001,0.031814305,-0.277277341,-0.017255533,1.505076289176941,-0.7028001546859741,1.511012077331543,0.9652062058448792,0.04802054539322853,-0.2566463351249695,-0.01427303347736597
redkitchen,test,seq-04,redkitchen/seq-04/frame-000639.color.png,1.5048563,-0.79866379,1.5496228,0.959273343,0.03134458,-0.28006048,-0.019449869,1.4799740314483643,-0.7107924222946167,1.4947481155395508,0.9634711742401123,0.05139686167240143,-0.2621225118637085,-0.019327715039253235
redkitchen,test,seq-04,redkitchen/seq-04/frame-000640.color.png,1.5054095,-0.80161583,1.5513916,0.958054283,0.030279727,-0.284254521,-0.020359189,1.5003407001495361,-0.7239038348197937,1.5315310955047607,0.9591225981712341,0.04692442715167999,-0.278307169675827,-0.02066599577665329
redkitchen,test,seq-04,redkitchen/seq-04/frame-000641.color.png,1.5064684,-0.79933339,1.5531158,0.956544662,0.030555102,-0.28914719,-0.021968096,1.4934501647949219,-0.7243850827217102,1.5008797645568848,0.9643158912658691,0.04754528030753136,-0.26000654697418213,-0.015193060971796513
redkitchen,test,seq-04,redkitchen/seq-04/frame-000642.color.png,1.5065192,-0.79752439,1.5548909,0.955596598,0.029786757,-0.292159139,-0.024309016,1.4695104360580444,-0.7397435903549194,1.5065901279449463,0.9619404673576355,0.046806611120700836,-0.2685527205467224,-0.018948819488286972
redkitchen,test,seq-04,redkitchen/seq-04/frame-000643.color.png,1.5056278,-0.80059046,1.5559179,0.95472554,0.030139421,-0.294817442,-0.025950625,1.4915084838867188,-0.7291629910469055,1.488304615020752,0.9595944285392761,0.04835403710603714,-0.27662378549575806,-0.0178795475512743
redkitchen,test,seq-04,redkitchen/seq-04/frame-000644.color.png,1.5048174,-0.80344737,1.5572139,0.95345893,0.030119426,-0.298764284,-0.027364043,1.5076682567596436,-0.739124059677124,1.507694125175476,0.9549641609191895,0.04781008139252663,-0.29200923442840576,-0.022095710039138794
redkitchen,test,seq-04,redkitchen/seq-04/frame-000645.color.png,1.507573,-0.8001706,1.5609064,0.951627607,0.028088879,-0.304675669,-0.028082891,1.5198484659194946,-0.7392274737358093,1.516542673110962,0.9561106562614441,0.045205358415842056,-0.2888762652873993,-0.01895652338862419
redkitchen,test,seq-04,redkitchen/seq-04/frame-000646.color.png,1.5075651,-0.80034953,1.5636898,0.949870201,0.025524677,-0.309998416,-0.031560643,1.4882620573043823,-0.7926044464111328,1.5686860084533691,0.9512037038803101,0.03867441415786743,-0.3054705262184143,-0.020091474056243896
redkitchen,test,seq-04,redkitchen/seq-04/frame-000647.color.png,1.5068005,-0.79710746,1.5656457,0.948397493,0.02619182,-0.314038521,-0.035156665,1.5070326328277588,-0.8174937963485718,1.6154353618621826,0.9456403255462646,0.03245951980352402,-0.32055243849754333,-0.04423719272017479
redkitchen,test,seq-04,redkitchen/seq-04/frame-000648.color.png,1.5066382,-0.79548025,1.568198,0.946688176,0.02672968,-0.318901157,-0.037000995,1.5279841423034668,-0.8430793285369873,1.6320762634277344,0.9465975761413574,0.031712375581264496,-0.31733644008636475,-0.04738088324666023
redkitchen,test,seq-04,redkitchen/seq-04/frame-000649.color.png,1.5094874,-0.78491563,1.5731244,0.94496768,0.026247348,-0.323803166,-0.038712672,1.5543204545974731,-0.8830437660217285,1.693186640739441,0.9491322636604309,0.030652273446321487,-0.31107857823371887,-0.03792758658528328
redkitchen,test,seq-04,redkitchen/seq-04/frame-000650.color.png,1.5066297,-0.78574711,1.5730178,0.943974053,0.028176776,-0.325897836,-0.043699626,1.565602421760559,-0.8402491211891174,1.654938817024231,0.9460511803627014,0.03559189662337303,-0.31890836358070374,-0.04492038115859032
redkitchen,test,seq-04,redkitchen/seq-04/frame-000651.color.png,1.5049574,-0.78438187,1.5733912,0.943369363,0.029461701,-0.327262409,-0.045668028,1.6048442125320435,-0.85238116979599,1.6595443487167358,0.9466257691383362,0.036086004227399826,-0.3172346353530884,-0.04426835849881172
redkitchen,test,seq-04,redkitchen/seq-04/frame-000652.color.png,1.5023413,-0.78648657,1.5742835,0.942806715,0.030595571,-0.328428757,-0.048103638,1.6137304306030273,-0.8521700501441956,1.6792070865631104,0.942914605140686,0.037396229803562164,-0.3273259103298187,-0.04869649186730385
redkitchen,test,seq-04,redkitchen/seq-04/frame-000653.color.png,1.4992151,-0.79060185,1.5750486,0.942013451,0.030779124,-0.330411268,-0.049916907,1.6639171838760376,-0.8610495924949646,1.7199374437332153,0.9424335360527039,0.03825215995311737,-0.3283305764198303,-0.05054634436964989
redkitchen,test,seq-04,redkitchen/seq-04/frame-000654.color.png,1.4979362,-0.78986096,1.5786555,0.940745072,0.02743764,-0.334339726,-0.049626934,1.6302685737609863,-0.8767690062522888,1.73760986328125,0.9401500225067139,0.041807956993579865,-0.3343353569507599,-0.050891194492578506
redkitchen,test,seq-04,redkitchen/seq-04/frame-000655.color.png,1.4964415,-0.78742319,1.5814475,0.939557645,0.027399665,-0.337553077,-0.050384622,1.5746325254440308,-0.8890745043754578,1.7502593994140625,0.9430739879608154,0.03859385475516319,-0.32734793424606323,-0.044332221150398254
redkitchen,test,seq-04,redkitchen/seq-04/frame-000656.color.png,1.4949747,-0.78842151,1.5832514,0.938991219,0.029408947,-0.338481319,-0.053488328,1.5908654928207397,-0.8910326361656189,1.743546962738037,0.9398559331893921,0.03489350154995918,-0.3363182842731476,-0.0484088659286499
redkitchen,test,seq-04,redkitchen/seq-04/frame-000657.color.png,1.492094,-0.78738463,1.585729,0.93869471,0.029830475,-0.339008563,-0.055096082,1.58692467212677,-0.88261479139328,1.7419532537460327,0.9383988380432129,0.035057343542575836,-0.3400215804576874,-0.050635773688554764
redkitchen,test,seq-04,redkitchen/seq-04/frame-000658.color.png,1.4878824,-0.79185355,1.5872505,0.938479521,0.029405219,-0.33953678,-0.055734169,1.5767790079116821,-0.8995522260665894,1.7512794733047485,0.9389373660087585,0.033892691135406494,-0.3387264311313629,-0.050122104585170746
redkitchen,test,seq-04,redkitchen/seq-04/frame-000659.color.png,1.4832361,-0.79828787,1.5894312,0.938303867,0.029466848,-0.339906702,-0.05640028,1.578817367553711,-0.8996912240982056,1.7923551797866821,0.9382417798042297,0.03609704226255417,-0.34029659628868103,-0.05096573755145073
redkitchen,test,seq-04,redkitchen/seq-04/frame-000660.color.png,1.4816198,-0.80268198,1.5922129,0.93773651,0.03073943,-0.341032818,-0.058326172,1.5990822315216064,-0.8733245730400085,1.7603518962860107,0.9399506449699402,0.037237271666526794,-0.3352110683917999,-0.05234106257557869
redkitchen,test,seq-04,redkitchen/seq-04/frame-000661.color.png,1.4771104,-0.80848676,1.5923972,0.937357459,0.032968484,-0.341426969,-0.060841585,1.6286062002182007,-0.8733752965927124,1.8145596981048584,0.9375694990158081,0.041584040969610214,-0.3401181697845459,-0.059614405035972595
redkitchen,test,seq-04,redkitchen/seq-04/frame-000662.color.png,1.4740461,-0.80666906,1.593918,0.937577192,0.036393618,-0.340266261,-0.061995044,1.6437164545059204,-0.8854649066925049,1.823903203010559,0.9345617890357971,0.044428836554288864,-0.3477981984615326,-0.0604720376431942
redkitchen,test,seq-04,redkitchen/seq-04/frame-000663.color.png,1.4704498,-0.81701612,1.5970722,0.937808179,0.036291301,-0.339028894,-0.065254653,1.6557068824768066,-0.907828152179718,1.847318410873413,0.934736967086792,0.04146714136004448,-0.3475985527038574,-0.06101344898343086
redkitchen,test,seq-04,redkitchen/seq-04/frame-000664.color.png,1.4667319,-0.82160079,1.6019951,0.937288749,0.035164911,-0.340519242,-0.065573432,1.6656302213668823,-0.9022659659385681,1.8413445949554443,0.9360256791114807,0.04346095770597458,-0.34328731894493103,-0.06419458985328674
redkitchen,test,seq-04,redkitchen/seq-04/frame-000665.color.png,1.4650538,-0.82209569,1.6056066,0.936494212,0.035711149,-0.342589637,-0.065845614,1.6710177659988403,-0.8818584680557251,1.833251714706421,0.9349286556243896,0.04724041372537613,-0.3458769619464874,-0.0636063739657402
redkitchen,test,seq-04,redkitchen/seq-04/frame-000666.color.png,1.4623654,-0.82157928,1.6094928,0.936264966,0.038593545,-0.342074136,-0.070026682,1.7213622331619263,-0.8710911870002747,1.858046054840088,0.9309567809104919,0.048517465591430664,-0.3542831540107727,-0.07381687313318253
redkitchen,test,seq-04,redkitchen/seq-04/frame-000667.color.png,1.4590374,-0.82464427,1.6145071,0.936571847,0.040400703,-0.340388018,-0.073054478,1.7289092540740967,-0.8960791826248169,1.8682959079742432,0.930181086063385,0.050603993237018585,-0.3556841313838959,-0.0754401907324791
redkitchen,test,seq-04,redkitchen/seq-04/frame-000668.color.png,1.4545404,-0.83213466,1.6195611,0.936415264,0.042008897,-0.340802165,-0.07221904,1.7254114151000977,-0.9150295853614807,1.887071967124939,0.9309027194976807,0.05036085098981857,-0.3537871241569519,-0.07562222331762314
redkitchen,test,seq-04,redkitchen/seq-04/frame-000669.color.png,1.4512731,-0.83887517,1.6236475,0.935518133,0.04269673,-0.342959864,-0.073221194,1.6708450317382812,-0.881453812122345,1.8556228876113892,0.9302370548248291,0.05557108670473099,-0.3539961874485016,-0.07910426706075668
redkitchen,test,seq-04,redkitchen/seq-04/frame-000670.color.png,1.4502777,-0.83611393,1.6306809,0.934603434,0.04415145,-0.345227281,-0.073383889,1.7074960470199585,-0.9207990765571594,1.9131420850753784,0.9286713004112244,0.056752242147922516,-0.3585335314273834,-0.07617427408695221
redkitchen,test,seq-04,redkitchen/seq-04/frame-000671.color.png,1.4455076,-0.84026903,1.6347488,0.934018283,0.045423851,-0.346288432,-0.075038937,1.6924699544906616,-0.9227779507637024,1.9036458730697632,0.9311866164207458,0.05825791135430336,-0.3521397113800049,-0.07412880659103394
redkitchen,test,seq-04,redkitchen/seq-04/frame-000672.color.png,1.4418862,-0.84744775,1.6420178,0.933102631,0.045265954,-0.348606133,-0.075790744,1.7115012407302856,-0.9108220934867859,1.8868083953857422,0.9289965629577637,0.06331818550825119,-0.35792097449302673,-0.06963244080543518
redkitchen,test,seq-04,redkitchen/seq-04/frame-000673.color.png,1.436985,-0.85020226,1.648059,0.931791726,0.045791013,-0.351469733,-0.078335107,1.6705032587051392,-0.9070828557014465,1.855879545211792,0.9269499182701111,0.06541291624307632,-0.36269277334213257,-0.07027848809957504
redkitchen,test,seq-04,redkitchen/seq-04/frame-000674.color.png,1.4295546,-0.85229915,1.6629723,0.927899988,0.050111798,-0.360629838,-0.080228047,1.698791742324829,-0.9109506011009216,1.8722188472747803,0.9306153655052185,0.0646170973777771,-0.3526211678981781,-0.07374203205108643
redkitchen,test,seq-04,redkitchen/seq-04/frame-000675.color.png,1.4262847,-0.85422295,1.6711868,0.925825503,0.051060171,-0.365433486,-0.081843533,1.6501092910766602,-0.9024122357368469,1.8295587301254272,0.9292612671852112,0.06643046438694,-0.3538075387477875,-0.08295036852359772
redkitchen,test,seq-04,redkitchen/seq-04/frame-000676.color.png,1.4203799,-0.8594889,1.677133,0.923904476,0.051394252,-0.369694563,-0.084172915,1.6784346103668213,-0.9241870641708374,1.8560292720794678,0.9298456311225891,0.06835678219795227,-0.3515036106109619,-0.08461536467075348
redkitchen,test,seq-04,redkitchen/seq-04/frame-000677.color.png,1.4119186,-0.8588146,1.6806872,0.922390731,0.0517699,-0.373441592,-0.084003536,1.6567227840423584,-0.9182549715042114,1.8364996910095215,0.9301732778549194,0.06807783246040344,-0.3499695360660553,-0.08754713088274002
redkitchen,test,seq-04,redkitchen/seq-04/frame-000678.color.png,1.4060285,-0.8631236,1.687114,0.92036222,0.05393427,-0.377795539,-0.085410828,1.688915729522705,-0.9241712093353271,1.8728268146514893,0.9307997226715088,0.06656873226165771,-0.3484807014465332,-0.0879867672920227
redkitchen,test,seq-04,redkitchen/seq-04/frame-000679.color.png,1.4009451,-0.86821282,1.6936713,0.918208058,0.055569903,-0.38272334,-0.085608375,1.6476446390151978,-0.9085673689842224,1.8341631889343262,0.9292514324188232,0.07053792476654053,-0.3504416048526764,-0.09331033378839493
redkitchen,test,seq-04,redkitchen/seq-04/frame-000680.color.png,1.3945727,-0.87116289,1.6985352,0.916044906,0.055815867,-0.387855486,-0.08552451,1.6019246578216553,-0.8880223035812378,1.8306841850280762,0.9315240979194641,0.07386445254087448,-0.34408777952194214,-0.09170808643102646
redkitchen,test,seq-04,redkitchen/seq-04/frame-000681.color.png,1.3900037,-0.87207264,1.7036825,0.914269639,0.058357627,-0.39163668,-0.085592788,1.6217217445373535,-0.8784762620925903,1.854865550994873,0.9322471618652344,0.08194676786661148,-0.3403596580028534,-0.09140701591968536
redkitchen,test,seq-04,redkitchen/seq-04/frame-000682.color.png,1.3786006,-0.87459636,1.7129288,0.908004008,0.054335547,-0.406391341,-0.086153628,1.6098344326019287,-0.8713335990905762,1.8528387546539307,0.9210953712463379,0.09504146873950958,-0.3624763786792755,-0.10564734041690826
redkitchen,test,seq-04,redkitchen/seq-04/frame-000683.color.png,1.3727527,-0.87291908,1.7165174,0.903639606,0.055497855,-0.41525817,-0.088972481,1.6565680503845215,-0.8958107829093933,1.910041332244873,0.9174337387084961,0.08569126576185226,-0.3726184070110321,-0.11012598127126694
redkitchen,test,seq-04,redkitchen/seq-04/frame-000684.color.png,1.3656032,-0.86913741,1.717514,0.901525167,0.061638854,-0.417656313,-0.094953831,1.6540358066558838,-0.8961094617843628,1.9350707530975342,0.9160902500152588,0.08767985552549362,-0.3758428394794464,-0.10878042131662369
redkitchen,test,seq-04,redkitchen/seq-04/frame-000685.color.png,1.3577094,-0.87127787,1.7207881,0.900501008,0.06496997,-0.418850748,-0.097164236,1.6252357959747314,-0.8950235843658447,1.939213752746582,0.9131372570991516,0.08951248228549957,-0.38175562024116516,-0.11149299889802933
redkitchen,test,seq-04,redkitchen/seq-04/frame-000686.color.png,1.3513224,-0.87747914,1.7330731,0.895463877,0.054222677,-0.431269786,-0.095972483,1.6001620292663574,-0.913155734539032,1.9074794054031372,0.9158604741096497,0.08339358121156693,-0.37705928087234497,-0.10986930876970291
redkitchen,test,seq-04,redkitchen/seq-04/frame-000687.color.png,1.3450471,-0.8739931,1.7342994,0.893550062,0.056523815,-0.433494571,-0.102253617,1.5853806734085083,-0.8861157298088074,1.89810311794281,0.9169329404830933,0.0934874564409256,-0.3723670244216919,-0.10879679769277573
redkitchen,test,seq-04,redkitchen/seq-04/frame-000688.color.png,1.338379,-0.87419111,1.7386738,0.8929583,0.059135981,-0.433937012,-0.104053258,1.5657466650009155,-0.8888850808143616,1.9044625759124756,0.9141310453414917,0.09230883419513702,-0.3775234520435333,-0.11541084945201874
redkitchen,test,seq-04,redkitchen/seq-04/frame-000689.color.png,1.3335967,-0.87727135,1.7452147,0.891506036,0.055731392,-0.437513394,-0.103407106,1.5583231449127197,-0.9208787083625793,1.9223823547363281,0.9091383814811707,0.09025830030441284,-0.38860413432121277,-0.11961469054222107
redkitchen,test,seq-04,redkitchen/seq-04/frame-000690.color.png,1.3301542,-0.87810242,1.7482078,0.88922458,0.053525997,-0.441998458,-0.105128385,1.5513639450073242,-0.8974372148513794,1.9023469686508179,0.9147689938545227,0.09170421957969666,-0.37435802817344666,-0.12101224064826965
redkitchen,test,seq-04,redkitchen/seq-04/frame-000691.color.png,1.3211738,-0.87710774,1.7560496,0.8875619,0.057022948,-0.443166297,-0.112186858,1.5400081872940063,-0.9122493863105774,1.928122878074646,0.913479745388031,0.09331578761339188,-0.37552106380462646,-0.12582069635391235
redkitchen,test,seq-04,redkitchen/seq-04/frame-000692.color.png,1.3145307,-0.88123333,1.7586559,0.887655706,0.056949018,-0.442854059,-0.112713966,1.5736117362976074,-0.9035301208496094,1.93602454662323,0.9125556945800781,0.09248514473438263,-0.377961665391922,-0.12583127617835999
redkitchen,test,seq-04,redkitchen/seq-04/frame-000693.color.png,1.3102452,-0.88233358,1.7625959,0.886982577,0.056339411,-0.44428352,-0.112693977,1.575575351715088,-0.9195839166641235,1.9102996587753296,0.9095014929771423,0.09546331316232681,-0.38439157605171204,-0.1262417435646057
redkitchen,test,seq-04,redkitchen/seq-04/frame-000694.color.png,1.3052216,-0.88833356,1.7659693,0.885977572,0.054845184,-0.445780963,-0.115390987,1.5780528783798218,-0.9211353659629822,1.9004744291305542,0.908406138420105,0.09591702371835709,-0.38610559701919556,-0.12853312492370605
redkitchen,test,seq-04,redkitchen/seq-04/frame-000695.color.png,1.2947156,-0.89080447,1.7712961,0.88511859,0.056807323,-0.446093687,-0.11974319,1.5576623678207397,-0.9206261038780212,1.923980474472046,0.9091049432754517,0.09728797525167465,-0.3823012709617615,-0.13382406532764435
redkitchen,test,seq-04,redkitchen/seq-04/frame-000696.color.png,1.2910382,-0.89195389,1.7749399,0.884707052,0.055793216,-0.446883263,-0.120315828,1.552850365638733,-0.9170064926147461,1.8967477083206177,0.90755295753479,0.09606952220201492,-0.3870023787021637,-0.13170993328094482
redkitchen,test,seq-04,redkitchen/seq-04/frame-000697.color.png,1.2876384,-0.89346617,1.7792199,0.88429267,0.054846398,-0.447657156,-0.120919053,1.5845245122909546,-0.9205427765846252,1.8875420093536377,0.907188892364502,0.09448395669460297,-0.38770171999931335,-0.1332981288433075
redkitchen,test,seq-04,redkitchen/seq-04/frame-000698.color.png,1.2827663,-0.89382726,1.7814279,0.884092093,0.055575361,-0.447757475,-0.12167906,1.5653250217437744,-0.9333586692810059,1.8829787969589233,0.9077916145324707,0.0913325622677803,-0.3860330283641815,-0.13620249927043915
redkitchen,test,seq-04,redkitchen/seq-04/frame-000699.color.png,1.2791131,-0.89728367,1.7837462,0.883734771,0.054885926,-0.448161709,-0.123091312,1.5837697982788086,-0.9256973266601562,1.8726369142532349,0.904589831829071,0.09140828251838684,-0.394614040851593,-0.1328209638595581
redkitchen,test,seq-04,redkitchen/seq-04/frame-000700.color.png,1.2719979,-0.90173692,1.7911675,0.883642123,0.051243606,-0.448591603,-0.123758898,1.5687391757965088,-0.93599933385849,1.8936762809753418,0.907110333442688,0.08867882937192917,-0.3890537917613983,-0.1338808685541153
redkitchen,test,seq-04,redkitchen/seq-04/frame-000701.color.png,1.2678573,-0.90542084,1.7936721,0.883457628,0.050456151,-0.448534556,-0.125592784,1.5561054944992065,-0.9375837445259094,1.8985403776168823,0.9056366086006165,0.08637404441833496,-0.39338594675064087,-0.1326996237039566
redkitchen,test,seq-04,redkitchen/seq-04/frame-000702.color.png,1.2643584,-0.90457439,1.7988822,0.883595436,0.050648729,-0.447816299,-0.127099857,1.5564507246017456,-0.9297589063644409,1.9016706943511963,0.9092206954956055,0.08691471815109253,-0.38455283641815186,-0.13372649252414703
redkitchen,test,seq-04,redkitchen/seq-04/frame-000703.color.png,1.2585269,-0.91026026,1.8022848,0.883683614,0.048517584,-0.447464724,-0.128548181,1.5992881059646606,-0.9857427477836609,1.9552435874938965,0.9031664729118347,0.08371344953775406,-0.39615365862846375,-0.14263445138931274
redkitchen,test,seq-04,redkitchen/seq-04/frame-000704.color.png,1.2528903,-0.91473436,1.81299,0.881886241,0.04246306,-0.451230716,-0.129862958,1.5338621139526367,-0.9492263197898865,1.9136844873428345,0.901241660118103,0.08959586918354034,-0.3999541401863098,-0.14061544835567474
redkitchen,test,seq-04,redkitchen/seq-04/frame-000705.color.png,1.2505612,-0.91710973,1.8171078,0.880750306,0.041397096,-0.452808874,-0.132398271,1.544533133506775,-0.9638519287109375,1.9055523872375488,0.90333092212677,0.08518099039793015,-0.3962297737598419,-0.14049679040908813
redkitchen,test,seq-04,redkitchen/seq-04/frame-000706.color.png,1.2466217,-0.92078727,1.8231399,0.879662599,0.039300312,-0.454400553,-0.134793674,1.495473027229309,-0.9739208817481995,1.9130144119262695,0.9040964841842651,0.07908224314451218,-0.39567211270332336,-0.1407095193862915
redkitchen,test,seq-04,redkitchen/seq-04/frame-000707.color.png,1.2418404,-0.92149794,1.8270036,0.878694863,0.039503547,-0.455813663,-0.136267061,1.500343680381775,-0.9529861807823181,1.9263343811035156,0.9017912745475769,0.08124720305204391,-0.3999619781970978,-0.142132967710495
redkitchen,test,seq-04,redkitchen/seq-04/frame-000708.color.png,1.2361611,-0.92423099,1.8391185,0.87583346,0.03917628,-0.459964894,-0.140759602,1.4980788230895996,-0.9522691965103149,1.9404906034469604,0.8986523747444153,0.08625909686088562,-0.40305036306381226,-0.1501123011112213
redkitchen,test,seq-04,redkitchen/seq-04/frame-000709.color.png,1.2342131,-0.92581052,1.846894,0.873604945,0.038897148,-0.464266633,-0.140562817,1.4550265073776245,-0.9383515119552612,1.9337890148162842,0.903178334236145,0.08516250550746918,-0.3939897119998932,-0.1476089209318161
redkitchen,test,seq-04,redkitchen/seq-04/frame-000710.color.png,1.2317433,-0.92535806,1.8547393,0.871471864,0.039677639,-0.467694698,-0.142211619,1.4541025161743164,-0.9613692760467529,1.9470324516296387,0.8950544595718384,0.08098453283309937,-0.41009142994880676,-0.15538357198238373
redkitchen,test,seq-04,redkitchen/seq-04/frame-000711.color.png,1.2282016,-0.92904001,1.8627261,0.869349228,0.038802933,-0.471339613,-0.143405796,1.413936972618103,-0.933799684047699,1.9212958812713623,0.8962674736976624,0.08496059477329254,-0.40828996896743774,-0.15094906091690063
redkitchen,test,seq-04,redkitchen/seq-04/frame-000712.color.png,1.2212647,-0.93210953,1.8745881,0.863796097,0.036973362,-0.47998274,-0.148680339,1.431782603263855,-0.9342127442359924,1.9016040563583374,0.893162727355957,0.07477792352437973,-0.4129205644130707,-0.1617567390203476
redkitchen,test,seq-04,redkitchen/seq-04/frame-000713.color.png,1.2192284,-0.93365067,1.8840625,0.860650779,0.040004281,-0.483372894,-0.155017869,1.4488614797592163,-0.9618746042251587,1.9319005012512207,0.8855445384979248,0.07677429169416428,-0.42350172996520996,-0.17482228577136993
redkitchen,test,seq-04,redkitchen/seq-04/frame-000714.color.png,1.2157394,-0.93712723,1.8919708,0.858519152,0.042891709,-0.485234027,-0.16016587,1.4053188562393188,-0.9544851183891296,1.9127987623214722,0.8763590455055237,0.07930551469326019,-0.43649306893348694,-0.18756169080734253
redkitchen,test,seq-04,redkitchen/seq-04/frame-000715.color.png,1.2098711,-0.94370013,1.9095356,0.854801727,0.045284047,-0.490231444,-0.164123413,1.4214845895767212,-0.9600022435188293,1.9409369230270386,0.8771698474884033,0.08107361942529678,-0.435442179441452,-0.1854458451271057
redkitchen,test,seq-04,redkitchen/seq-04/frame-000716.color.png,1.2070785,-0.94968879,1.9184985,0.851780526,0.044608021,-0.494445999,-0.167341608,1.4179795980453491,-0.9865996837615967,1.9599225521087646,0.8789647221565247,0.07785633206367493,-0.4308605492115021,-0.1889936923980713
redkitchen,test,seq-04,redkitchen/seq-04/frame-000717.color.png,1.2041526,-0.95186168,1.9259804,0.849407982,0.04475384,-0.497789151,-0.169437704,1.4130192995071411,-0.9730911254882812,1.948781967163086,0.8730926513671875,0.08212912082672119,-0.43888670206069946,-0.19581244885921478
redkitchen,test,seq-04,redkitchen/seq-04/frame-000718.color.png,1.2016324,-0.954849,1.9344573,0.847382162,0.046754528,-0.500206096,-0.171905052,1.3935574293136597,-0.9892534017562866,1.961334466934204,0.8678832054138184,0.07968603819608688,-0.4460970163345337,-0.20353472232818604
redkitchen,test,seq-04,redkitchen/seq-04/frame-000719.color.png,1.1968955,-0.96510834,1.9518174,0.842691854,0.050409379,-0.506208998,-0.176300268,1.3867336511611938,-0.9586169719696045,1.9219661951065063,0.8607741594314575,0.0879950299859047,-0.45615577697753906,-0.20795820653438568
redkitchen,test,seq-04,redkitchen/seq-04/frame-000720.color.png,1.1952423,-0.97051036,1.9606138,0.841133426,0.052072958,-0.508203662,-0.177516208,1.351749300956726,-0.9844285249710083,1.9200925827026367,0.864372968673706,0.08315365761518478,-0.4518275856971741,-0.20444244146347046
redkitchen,test,seq-04,redkitchen/seq-04/frame-000721.color.png,1.1935191,-0.97535974,1.9706936,0.839753685,0.054848033,-0.510220577,-0.177427178,1.3969780206680298,-0.9960046410560608,1.9384238719940186,0.8616917133331299,0.08970415592193604,-0.45242178440093994,-0.21155408024787903
redkitchen,test,seq-04,redkitchen/seq-04/frame-000722.color.png,1.1894614,-0.98560447,1.9861846,0.837088984,0.055893196,-0.51463112,-0.176954214,1.2953482866287231,-0.9869847893714905,1.89452064037323,0.8624730706214905,0.08693709224462509,-0.45156723260879517,-0.21135061979293823
redkitchen,test,seq-04,redkitchen/seq-04/frame-000723.color.png,1.1876895,-0.98496515,1.9930644,0.836169324,0.061018694,-0.515892966,-0.175931888,1.3247203826904297,-1.0411635637283325,1.950832486152649,0.8580114245414734,0.091248519718647,-0.4549942910671234,-0.220159649848938
redkitchen,test,seq-04,redkitchen/seq-04/frame-000724.color.png,1.1848917,-0.98919809,1.9994749,0.836162778,0.064477682,-0.515373061,-0.176252789,1.2646055221557617,-1.0086688995361328,1.8934249877929688,0.8563694357872009,0.08806844055652618,-0.4590686559677124,-0.21938854455947876
redkitchen,test,seq-04,redkitchen/seq-04/frame-000725.color.png,1.1823158,-0.99776167,2.0154994,0.835423328,0.065402372,-0.517910063,-0.171928937,1.2236175537109375,-1.045376181602478,1.9085862636566162,0.8582768440246582,0.08778078854084015,-0.4551941454410553,-0.22012212872505188
redkitchen,test,seq-04,redkitchen/seq-04/frame-000726.color.png,1.178552,-1.0025406,2.0182555,0.835395105,0.068816429,-0.516650604,-0.174503499,1.1975599527359009,-1.0457079410552979,1.8945480585098267,0.8620340824127197,0.0866621807217598,-0.45048755407333374,-0.21551790833473206
redkitchen,test,seq-04,redkitchen/seq-04/frame-000727.color.png,1.1774002,-1.0071096,2.0255854,0.835250374,0.071406083,-0.516323108,-0.17512405,1.1965638399124146,-1.0485066175460815,1.9212077856063843,0.858402669429779,0.08998723328113556,-0.45581695437431335,-0.21743524074554443
redkitchen,test,seq-04,redkitchen/seq-04/frame-000728.color.png,1.1719838,-1.0154001,2.0366242,0.836385748,0.073425,-0.514645545,-0.173803374,1.2340445518493652,-1.0489157438278198,1.927933931350708,0.8565494418144226,0.0818134993314743,-0.4632226526737213,-0.21226035058498383
redkitchen,test,seq-04,redkitchen/seq-04/frame-000729.color.png,1.1684827,-1.0220389,2.0397625,0.837015893,0.073404753,-0.514122382,-0.172320381,1.2421298027038574,-1.0919817686080933,1.9697223901748657,0.8623652458190918,0.0859290137887001,-0.44943809509277344,-0.2166743129491806
redkitchen,test,seq-04,redkitchen/seq-04/frame-000730.color.png,1.1666492,-1.025755,2.0455072,0.837004261,0.075437397,-0.514688262,-0.169791222,1.2920082807540894,-1.0891891717910767,1.950456142425537,0.8637335896492004,0.08808812499046326,-0.4506050944328308,-0.20774933695793152
redkitchen,test,seq-04,redkitchen/seq-04/frame-000731.color.png,1.1607959,-1.0355983,2.0549297,0.838591796,0.078745533,-0.512533378,-0.166950524,1.1888089179992676,-1.0876867771148682,1.9093674421310425,0.8699020743370056,0.09112059324979782,-0.4414830505847931,-0.20015010237693787
redkitchen,test,seq-04,redkitchen/seq-04/frame-000732.color.png,1.1579117,-1.0426472,2.0595849,0.83928747,0.079195334,-0.51149674,-0.16642033,1.1846779584884644,-1.0784944295883179,1.8987632989883423,0.8684280514717102,0.09185521304607391,-0.4439206123352051,-0.20082290470600128
redkitchen,test,seq-04,redkitchen/seq-04/frame-000733.color.png,1.1543995,-1.0453478,2.062588,0.840454727,0.08164286,-0.50984874,-0.164391476,1.1501507759094238,-1.0787677764892578,1.8823155164718628,0.8736972808837891,0.09706617146730423,-0.432420551776886,-0.20060837268829346
redkitchen,test,seq-04,redkitchen/seq-04/frame-000734.color.png,1.1463934,-1.0525935,2.0702133,0.842592756,0.085795277,-0.506978544,-0.160154218,1.1114914417266846,-1.0715821981430054,1.9051735401153564,0.8779548406600952,0.09315175563097,-0.4289957582950592,-0.1909991353750229
redkitchen,test,seq-04,redkitchen/seq-04/frame-000735.color.png,1.1428392,-1.0583106,2.0742528,0.842825699,0.085349788,-0.508096559,-0.155557521,1.1322731971740723,-1.0400254726409912,1.9057841300964355,0.8766747713088989,0.09288495033979416,-0.433082640171051,-0.18775828182697296
redkitchen,test,seq-04,redkitchen/seq-04/frame-000736.color.png,1.1381495,-1.058674,2.0772409,0.843269584,0.089317806,-0.506665341,-0.155592323,1.0985857248306274,-1.0965641736984253,1.9594370126724243,0.8726484775543213,0.09005233645439148,-0.43915364146232605,-0.1936991959810257
redkitchen,test,seq-04,redkitchen/seq-04/frame-000737.color.png,1.1298251,-1.0645124,2.0843031,0.845076437,0.093688108,-0.50361303,-0.153108687,1.0490214824676514,-1.0858741998672485,1.9287657737731934,0.8742768168449402,0.09139781445264816,-0.4372873306274414,-0.1899111568927765
redkitchen,test,seq-04,redkitchen/seq-04/frame-000738.color.png,1.1243718,-1.0653346,2.0890083,0.84488199,0.095381916,-0.503421815,-0.153763421,1.0297447443008423,-1.0900877714157104,1.888197660446167,0.8744221329689026,0.08960893005132675,-0.43762150406837463,-0.18932417035102844
redkitchen,test,seq-04,redkitchen/seq-04/frame-000739.color.png,1.1136352,-1.0659715,2.0980589,0.845445466,0.103952874,-0.501359847,-0.151835659,0.9271008372306824,-1.0732344388961792,1.8752310276031494,0.8833145499229431,0.0918131172657013,-0.4202370047569275,-0.1863510012626648
redkitchen,test,seq-04,redkitchen/seq-04/frame-000740.color.png,1.1068382,-1.0675292,2.1012185,0.846517665,0.106310081,-0.499640396,-0.149884903,0.9105561375617981,-1.104005217552185,1.842459797859192,0.8803045749664307,0.09118755906820297,-0.42705559730529785,-0.18539723753929138
redkitchen,test,seq-04,redkitchen/seq-04/frame-000741.color.png,1.100876,-1.0704015,2.1047318,0.846983357,0.105392658,-0.499087808,-0.149742913,0.9228128790855408,-1.063663363456726,1.823796033859253,0.8840656876564026,0.08622647076845169,-0.4223165214061737,-0.18066997826099396
redkitchen,test,seq-04,redkitchen/seq-04/frame-000742.color.png,1.0859914,-1.0749673,2.1119759,0.846972178,0.107177312,-0.499110322,-0.148458884,0.9102919697761536,-1.100262999534607,1.8735157251358032,0.8840848207473755,0.08906292170286179,-0.4197328984737396,-0.18516525626182556
redkitchen,test,seq-04,redkitchen/seq-04/frame-000743.color.png,1.0782368,-1.0788575,2.1132884,0.847176348,0.107154504,-0.498702414,-0.148681032,0.8970492482185364,-1.1001734733581543,1.8724771738052368,0.8816213607788086,0.0814141109585762,-0.4255859851837158,-0.18706142902374268
redkitchen,test,seq-04,redkitchen/seq-04/frame-000744.color.png,1.0702362,-1.0821502,2.1167264,0.846674175,0.108212379,-0.499433396,-0.148321291,0.91108238697052,-1.0828193426132202,1.8808259963989258,0.8777261972427368,0.07976724207401276,-0.4316096007823944,-0.19221612811088562
redkitchen,test,seq-04,redkitchen/seq-04/frame-000745.color.png,1.0509365,-1.0888932,2.117775,0.845538597,0.110668874,-0.500561286,-0.149182038,0.9132325053215027,-1.0561041831970215,1.9003196954727173,0.8764283061027527,0.08243555575609207,-0.43334612250328064,-0.19310356676578522
redkitchen,test,seq-04,redkitchen/seq-04/frame-000746.color.png,1.0422562,-1.0924783,2.1196871,0.844592801,0.111317274,-0.502636472,-0.147064753,0.886139988899231,-0.9968090057373047,1.838010549545288,0.8728614449501038,0.09446055442094803,-0.43933403491973877,-0.1901988387107849
redkitchen,test,seq-04,redkitchen/seq-04/frame-000747.color.png,1.033047,-1.09453,2.1184368,0.843585564,0.11344708,-0.50376242,-0.147365465,0.8940824866294861,-1.0216634273529053,1.8343896865844727,0.8717432022094727,0.09118413180112839,-0.44112125039100647,-0.19277244806289673
redkitchen,test,seq-04,redkitchen/seq-04/frame-000748.color.png,1.0142733,-1.1022906,2.120913,0.841168262,0.116310782,-0.507049068,-0.147678704,0.9233229160308838,-1.0777727365493774,1.895809531211853,0.867123544216156,0.08977646380662918,-0.44777220487594604,-0.19883927702903748
redkitchen,test,seq-04,redkitchen/seq-04/frame-000749.color.png,1.0033414,-1.1086559,2.1202533,0.841070724,0.117191777,-0.507072035,-0.147458723,0.8803378939628601,-1.0681791305541992,1.859357237815857,0.8644464015960693,0.08932463824748993,-0.45112383365631104,-0.20307853817939758
redkitchen,test,seq-04,redkitchen/seq-04/frame-000750.color.png,0.98379153,-1.1156939,2.1235969,0.839137186,0.121396075,-0.508900482,-0.148768529,0.8825915455818176,-1.0808297395706177,1.9014217853546143,0.8621280193328857,0.08942101150751114,-0.45376068353652954,-0.2069796472787857
redkitchen,test,seq-04,redkitchen/seq-04/frame-000751.color.png,0.97325629,-1.1211152,2.1244144,0.8386518,0.121523322,-0.510161233,-0.147073988,0.8621208667755127,-1.0879067182540894,1.8951020240783691,0.861788809299469,0.0891396701335907,-0.4554826617240906,-0.20471885800361633
redkitchen,test,seq-04,redkitchen/seq-04/frame-000752.color.png,0.96270496,-1.1242899,2.1269262,0.837674231,0.121056732,-0.51202016,-0.14656912,0.8366528153419495,-1.0261378288269043,1.8277109861373901,0.8699619770050049,0.08376213908195496,-0.4413110911846161,-0.20345687866210938
redkitchen,test,seq-04,redkitchen/seq-04/frame-000753.color.png,0.94263023,-1.1310328,2.1286802,0.833717182,0.121119961,-0.518561217,-0.146081758,0.8166622519493103,-1.0100501775741577,1.7404801845550537,0.8691233992576599,0.09638166427612305,-0.4420313835144043,-0.19985850155353546
redkitchen,test,seq-04,redkitchen/seq-04/frame-000754.color.png,0.93412042,-1.129584,2.1334198,0.831433565,0.122001623,-0.522123955,-0.14567226,0.7873075604438782,-1.0372943878173828,1.7473090887069702,0.865669846534729,0.09977536648511887,-0.4479345381259918,-0.20003797113895416
redkitchen,test,seq-04,redkitchen/seq-04/frame-000755.color.png,0.92498738,-1.1300645,2.1334801,0.829803118,0.123824653,-0.523933882,-0.146926948,0.8113988637924194,-0.9974220395088196,1.675918698310852,0.8671329021453857,0.10004066675901413,-0.4455302655696869,-0.19893500208854675
redkitchen,test,seq-04,redkitchen/seq-04/frame-000756.color.png,0.90918702,-1.1321443,2.1380081,0.824810747,0.124748558,-0.531578515,-0.146796834,0.77162104845047,-0.9633313417434692,1.6639268398284912,0.8674026727676392,0.10603693872690201,-0.44743630290031433,-0.1901828944683075
redkitchen,test,seq-04,redkitchen/seq-04/frame-000757.color.png,0.90137738,-1.1352186,2.1389327,0.822237292,0.12444998,-0.535333996,-0.147836228,0.8553062081336975,-0.9524061679840088,1.6688697338104248,0.8564210534095764,0.10872934758663177,-0.4647064805030823,-0.19689781963825226
redkitchen,test,seq-04,redkitchen/seq-04/frame-000758.color.png,0.89418697,-1.135299,2.1393042,0.819723291,0.124650387,-0.538805789,-0.149011172,0.8402530550956726,-1.0026618242263794,1.7163875102996826,0.8607514500617981,0.10007573664188385,-0.45765379071235657,-0.19911010563373566
redkitchen,test,seq-04,redkitchen/seq-04/frame-000759.color.png,0.88096362,-1.1383357,2.1415226,0.815900057,0.123238224,-0.544491346,-0.150494557,0.7771759629249573,-1.017101526260376,1.7078033685684204,0.8635657429695129,0.08949700742959976,-0.45563122630119324,-0.19658277928829193
redkitchen,test,seq-04,redkitchen/seq-04/frame-000760.color.png,0.87467825,-1.1431965,2.1420274,0.814335601,0.122250809,-0.546880243,-0.151110119,0.8058484792709351,-0.9986226558685303,1.7059404850006104,0.8600255250930786,0.09446864575147629,-0.4617144465446472,-0.19557997584342957
redkitchen,test,seq-04,redkitchen/seq-04/frame-000761.color.png,0.86799854,-1.142544,2.1445076,0.81274045,0.121853358,-0.54968188,-0.149848429,0.817659854888916,-1.0124071836471558,1.6903716325759888,0.8593664765357971,0.0925975888967514,-0.464277982711792,-0.19328953325748444
redkitchen,test,seq-04,redkitchen/seq-04/frame-000762.color.png,0.85872,-1.1457169,2.1486559,0.811448444,0.11995405,-0.551623165,-0.151242627,0.7733208537101746,-1.031623363494873,1.7717485427856445,0.8618226647377014,0.09289242327213287,-0.45831966400146484,-0.19640719890594482
redkitchen,test,seq-04,redkitchen/seq-04/frame-000763.color.png,0.85377139,-1.1464087,2.1512527,0.8108233,0.118392117,-0.552557882,-0.152409547,0.7791617512702942,-1.044366478919983,1.78572416305542,0.8577167391777039,0.08911231905221939,-0.46522167325019836,-0.19987450540065765
redkitchen,test,seq-04,redkitchen/seq-04/frame-000764.color.png,0.84894305,-1.144696,2.154072,0.810614549,0.117580522,-0.552736977,-0.15349498,0.7560261487960815,-1.0742464065551758,1.7932255268096924,0.8566461801528931,0.08607503771781921,-0.4675194025039673,-0.20043450593948364
redkitchen,test,seq-04,redkitchen/seq-04/frame-000765.color.png,0.8384133,-1.1520203,2.1610305,0.810507979,0.115146346,-0.553066672,-0.154710674,0.7146731615066528,-1.0640366077423096,1.8046574592590332,0.8596435785293579,0.07772643119096756,-0.4649249315261841,-0.19701866805553436
redkitchen,test,seq-04,redkitchen/seq-04/frame-000766.color.png,0.83295178,-1.1516227,2.163187,0.810703613,0.114872185,-0.552702735,-0.155189302,0.7217139601707458,-1.0682600736618042,1.7855045795440674,0.8589293956756592,0.07421352714300156,-0.46633589267730713,-0.19815003871917725
redkitchen,test,seq-04,redkitchen/seq-04/frame-000767.color.png,0.82890224,-1.1556629,2.1677356,0.810873749,0.112264028,-0.553295075,-0.154094485,0.7576779127120972,-1.0660228729248047,1.7816870212554932,0.860183835029602,0.07076536864042282,-0.4642180800437927,-0.19894130527973175
redkitchen,test,seq-04,redkitchen/seq-04/frame-000768.color.png,0.8197127,-1.1606513,2.173974,0.810756106,0.112308343,-0.553007874,-0.15570377,0.7280148863792419,-1.0670886039733887,1.7733957767486572,0.8574298620223999,0.07317725569009781,-0.4675659239292145,-0.2020917683839798
redkitchen,test,seq-04,redkitchen/seq-04/frame-000769.color.png,0.81580383,-1.1635408,2.1766827,0.810582749,0.109939829,-0.554224402,-0.153961533,0.7351800203323364,-1.0492857694625854,1.7551685571670532,0.8578364849090576,0.07451589405536652,-0.4693865180015564,-0.1955508142709732
redkitchen,test,seq-04,redkitchen/seq-04/frame-000770.color.png,0.81270725,-1.166489,2.1816714,0.809544951,0.110242033,-0.555880479,-0.153233677,0.7486244440078735,-1.0483421087265015,1.796998381614685,0.863812267780304,0.08392339199781418,-0.45459890365600586,-0.20031216740608215
redkitchen,test,seq-04,redkitchen/seq-04/frame-000771.color.png,0.80493373,-1.1728576,2.1885431,0.808053674,0.114876096,-0.556844641,-0.154197242,0.7588615417480469,-1.0417394638061523,1.7485356330871582,0.8616659641265869,0.07813792675733566,-0.45939406752586365,-0.20095598697662354
redkitchen,test,seq-04,redkitchen/seq-04/frame-000772.color.png,0.80166644,-1.174422,2.1933894,0.80805168,0.114524562,-0.557063553,-0.153677602,0.7651494145393372,-1.0558888912200928,1.732369065284729,0.8682799935340881,0.07548218220472336,-0.44900742173194885,-0.19693826138973236
redkitchen,test,seq-04,redkitchen/seq-04/frame-000773.color.png,0.79297876,-1.1825107,2.2012734,0.805975626,0.111885994,-0.558799693,-0.160086591,0.787787139415741,-1.0529359579086304,1.7974450588226318,0.86637282371521,0.0706571713089943,-0.4531615376472473,-0.19761182367801666
redkitchen,test,seq-04,redkitchen/seq-04/frame-000774.color.png,0.78868645,-1.1825604,2.2072227,0.805414313,0.111698975,-0.559213401,-0.161590516,0.7323058247566223,-1.0341510772705078,1.7288734912872314,0.8617305159568787,0.06440907716751099,-0.4616389274597168,-0.20040343701839447
redkitchen,test,seq-04,redkitchen/seq-04/frame-000775.color.png,0.78456122,-1.1862794,2.2094061,0.80610197,0.113180172,-0.557470119,-0.163146958,0.7072004675865173,-1.066184639930725,1.7792998552322388,0.861575186252594,0.07234707474708557,-0.45744407176971436,-0.20784372091293335
redkitchen,test,seq-04,redkitchen/seq-04/frame-000776.color.png,0.77772093,-1.1909888,2.2186687,0.805497039,0.109547806,-0.558535196,-0.164961308,0.7003938555717468,-1.08055579662323,1.8004008531570435,0.864615797996521,0.06724697351455688,-0.45393797755241394,-0.20459160208702087
redkitchen,test,seq-04,redkitchen/seq-04/frame-000777.color.png,0.77412528,-1.1930934,2.2229779,0.80500167,0.109866584,-0.558709163,-0.166570454,0.6824276447296143,-1.0782191753387451,1.772850513458252,0.869713544845581,0.06466027349233627,-0.4465092122554779,-0.20011764764785767
redkitchen,test,seq-04,redkitchen/seq-04/frame-000778.color.png,0.76794875,-1.1939242,2.2324409,0.805911756,0.107263946,-0.557858587,-0.166716782,0.6418836116790771,-1.107298493385315,1.838057041168213,0.8635462522506714,0.060720015317201614,-0.45343509316444397,-0.2121264487504959
redkitchen,test,seq-04,redkitchen/seq-04/frame-000779.color.png,0.76520342,-1.1965059,2.2351286,0.80653312,0.107124162,-0.557323024,-0.165589212,0.6679031252861023,-1.0925452709197998,1.7469180822372437,0.8651978969573975,0.05726463720202446,-0.45479848980903625,-0.20325236022472382
redkitchen,test,seq-04,redkitchen/seq-04/frame-000780.color.png,0.75916904,-1.1989944,2.2431891,0.807218875,0.10438892,-0.556505464,-0.166740248,0.6784265637397766,-1.0952526330947876,1.7447094917297363,0.8681734204292297,0.05111750587821007,-0.44930946826934814,-0.20440863072872162
redkitchen,test,seq-04,redkitchen/seq-04/frame-000781.color.png,0.7565605,-1.1993865,2.2456918,0.807449483,0.102107186,-0.556411198,-0.167350032,0.6531915068626404,-1.087364673614502,1.7888154983520508,0.863014817237854,0.057773321866989136,-0.45905500650405884,-0.20282059907913208
redkitchen,test,seq-04,redkitchen/seq-04/frame-000782.color.png,0.75320053,-1.2009751,2.2486982,0.806967021,0.100709834,-0.556711856,-0.169510074,0.6556068062782288,-1.1092321872711182,1.7732278108596802,0.8602957129478455,0.05780462920665741,-0.46107012033462524,-0.2096765637397766
redkitchen,test,seq-04,redkitchen/seq-04/frame-000783.color.png,0.74678254,-1.2010198,2.254406,0.806779949,0.10190964,-0.557091081,-0.168434162,0.6068053841590881,-1.1137702465057373,1.7534035444259644,0.8644311428070068,0.057989783585071564,-0.4560721218585968,-0.2034556269645691
redkitchen,test,seq-04,redkitchen/seq-04/frame-000784.color.png,0.74296051,-1.2032465,2.2556276,0.806758535,0.099971059,-0.557784268,-0.167401207,0.6200214624404907,-1.120819091796875,1.7434693574905396,0.8683344721794128,0.05333798751235008,-0.4510248303413391,-0.1993163824081421
redkitchen,test,seq-04,redkitchen/seq-04/frame-000785.color.png,0.73893893,-1.2046191,2.2576714,0.805997308,0.098490503,-0.559441641,-0.16641217,0.631923258304596,-1.097184419631958,1.7296359539031982,0.8685461282730103,0.05161295458674431,-0.4495014250278473,-0.20226746797561646
redkitchen,test,seq-04,redkitchen/seq-04/frame-000786.color.png,0.7308898,-1.2060478,2.2618771,0.805014746,0.098891249,-0.560384532,-0.167752662,0.5875478386878967,-1.1159645318984985,1.77762770652771,0.8669119477272034,0.0542735680937767,-0.4523041844367981,-0.20233352482318878
redkitchen,test,seq-04,redkitchen/seq-04/frame-000787.color.png,0.72498846,-1.2087353,2.2611153,0.805442352,0.098816832,-0.559881762,-0.16742241,0.5716143250465393,-1.1245206594467163,1.778942584991455,0.8689932823181152,0.052865806967020035,-0.4474303424358368,-0.2046019732952118
redkitchen,test,seq-04,redkitchen/seq-04/frame-000788.color.png,0.71549869,-1.2088823,2.2639201,0.8043846,0.098334501,-0.561642392,-0.166893874,0.6567174196243286,-1.08492910861969,1.7394657135009766,0.8665447235107422,0.05133294314146042,-0.45070555806159973,-0.2081577479839325
redkitchen,test,seq-04,redkitchen/seq-04/frame-000789.color.png,0.70993698,-1.2080826,2.2651727,0.804251757,0.10041998,-0.561374335,-0.167193883,0.6171604990959167,-1.074870228767395,1.7353005409240723,0.8724218606948853,0.05919165536761284,-0.4451920986175537,-0.19282245635986328
redkitchen,test,seq-04,redkitchen/seq-04/frame-000790.color.png,0.70488852,-1.2088372,2.2643251,0.804990296,0.09997413,-0.559933501,-0.168731356,0.6291102170944214,-1.0756813287734985,1.6855740547180176,0.8688430786132812,0.05804217979311943,-0.45015981793403625,-0.19773444533348083
redkitchen,test,seq-04,redkitchen/seq-04/frame-000791.color.png,0.69314277,-1.2102015,2.2646215,0.804725898,0.098753723,-0.561374792,-0.165898384,0.6127920150756836,-1.0792866945266724,1.7083631753921509,0.8694332242012024,0.05616874247789383,-0.44903019070625305,-0.19824914634227753
redkitchen,test,seq-04,redkitchen/seq-04/frame-000792.color.png,0.68701041,-1.2096328,2.2634149,0.805185536,0.099651998,-0.56012366,-0.167353571,0.5798217058181763,-1.0949589014053345,1.7410848140716553,0.8728945255279541,0.06066913902759552,-0.4409509599208832,-0.19984161853790283
redkitchen,test,seq-04,redkitchen/seq-04/frame-000793.color.png,0.67439455,-1.2089198,2.2622995,0.80704015,0.098106113,-0.558228884,-0.165655966,0.5768095254898071,-1.1020779609680176,1.7117048501968384,0.8710771203041077,0.05854760855436325,-0.4467460513114929,-0.19548623263835907
redkitchen,test,seq-04,redkitchen/seq-04/frame-000794.color.png,0.66897261,-1.2094417,2.2616067,0.807804775,0.095559823,-0.557859416,-0.164659155,0.5864427089691162,-1.1130273342132568,1.7589240074157715,0.8708405494689941,0.05560252070426941,-0.4454258978366852,-0.2003517597913742
redkitchen,test,seq-04,redkitchen/seq-04/frame-000795.color.png,0.66284168,-1.209856,2.2627785,0.807973408,0.093571395,-0.557514826,-0.16613424,0.5744951963424683,-1.0924533605575562,1.7920117378234863,0.8670441508293152,0.06438041478395462,-0.4497835040092468,-0.2044125199317932
redkitchen,test,seq-04,redkitchen/seq-04/frame-000796.color.png,0.64965111,-1.2073063,2.2612429,0.810528799,0.094589138,-0.553875918,-0.165279848,0.5261980295181274,-1.0765477418899536,1.73897385597229,0.871950089931488,0.07257057726383209,-0.4426015615463257,-0.19631697237491608
redkitchen,test,seq-04,redkitchen/seq-04/frame-000797.color.png,0.64368922,-1.2063464,2.2600212,0.811711779,0.09575003,-0.55153261,-0.166636428,0.5191816091537476,-1.0816466808319092,1.7319831848144531,0.8711318969726562,0.07251454889774323,-0.4446980953216553,-0.1952291578054428
redkitchen,test,seq-04,redkitchen/seq-04/frame-000798.color.png,0.63044697,-1.2049639,2.2597394,0.813811541,0.090014648,-0.549351787,-0.166795542,0.48006412386894226,-1.1251800060272217,1.9183006286621094,0.8624492883682251,0.06160072609782219,-0.4533451199531555,-0.21648283302783966
redkitchen,test,seq-04,redkitchen/seq-04/frame-000799.color.png,0.62388337,-1.2029519,2.2602465,0.814738974,0.088442846,-0.547634626,-0.168744137,0.5146750211715698,-1.1137568950653076,1.80215322971344,0.8649940490722656,0.06352879852056503,-0.4536992311477661,-0.20471058785915375
redkitchen,test,seq-04,redkitchen/seq-04/frame-000800.color.png,0.61768377,-1.1986687,2.2598107,0.816272045,0.086913623,-0.544826316,-0.171202381,0.4719941318035126,-1.1131333112716675,1.8752777576446533,0.8609520792961121,0.07321541756391525,-0.4560900032520294,-0.21303260326385498
redkitchen,test,seq-04,redkitchen/seq-04/frame-000801.color.png,0.60290903,-1.1976931,2.2587388,0.819091425,0.080137571,-0.540901697,-0.173472077,0.5032354593276978,-1.1282209157943726,1.858506441116333,0.8650380373001099,0.06132684275507927,-0.4502582252025604,-0.21264001727104187
redkitchen,test,seq-04,redkitchen/seq-04/frame-000802.color.png,0.59699374,-1.1930587,2.2589407,0.82034687,0.079532069,-0.537746079,-0.177580452,0.5327877998352051,-1.1417827606201172,1.9055488109588623,0.8599515557289124,0.06592363864183426,-0.45629724860191345,-0.21892960369586945
redkitchen,test,seq-04,redkitchen/seq-04/frame-000803.color.png,0.58974147,-1.1908406,2.2587411,0.822447301,0.076245602,-0.534711791,-0.178466654,0.4500826597213745,-1.1813585758209229,1.9931442737579346,0.8515534400939941,0.06577887386083603,-0.46622559428215027,-0.23057231307029724
redkitchen,test,seq-04,redkitchen/seq-04/frame-000804.color.png,0.57726979,-1.183395,2.2601202,0.824982176,0.072574283,-0.529342252,-0.184212278,0.5287007689476013,-1.1983739137649536,2.1539440155029297,0.8426570296287537,0.07188963145017624,-0.4733978807926178,-0.24628326296806335
redkitchen,test,seq-04,redkitchen/seq-04/frame-000805.color.png,0.57155442,-1.1801877,2.2623765,0.826139898,0.068214357,-0.527691705,-0.185421508,0.5013932585716248,-1.224714756011963,2.1867129802703857,0.8477984070777893,0.07093749195337296,-0.46670153737068176,-0.24165137112140656
redkitchen,test,seq-04,redkitchen/seq-04/frame-000806.color.png,0.56680584,-1.1769273,2.2643216,0.82686015,0.06536191,-0.526414837,-0.186862336,0.4173663258552551,-1.1837079524993896,2.12498140335083,0.853522777557373,0.07710124552249908,-0.4542025625705719,-0.2434220165014267
redkitchen,test,seq-04,redkitchen/seq-04/frame-000807.color.png,0.56085104,-1.1746627,2.2649517,0.827938685,0.062958756,-0.524203523,-0.189114765,0.43617287278175354,-1.1987897157669067,2.2181999683380127,0.8540827035903931,0.06562910228967667,-0.44829225540161133,-0.25547918677330017
redkitchen,test,seq-04,redkitchen/seq-04/frame-000808.color.png,0.55084527,-1.1701502,2.2680037,0.830485482,0.060072952,-0.518670169,-0.19407823,0.40807390213012695,-1.2168731689453125,2.248040199279785,0.854218065738678,0.049644846469163895,-0.4463684558868408,-0.2619200348854065
redkitchen,test,seq-04,redkitchen/seq-04/frame-000809.color.png,0.54594046,-1.1689465,2.2686284,0.832179364,0.05818096,-0.516345161,-0.193597925,0.40132975578308105,-1.2154418230056763,2.202735662460327,0.848796010017395,0.052134789526462555,-0.45581504702568054,-0.2627923786640167
redkitchen,test,seq-04,redkitchen/seq-04/frame-000810.color.png,0.54188865,-1.1643354,2.2699373,0.833748528,0.05841448,-0.512882867,-0.195965063,0.394187331199646,-1.209128975868225,2.2391436100006104,0.8557841181755066,0.04890144616365433,-0.44293779134750366,-0.26277053356170654
redkitchen,test,seq-04,redkitchen/seq-04/frame-000811.color.png,0.53330153,-1.1609858,2.2722542,0.837759924,0.055690724,-0.506030475,-0.197458886,0.43695831298828125,-1.2252155542373657,2.2621877193450928,0.8506523966789246,0.05066697672009468,-0.45172208547592163,-0.26414093375205994
redkitchen,test,seq-04,redkitchen/seq-04/frame-000812.color.png,0.53004408,-1.1569413,2.2723775,0.838814973,0.053722896,-0.503920954,-0.198914465,0.4529321789741516,-1.1976842880249023,2.23700213432312,0.8487139344215393,0.04509003087878227,-0.45467016100883484,-0.26632046699523926
redkitchen,test,seq-04,redkitchen/seq-04/frame-000813.color.png,0.52681643,-1.1581737,2.2734659,0.839314955,0.050866593,-0.502927223,-0.200067999,0.4390609860420227,-1.2074437141418457,2.1929523944854736,0.8493242859840393,0.040712662041187286,-0.45311227440834045,-0.26773133873939514
redkitchen,test,seq-04,redkitchen/seq-04/frame-000814.color.png,0.51958817,-1.1514953,2.2729769,0.843715561,0.050498105,-0.494929437,-0.20159079,0.34145888686180115,-1.2198967933654785,2.239704132080078,0.8551238179206848,0.0311412513256073,-0.4386455714702606,-0.2745608389377594
redkitchen,test,seq-04,redkitchen/seq-04/frame-000815.color.png,0.51635867,-1.149654,2.2747052,0.845378507,0.049364752,-0.492031633,-0.201997955,0.3626844882965088,-1.2205182313919067,2.2560336589813232,0.8531275391578674,0.03671137988567352,-0.4425778388977051,-0.27377083897590637
redkitchen,test,seq-04,redkitchen/seq-04/frame-000816.color.png,0.51358414,-1.1494657,2.2749078,0.846797269,0.046865494,-0.489496152,-0.202809092,0.41103416681289673,-1.2452605962753296,2.3029227256774902,0.8540000319480896,0.030583245679736137,-0.4405094087123871,-0.27513667941093445
redkitchen,test,seq-04,redkitchen/seq-04/frame-000817.color.png,0.51065069,-1.1432689,2.2745078,0.849035746,0.047648116,-0.485655046,-0.202502188,0.26841500401496887,-1.297211766242981,2.395921468734741,0.8648914694786072,0.02218797616660595,-0.4197387099266052,-0.27438998222351074
redkitchen,test,seq-04,redkitchen/seq-04/frame-000818.color.png,0.50380766,-1.1417084,2.2757871,0.854371655,0.045424495,-0.477736093,-0.199383841,0.30860635638237,-1.2687023878097534,2.4106295108795166,0.8624721765518188,0.027866056188941002,-0.4263899624347687,-0.27121371030807495
redkitchen,test,seq-04,redkitchen/seq-04/frame-000819.color.png,0.50284809,-1.1376661,2.2776098,0.854902737,0.040966707,-0.477517409,-0.198595475,0.3375575542449951,-1.265471339225769,2.4486196041107178,0.8619135022163391,0.028772002086043358,-0.42692798376083374,-0.2720474898815155
redkitchen,test,seq-04,redkitchen/seq-04/frame-000820.color.png,0.50102752,-1.1347973,2.2767878,0.855657072,0.03902304,-0.475767089,-0.199934623,0.3701622784137726,-1.27470064163208,2.3755156993865967,0.8605851531028748,0.0211907047778368,-0.4326702058315277,-0.26784446835517883
redkitchen,test,seq-04,redkitchen/seq-04/frame-000821.color.png,0.49751285,-1.1275901,2.278959,0.858854788,0.038142478,-0.47005165,-0.199912606,0.29412832856178284,-1.2969884872436523,2.4047954082489014,0.8686385154724121,0.01243542693555355,-0.4168268144130707,-0.26752203702926636
redkitchen,test,seq-04,redkitchen/seq-04/frame-000822.color.png,0.49656612,-1.1226163,2.2794318,0.859619099,0.035905028,-0.468684191,-0.200252246,0.32524004578590393,-1.284798264503479,2.4093527793884277,0.8692226409912109,0.01868109405040741,-0.4157898724079132,-0.26687413454055786
redkitchen,test,seq-04,redkitchen/seq-04/frame-000823.color.png,0.49469894,-1.1219513,2.2802308,0.859603794,0.032082983,-0.468818767,-0.200651345,0.29807189106941223,-1.2743051052093506,2.4043052196502686,0.8683655858039856,0.01163836382329464,-0.4177364110946655,-0.26702451705932617
redkitchen,test,seq-04,redkitchen/seq-04/frame-000824.color.png,0.49513108,-1.1176641,2.2813778,0.860667583,0.032405568,-0.466865587,-0.200593406,0.2970001995563507,-1.3123797178268433,2.3887341022491455,0.874001145362854,0.0012409421615302563,-0.4077644646167755,-0.26428887248039246
redkitchen,test,seq-04,redkitchen/seq-04/frame-000825.color.png,0.49114507,-1.1093022,2.2810659,0.864247855,0.0328503,-0.460021942,-0.200938588,0.23168113827705383,-1.3052321672439575,2.4243650436401367,0.8744044899940491,0.005706272087991238,-0.4043601453304291,-0.2680991291999817
redkitchen,test,seq-04,redkitchen/seq-04/frame-000826.color.png,0.49065781,-1.1066396,2.2822981,0.864869253,0.02962747,-0.459384663,-0.200222676,0.2636518180370331,-1.3237732648849487,2.468611240386963,0.8753694891929626,0.003923402633517981,-0.3985607326030731,-0.27360954880714417
redkitchen,test,seq-04,redkitchen/seq-04/frame-000827.color.png,0.49006397,-1.1062037,2.2837331,0.865273949,0.027032856,-0.45832458,-0.201267973,0.3051989674568176,-1.3272055387496948,2.4818217754364014,0.8764616847038269,0.0031179653014987707,-0.3975991904735565,-0.27151405811309814
redkitchen,test,seq-04,redkitchen/seq-04/frame-000828.color.png,0.48877144,-1.0991968,2.2857757,0.867553617,0.024877848,-0.453966429,-0.201609266,0.31395095586776733,-1.3203116655349731,2.490492105484009,0.8781349658966064,-0.004446930717676878,-0.39383000135421753,-0.2715825140476227
redkitchen,test,seq-04,redkitchen/seq-04/frame-000829.color.png,0.4859437,-1.1007292,2.2839541,0.868696889,0.022088618,-0.45145763,-0.202642088,0.32563066482543945,-1.314707636833191,2.4859161376953125,0.8772510290145874,-0.0034059963654726744,-0.39506980776786804,-0.272651344537735
redkitchen,test,seq-04,redkitchen/seq-04/frame-000830.color.png,0.48738146,-1.0933305,2.2880926,0.86904806,0.021563069,-0.450428987,-0.203480297,0.3625500798225403,-1.288840651512146,2.4604482650756836,0.8806818723678589,-0.007002773229032755,-0.3888479769229889,-0.27045828104019165
redkitchen,test,seq-04,redkitchen/seq-04/frame-000831.color.png,0.48619002,-1.0895616,2.2893305,0.870284989,0.020212425,-0.447897011,-0.203920972,0.40468451380729675,-1.2622649669647217,2.4130375385284424,0.8824149370193481,-0.007494640536606312,-0.38775119185447693,-0.26633933186531067
redkitchen,test,seq-04,redkitchen/seq-04/frame-000832.color.png,0.48487169,-1.0846026,2.2910991,0.872175906,0.017387116,-0.444756823,-0.20297351,0.3963117301464081,-1.274584412574768,2.4416821002960205,0.8815528750419617,-0.014542960561811924,-0.3892399072647095,-0.2667306065559387
redkitchen,test,seq-04,redkitchen/seq-04/frame-000833.color.png,0.4834204,-1.0824746,2.2916915,0.873378893,0.017022119,-0.442778153,-0.20215604,0.39254045486450195,-1.287536859512329,2.448107957839966,0.8828887343406677,-0.010274020954966545,-0.38653644919395447,-0.26644250750541687
redkitchen,test,seq-04,redkitchen/seq-04/frame-000834.color.png,0.48324183,-1.079403,2.2932611,0.874347641,0.015250335,-0.4407793,-0.202477748,0.40243005752563477,-1.2747187614440918,2.451185941696167,0.8828458786010742,-0.017805224284529686,-0.38399285078048706,-0.2698438763618469
redkitchen,test,seq-04,redkitchen/seq-04/frame-000835.color.png,0.48122543,-1.0797863,2.2935376,0.87515834,0.012470183,-0.439572349,-0.201788314,0.40735000371932983,-1.277013897895813,2.4723193645477295,0.8838217258453369,-0.02126345783472061,-0.3821217119693756,-0.2690538763999939
redkitchen,test,seq-04,redkitchen/seq-04/frame-000836.color.png,0.48154396,-1.0745959,2.2973137,0.877158514,0.011683725,-0.434933611,-0.203197405,0.43891772627830505,-1.2694425582885742,2.4392783641815186,0.8868807554244995,-0.018514670431613922,-0.3800008296966553,-0.26210522651672363
redkitchen,test,seq-04,redkitchen/seq-04/frame-000837.color.png,0.4775658,-1.0754037,2.2971067,0.878737579,0.008907648,-0.432023183,-0.202723681,0.39998525381088257,-1.2725472450256348,2.452179193496704,0.8852024078369141,-0.01911543309688568,-0.38229870796203613,-0.26438412070274353
redkitchen,test,seq-04,redkitchen/seq-04/frame-000838.color.png,0.47722566,-1.0727549,2.29877,0.879103459,0.007844812,-0.431396767,-0.202515174,0.42910659313201904,-1.2979614734649658,2.4948530197143555,0.8853878974914551,-0.021929943934082985,-0.380568265914917,-0.2660357356071472
redkitchen,test,seq-04,redkitchen/seq-04/frame-000839.color.png,0.47761673,-1.071481,2.3006222,0.879521893,0.007940965,-0.429776497,-0.204133153,0.4153703451156616,-1.31575345993042,2.503873825073242,0.8850915431976318,-0.02187327854335308,-0.38319382071495056,-0.26324325799942017
redkitchen,test,seq-04,redkitchen/seq-04/frame-000840.color.png,0.4757745,-1.0686505,2.3033841,0.882830585,0.011933568,-0.421530336,-0.20683308,0.4283122420310974,-1.3216511011123657,2.5166780948638916,0.8875835537910461,-0.020668460056185722,-0.3783164918422699,-0.26200151443481445
redkitchen,test,seq-04,redkitchen/seq-04/frame-000841.color.png,0.47319034,-1.069581,2.3043649,0.88408425,0.009788958,-0.418944427,-0.206844827,0.4354979395866394,-1.3092695474624634,2.5426025390625,0.8880235552787781,-0.019476696848869324,-0.3770039677619934,-0.2624935507774353
redkitchen,test,seq-04,redkitchen/seq-04/frame-000842.color.png,0.47254342,-1.06888,2.3054647,0.884418773,0.008309948,-0.418031829,-0.207325274,0.4103829562664032,-1.305238127708435,2.5335590839385986,0.886500358581543,-0.018679119646549225,-0.37947651743888855,-0.26413220167160034
redkitchen,test,seq-04,redkitchen/seq-04/frame-000843.color.png,0.47216126,-1.0657266,2.3066952,0.884639763,0.007728001,-0.416703699,-0.209071268,0.47029176354408264,-1.3046687841415405,2.5304720401763916,0.8894496560096741,-0.021228954195976257,-0.37230026721954346,-0.26423707604408264
redkitchen,test,seq-04,redkitchen/seq-04/frame-000844.color.png,0.46763441,-1.0640789,2.3085744,0.886669729,0.003756828,-0.413025313,-0.207876812,0.411983847618103,-1.29282808303833,2.5579416751861572,0.889511227607727,-0.02073683589696884,-0.37395936250686646,-0.2617136240005493
redkitchen,test,seq-04,redkitchen/seq-04/frame-000845.color.png,0.46551538,-1.0623664,2.309411,0.886528907,-2.95e-05,-0.413872199,-0.206824319,0.41537532210350037,-1.301798701286316,2.5990617275238037,0.8917071223258972,-0.022504806518554688,-0.3663014769554138,-0.2649060785770416
redkitchen,test,seq-04,redkitchen/seq-04/frame-000846.color.png,0.46702683,-1.0556206,2.3121126,0.885969313,-0.003768346,-0.415046438,-0.206834792,0.4050205647945404,-1.3161412477493286,2.618049144744873,0.8893604874610901,-0.032104719430208206,-0.36919450759887695,-0.2677733898162842
redkitchen,test,seq-04,redkitchen/seq-04/frame-000847.color.png,0.46660647,-1.0509957,2.3134861,0.886171691,-0.003897738,-0.414087681,-0.207884426,0.40610602498054504,-1.300849437713623,2.603649377822876,0.8913984298706055,-0.03537609055638313,-0.3666565716266632,-0.2640458941459656
redkitchen,test,seq-04,redkitchen/seq-04/frame-000848.color.png,0.46455598,-1.0477813,2.3147883,0.886861045,-0.005180156,-0.411888781,-0.209280398,0.42207667231559753,-1.3128007650375366,2.673661708831787,0.8881770968437195,-0.03364809602499008,-0.36882999539375305,-0.27198097109794617
redkitchen,test,seq-04,redkitchen/seq-04/frame-000849.color.png,0.4627907,-1.0413362,2.3196175,0.886576138,-0.012773041,-0.411913978,-0.210110626,0.5045142769813538,-1.252598762512207,2.577885389328003,0.8906920552253723,-0.02898184023797512,-0.36633139848709106,-0.2676360011100769
redkitchen,test,seq-04,redkitchen/seq-04/frame-000850.color.png,0.46299219,-1.0373938,2.3219688,0.886436713,-0.016822875,-0.411610516,-0.211006466,0.4989011287689209,-1.2580417394638062,2.5453193187713623,0.8910248875617981,-0.03203066810965538,-0.3623883128166199,-0.27152055501937866
redkitchen,test,seq-04,redkitchen/seq-04/frame-000851.color.png,0.46255055,-1.0327982,2.3245718,0.886519811,-0.019499548,-0.410772257,-0.212057883,0.4962650537490845,-1.251924753189087,2.527285575866699,0.8901763558387756,-0.03651192784309387,-0.3646312952041626,-0.2707343101501465
redkitchen,test,seq-04,redkitchen/seq-04/frame-000852.color.png,0.46192208,-1.0279503,2.3273256,0.886882096,-0.021768305,-0.409900284,-0.212009539,0.45821768045425415,-1.2410629987716675,2.5372297763824463,0.8913432955741882,-0.035779837518930435,-0.36252713203430176,-0.269816517829895
redkitchen,test,seq-04,redkitchen/seq-04/frame-000853.color.png,0.46095017,-1.0249981,2.328913,0.887006348,-0.025374381,-0.409297624,-0.212252998,0.5086138844490051,-1.2408719062805176,2.5391085147857666,0.891081690788269,-0.03851230815052986,-0.3600734770298004,-0.2735641598701477
redkitchen,test,seq-04,redkitchen/seq-04/frame-000854.color.png,0.46118703,-1.0195992,2.331363,0.887284254,-0.027282728,-0.408161941,-0.213040218,0.5287908911705017,-1.1983908414840698,2.5073108673095703,0.8943472504615784,-0.040044479072093964,-0.3571126461029053,-0.26647722721099854
redkitchen,test,seq-04,redkitchen/seq-04/frame-000855.color.png,0.45777506,-1.015924,2.335861,0.887998394,-0.033794958,-0.406026623,-0.213211479,0.4819357395172119,-1.2131935358047485,2.534029722213745,0.8952358961105347,-0.040680404752492905,-0.3518007695674896,-0.2704332172870636
redkitchen,test,seq-04,redkitchen/seq-04/frame-000856.color.png,0.45725709,-1.0116824,2.3367269,0.888116558,-0.035873277,-0.405542359,-0.213301387,0.4654237627983093,-1.1552636623382568,2.4434475898742676,0.8982604742050171,-0.042649149894714355,-0.34819746017456055,-0.26470300555229187
redkitchen,test,seq-04,redkitchen/seq-04/frame-000857.color.png,0.45742461,-1.0070196,2.3384354,0.88811687,-0.036873656,-0.404563854,-0.214981037,0.4725853502750397,-1.195569396018982,2.4915647506713867,0.8976160883903503,-0.050899527966976166,-0.3472514748573303,-0.2666661739349365
redkitchen,test,seq-04,redkitchen/seq-04/frame-000858.color.png,0.45675117,-1.0044378,2.3404891,0.88858163,-0.037841419,-0.40327546,-0.215312834,0.41800713539123535,-1.1620948314666748,2.450369358062744,0.8974078297615051,-0.052154313772916794,-0.347372829914093,-0.2669669985771179
redkitchen,test,seq-04,redkitchen/seq-04/frame-000859.color.png,0.45569405,-1.0051972,2.3428185,0.888303796,-0.040777013,-0.402692214,-0.217008255,0.4303120970726013,-1.219631314277649,2.5501837730407715,0.8949322700500488,-0.05427065119147301,-0.3479616343975067,-0.2739955484867096
redkitchen,test,seq-04,redkitchen/seq-04/frame-000860.color.png,0.45480442,-0.99909097,2.345376,0.888841243,-0.045143826,-0.401113516,-0.216866842,0.4738866984844208,-1.2041139602661133,2.5384929180145264,0.8933824896812439,-0.053694967180490494,-0.351328045129776,-0.2748694121837616
redkitchen,test,seq-04,redkitchen/seq-04/frame-000861.color.png,0.4556714,-0.99595582,2.3470559,0.889136154,-0.043856208,-0.400274415,-0.217471665,0.48327699303627014,-1.1678192615509033,2.5221424102783203,0.893631637096405,-0.0546720065176487,-0.34913814067840576,-0.2766517996788025
redkitchen,test,seq-04,redkitchen/seq-04/frame-000862.color.png,0.45466784,-0.99435127,2.3480518,0.889467791,-0.044539593,-0.398200149,-0.219772415,0.49246662855148315,-1.2184088230133057,2.520686149597168,0.8934158086776733,-0.0558486208319664,-0.34552571177482605,-0.2816043794155121
redkitchen,test,seq-04,redkitchen/seq-04/frame-000863.color.png,0.45294535,-0.99477166,2.3488064,0.889795023,-0.048746168,-0.396791746,-0.220102109,0.5224398970603943,-1.1772385835647583,2.5103440284729004,0.8968501091003418,-0.05645345151424408,-0.3399512767791748,-0.2773193120956421
redkitchen,test,seq-04,redkitchen/seq-04/frame-000864.color.png,0.45197731,-0.99204093,2.3499389,0.889399463,-0.049384547,-0.397900462,-0.219556333,0.49002331495285034,-1.1677281856536865,2.4934329986572266,0.8960438966751099,-0.05934838950634003,-0.33981096744537354,-0.2794845402240753
redkitchen,test,seq-04,redkitchen/seq-04/frame-000865.color.png,0.45412862,-0.98883832,2.351115,0.888736126,-0.049085083,-0.39761131,-0.222809332,0.46976786851882935,-1.156209111213684,2.4417672157287598,0.8962532877922058,-0.056378453969955444,-0.3381865322589874,-0.28139206767082214
redkitchen,test,seq-04,redkitchen/seq-04/frame-000866.color.png,0.45366046,-0.98812842,2.3524938,0.889109792,-0.049407483,-0.396257056,-0.223658277,0.44889017939567566,-1.157790184020996,2.4568629264831543,0.893822431564331,-0.05886814743280411,-0.34455615282058716,-0.2808859050273895
redkitchen,test,seq-04,redkitchen/seq-04/frame-000867.color.png,0.45334592,-0.98485118,2.35285,0.888635324,-0.050315239,-0.395522845,-0.226621526,0.43091702461242676,-1.1548172235488892,2.4820127487182617,0.8928027749061584,-0.057841770350933075,-0.3456985056400299,-0.2829310894012451
redkitchen,test,seq-04,redkitchen/seq-04/frame-000868.color.png,0.45388913,-0.98365217,2.354208,0.888871446,-0.050361693,-0.394780521,-0.226979278,0.47512495517730713,-1.156805157661438,2.4752814769744873,0.8959894776344299,-0.06033019721508026,-0.33610764145851135,-0.2838921844959259
redkitchen,test,seq-04,redkitchen/seq-04/frame-000869.color.png,0.45366293,-0.9808014,2.3543251,0.889263141,-0.049150603,-0.392993628,-0.228804049,0.4529428482055664,-1.1426094770431519,2.4355084896087646,0.8979045748710632,-0.059901077300310135,-0.32973378896713257,-0.28540313243865967
redkitchen,test,seq-04,redkitchen/seq-04/frame-000870.color.png,0.45313045,-0.98197705,2.3553064,0.889188416,-0.051308052,-0.392686359,-0.229148135,0.46862080693244934,-1.117203712463379,2.43329119682312,0.8971704244613647,-0.06032232940196991,-0.33178070187568665,-0.2852509319782257
redkitchen,test,seq-04,redkitchen/seq-04/frame-000871.color.png,0.45348373,-0.97940946,2.355607,0.889114578,-0.049890034,-0.39359357,-0.228189293,0.47816169261932373,-1.1280677318572998,2.435753345489502,0.898162305355072,-0.06026820093393326,-0.3318755328655243,-0.2820121943950653
redkitchen,test,seq-04,redkitchen/seq-04/frame-000872.color.png,0.45420289,-0.9771511,2.3553452,0.888645484,-0.048511761,-0.394133289,-0.229379082,0.4632265269756317,-1.1487388610839844,2.4764106273651123,0.8964478373527527,-0.06024903804063797,-0.33238673210144043,-0.286827951669693
redkitchen,test,seq-04,redkitchen/seq-04/frame-000873.color.png,0.45329556,-0.98130071,2.3568952,0.887372724,-0.050851416,-0.395830144,-0.230872864,0.4601916968822479,-1.1501438617706299,2.477205753326416,0.8957269787788391,-0.058000657707452774,-0.3352423310279846,-0.28621941804885864
redkitchen,test,seq-04,redkitchen/seq-04/frame-000874.color.png,0.45281821,-0.9816879,2.3557193,0.886342986,-0.050925864,-0.398477973,-0.230256318,0.44302424788475037,-1.1622759103775024,2.5140018463134766,0.8971839547157288,-0.05903569608926773,-0.3322065472602844,-0.28498172760009766
redkitchen,test,seq-04,redkitchen/seq-04/frame-000875.color.png,0.45523271,-0.98071957,2.3545408,0.882028403,-0.049815043,-0.407499763,-0.231275379,0.4513091742992401,-1.2222611904144287,2.597029685974121,0.8972450494766235,-0.060509614646434784,-0.337376207113266,-0.278329461812973
redkitchen,test,seq-04,redkitchen/seq-04/frame-000876.color.png,0.45540106,-0.97751415,2.3515656,0.880794327,-0.047039041,-0.410273497,-0.231655647,0.49593812227249146,-1.1562492847442627,2.4244861602783203,0.9004529118537903,-0.06020044535398483,-0.3331744968891144,-0.2730482816696167
redkitchen,test,seq-04,redkitchen/seq-04/frame-000877.color.png,0.45677105,-0.97822195,2.3499629,0.879098218,-0.045651672,-0.413241175,-0.233096502,0.4801497459411621,-1.1818972826004028,2.487797737121582,0.8963156938552856,-0.06048186495900154,-0.34076789021492004,-0.27719560265541077
redkitchen,test,seq-04,redkitchen/seq-04/frame-000878.color.png,0.4568032,-0.97524732,2.3457925,0.878642446,-0.041907737,-0.414547653,-0.233198279,0.4808526039123535,-1.1949368715286255,2.4821739196777344,0.8963476419448853,-0.06146349012851715,-0.3413829803466797,-0.2761175334453583
redkitchen,test,seq-04,redkitchen/seq-04/frame-000879.color.png,0.4596259,-0.97779417,2.3461609,0.876622689,-0.039723471,-0.418385241,-0.234325621,0.4466088116168976,-1.20082426071167,2.5145931243896484,0.8955971002578735,-0.06118756905198097,-0.3376486301422119,-0.2831172049045563
redkitchen,test,seq-04,redkitchen/seq-04/frame-000880.color.png,0.46036941,-0.97937852,2.342993,0.875798198,-0.038410959,-0.420639321,-0.233590831,0.48722243309020996,-1.1879265308380127,2.496978759765625,0.8960392475128174,-0.05852477252483368,-0.3389086425304413,-0.2807658314704895
redkitchen,test,seq-04,redkitchen/seq-04/frame-000881.color.png,0.46272582,-0.98162752,2.342243,0.874475323,-0.037928536,-0.423717902,-0.233061098,0.47505828738212585,-1.1744955778121948,2.466334819793701,0.8945187926292419,-0.055914394557476044,-0.3420987129211426,-0.2822735607624054
redkitchen,test,seq-04,redkitchen/seq-04/frame-000882.color.png,0.46507633,-0.98340851,2.336751,0.872712885,-0.032985234,-0.428901065,-0.230928713,0.428846150636673,-1.21623957157135,2.5449728965759277,0.8910417556762695,-0.053312163800001144,-0.3494381606578827,-0.2847723960876465
redkitchen,test,seq-04,redkitchen/seq-04/frame-000883.color.png,0.46686855,-0.98673445,2.3359828,0.871509927,-0.030437399,-0.43174973,-0.230512869,0.462336927652359,-1.2376770973205566,2.5325863361358643,0.8895016312599182,-0.054022133350372314,-0.3515831530094147,-0.2868063151836395
redkitchen,test,seq-04,redkitchen/seq-04/frame-000884.color.png,0.46638206,-0.99206537,2.3331344,0.871059958,-0.029175784,-0.433826575,-0.228468437,0.42800766229629517,-1.2400777339935303,2.5041191577911377,0.8889692425727844,-0.052643127739429474,-0.3556820750236511,-0.2836417257785797
redkitchen,test,seq-04,redkitchen/seq-04/frame-000885.color.png,0.46830773,-0.99670339,2.3321302,0.869085933,-0.027027183,-0.438485524,-0.227353506,0.44917041063308716,-1.2047053575515747,2.425060510635376,0.8912878632545471,-0.05371561646461487,-0.35299748182296753,-0.279487669467926
redkitchen,test,seq-04,redkitchen/seq-04/frame-000886.color.png,0.47052154,-1.0000525,2.3307631,0.868069682,-0.024679731,-0.44096159,-0.226713065,0.42619332671165466,-1.2354588508605957,2.4012057781219482,0.8872569799423218,-0.04658618941903114,-0.3568710684776306,-0.2885269522666931
redkitchen,test,seq-04,redkitchen/seq-04/frame-000887.color.png,0.47107565,-1.0004516,2.3276315,0.867994545,-0.019035083,-0.442807766,-0.223929495,0.4185592830181122,-1.2072875499725342,2.418769598007202,0.8882342576980591,-0.04610234498977661,-0.3564649820327759,-0.28608933091163635
redkitchen,test,seq-04,redkitchen/seq-04/frame-000888.color.png,0.47061345,-1.0137544,2.3223045,0.864597504,-0.017570007,-0.450546795,-0.221743178,0.48107314109802246,-1.1785283088684082,2.377842903137207,0.8825486302375793,-0.03979557007551193,-0.38330838084220886,-0.26944151520729065
redkitchen,test,seq-04,redkitchen/seq-04/frame-000889.color.png,0.47011894,-1.0217334,2.3201549,0.861602699,-0.016140546,-0.456919442,-0.220465181,0.4782229959964752,-1.1730924844741821,2.415213108062744,0.8830282688140869,-0.032559145241975784,-0.3834230601787567,-0.26867780089378357
redkitchen,test,seq-04,redkitchen/seq-04/frame-000890.color.png,0.47127822,-1.0240152,2.3161035,0.858863966,-0.015239633,-0.461722596,-0.221207336,0.48752161860466003,-1.1984286308288574,2.412492513656616,0.8790003657341003,-0.03221268206834793,-0.3896348178386688,-0.27295663952827454
redkitchen,test,seq-04,redkitchen/seq-04/frame-000891.color.png,0.47480896,-1.021789,2.3145158,0.856508589,-0.01269829,-0.464801676,-0.224033909,0.4178071618080139,-1.2102359533309937,2.391082525253296,0.8761935830116272,-0.03492908552289009,-0.3921785354614258,-0.2779584527015686
redkitchen,test,seq-04,redkitchen/seq-04/frame-000892.color.png,0.47420186,-1.0313382,2.309046,0.853379843,-0.007071072,-0.470022851,-0.225325018,0.4379367530345917,-1.1780592203140259,2.370302438735962,0.8727359175682068,-0.03439992666244507,-0.3980352580547333,-0.28056490421295166
redkitchen,test,seq-04,redkitchen/seq-04/frame-000893.color.png,0.4758392,-1.0325642,2.3078318,0.851955027,-0.006133646,-0.472879815,-0.224765858,0.40943682193756104,-1.1813839673995972,2.3650200366973877,0.8676390647888184,-0.02898831106722355,-0.4073981046676636,-0.2835295498371124
redkitchen,test,seq-04,redkitchen/seq-04/frame-000894.color.png,0.47598025,-1.0359211,2.3064158,0.850157511,-0.004003399,-0.476155729,-0.22470403,0.4286923110485077,-1.20929753780365,2.384972333908081,0.8683215379714966,-0.030010726302862167,-0.4036782681941986,-0.2866373360157013
redkitchen,test,seq-04,redkitchen/seq-04/frame-000895.color.png,0.47872877,-1.0406318,2.3036602,0.848199526,0.001870843,-0.480971659,-0.221856546,0.4114835262298584,-1.2382153272628784,2.41184139251709,0.8657836318016052,-0.017467357218265533,-0.4062265455722809,-0.2917080521583557
redkitchen,test,seq-04,redkitchen/seq-04/frame-000896.color.png,0.47879025,-1.0448787,2.3009055,0.84668745,0.002779241,-0.483966077,-0.221109643,0.45565351843833923,-1.2315562963485718,2.408207893371582,0.8666676878929138,-0.01801835559308529,-0.41158896684646606,-0.28134849667549133
redkitchen,test,seq-04,redkitchen/seq-04/frame-000897.color.png,0.48059496,-1.0459225,2.2992752,0.845063048,0.004904255,-0.486829039,-0.221001991,0.44393834471702576,-1.2363078594207764,2.3800454139709473,0.8681798577308655,-0.014808239415287971,-0.40990543365478516,-0.2793239951133728
redkitchen,test,seq-04,redkitchen/seq-04/frame-000898.color.png,0.4811815,-1.0492358,2.2978783,0.844029697,0.007041012,-0.489182383,-0.219692721,0.44263312220573425,-1.2453951835632324,2.3987386226654053,0.8668514490127563,-0.008430801331996918,-0.4132155179977417,-0.2788377106189728
redkitchen,test,seq-04,redkitchen/seq-04/frame-000899.color.png,0.48156849,-1.0524542,2.2965634,0.842676865,0.009301023,-0.491732343,-0.219108407,0.5107098817825317,-1.2331221103668213,2.3594024181365967,0.8630298972129822,-0.006107135210186243,-0.4234488606452942,-0.27537843585014343
redkitchen,test,seq-04,redkitchen/seq-04/frame-000900.color.png,0.48396203,-1.0579191,2.292917,0.838879741,0.012565961,-0.498751012,-0.217647204,0.46072959899902344,-1.2855932712554932,2.385601043701172,0.865663468837738,-0.0023705288767814636,-0.41570088267326355,-0.2789512872695923
redkitchen,test,seq-04,redkitchen/seq-04/frame-000901.color.png,0.48351431,-1.0591704,2.2887337,0.837784305,0.016881498,-0.500740551,-0.217005467,0.4431796967983246,-1.2380321025848389,2.3496756553649902,0.8597186803817749,-0.004520606715232134,-0.426067054271698,-0.2816564738750458
redkitchen,test,seq-04,redkitchen/seq-04/frame-000902.color.png,0.48520252,-1.0604055,2.2868218,0.836228569,0.018556546,-0.503262716,-0.21703473,0.4125518798828125,-1.192630648612976,2.2299611568450928,0.8546438813209534,-0.002878190018236637,-0.4375893771648407,-0.279448002576828
redkitchen,test,seq-04,redkitchen/seq-04/frame-000903.color.png,0.48613933,-1.0668341,2.2824318,0.832598681,0.020990657,-0.510160281,-0.214651618,0.4118746221065521,-1.207165241241455,2.2650084495544434,0.8506910800933838,0.0067513370886445045,-0.44363316893577576,-0.2819019556045532
redkitchen,test,seq-04,redkitchen/seq-04/frame-000904.color.png,0.48788628,-1.065913,2.2806535,0.830892505,0.022713866,-0.512903891,-0.214549118,0.38999906182289124,-1.199398159980774,2.2224955558776855,0.8501793742179871,0.009408813901245594,-0.44704288244247437,-0.2779555320739746
redkitchen,test,seq-04,redkitchen/seq-04/frame-000905.color.png,0.48892698,-1.0683032,2.2791195,0.829376278,0.02437882,-0.516118282,-0.212514898,0.3904455900192261,-1.2202385663986206,2.305117607116699,0.8503143787384033,0.012068661861121655,-0.44483134150505066,-0.2809712290763855
redkitchen,test,seq-04,redkitchen/seq-04/frame-000906.color.png,0.48936859,-1.0709136,2.2764776,0.827426734,0.025542212,-0.519505886,-0.211722056,0.35845324397087097,-1.2159050703048706,2.3093106746673584,0.8466246128082275,0.008273879997432232,-0.45389318466186523,-0.27773967385292053
redkitchen,test,seq-04,redkitchen/seq-04/frame-000907.color.png,0.49252611,-1.0759094,2.2738378,0.822580732,0.026548341,-0.527480667,-0.210761168,0.39106112718582153,-1.2439866065979004,2.317779541015625,0.8382500410079956,0.008207333274185658,-0.4664807617664337,-0.2822502553462982
redkitchen,test,seq-04,redkitchen/seq-04/frame-000908.color.png,0.49382141,-1.0768934,2.2704866,0.820860157,0.029836648,-0.529820092,-0.211161188,0.39828312397003174,-1.2368847131729126,2.3147990703582764,0.8327946066856384,0.008699090220034122,-0.4781058728694916,-0.27891233563423157
redkitchen,test,seq-04,redkitchen/seq-04/frame-000909.color.png,0.49527681,-1.07917,2.2682223,0.819133683,0.030788638,-0.532603254,-0.210726938,0.4014568626880646,-1.2349132299423218,2.27241849899292,0.8330952525138855,0.011386188678443432,-0.47600412368774414,-0.28150084614753723
redkitchen,test,seq-04,redkitchen/seq-04/frame-000910.color.png,0.49679601,-1.0798384,2.2664611,0.816525408,0.032017,-0.536557933,-0.210634171,0.39579829573631287,-1.2435635328292847,2.3371171951293945,0.8360596895217896,0.013929187320172787,-0.4722142815589905,-0.278969407081604
redkitchen,test,seq-04,redkitchen/seq-04/frame-000911.color.png,0.49990314,-1.0844254,2.2617245,0.811126205,0.031508611,-0.544627407,-0.21086127,0.4997381567955017,-1.2214932441711426,2.268383264541626,0.8283079862594604,0.027254851534962654,-0.48767441511154175,-0.2744753062725067
redkitchen,test,seq-04,redkitchen/seq-04/frame-000912.color.png,0.50334358,-1.0834142,2.2607861,0.808102469,0.035296357,-0.548482258,-0.211876802,0.5254706740379333,-1.2283389568328857,2.2522778511047363,0.8208175301551819,0.03143969178199768,-0.5031811594963074,-0.2684749364852905
redkitchen,test,seq-04,redkitchen/seq-04/frame-000913.color.png,0.50522983,-1.0854824,2.2584226,0.805633483,0.036681385,-0.551661379,-0.212788369,0.5891295671463013,-1.206357717514038,2.204335927963257,0.8112244606018066,0.03362032026052475,-0.5198057889938354,-0.2656812071800232
redkitchen,test,seq-04,redkitchen/seq-04/frame-000914.color.png,0.50703108,-1.0863554,2.2562909,0.803570891,0.039289788,-0.554770676,-0.212036866,0.5493912696838379,-1.1945446729660034,2.1441428661346436,0.8151558041572571,0.035793207585811615,-0.5160909295082092,-0.2605569660663605
redkitchen,test,seq-04,redkitchen/seq-04/frame-000915.color.png,0.51196927,-1.0865407,2.2536111,0.798914189,0.042953493,-0.561062011,-0.212368868,0.5070314407348633,-1.1849899291992188,2.155060291290283,0.8052405118942261,0.04123521223664284,-0.5331863164901733,-0.25612443685531616
redkitchen,test,seq-04,redkitchen/seq-04/frame-000916.color.png,0.51446027,-1.0893973,2.2524095,0.795909676,0.043331387,-0.565175446,-0.212666155,0.45621418952941895,-1.16218900680542,2.1210906505584717,0.8075994253158569,0.04291761666536331,-0.529979944229126,-0.25507354736328125
redkitchen,test,seq-04,redkitchen/seq-04/frame-000917.color.png,0.51626289,-1.0895746,2.2509897,0.79372759,0.046356933,-0.568240532,-0.212014731,0.42249175906181335,-1.153701901435852,2.138554334640503,0.8065473437309265,0.04628864303231239,-0.5315701961517334,-0.2545032799243927
redkitchen,test,seq-04,redkitchen/seq-04/frame-000918.color.png,0.51939213,-1.0945445,2.2484705,0.79055577,0.048750804,-0.5730404,-0.210403501,0.4937940835952759,-1.1081480979919434,2.0735666751861572,0.7951682806015015,0.060807716101408005,-0.5512765049934387,-0.24516132473945618
redkitchen,test,seq-04,redkitchen/seq-04/frame-000919.color.png,0.52116376,-1.0949888,2.2471704,0.788275697,0.049763239,-0.576360594,-0.209650927,0.5314130783081055,-1.0756736993789673,2.0129036903381348,0.7933042049407959,0.0642961636185646,-0.5541249513626099,-0.24388504028320312
redkitchen,test,seq-04,redkitchen/seq-04/frame-000920.color.png,0.52362901,-1.0969949,2.247292,0.785808031,0.04926163,-0.579932401,-0.209182793,0.5698322057723999,-1.0517947673797607,1.9522240161895752,0.7937068939208984,0.06375488638877869,-0.5564043521881104,-0.237442284822464
redkitchen,test,seq-04,redkitchen/seq-04/frame-000921.color.png,0.5270859,-1.1014553,2.2486351,0.781596905,0.053939035,-0.585171817,-0.20921473,0.6192464232444763,-1.0612941980361938,1.9915329217910767,0.7908614873886108,0.07243786007165909,-0.561016321182251,-0.23356272280216217
redkitchen,test,seq-04,redkitchen/seq-04/frame-000922.color.png,0.52803189,-1.1029718,2.2462089,0.780719245,0.054881008,-0.586641849,-0.208127069,0.5965338349342346,-1.0426926612854004,1.9407029151916504,0.7921683192253113,0.07284457981586456,-0.5585101842880249,-0.23500949144363403
redkitchen,test,seq-04,redkitchen/seq-04/frame-000923.color.png,0.52907872,-1.1051155,2.2458277,0.779105928,0.056220912,-0.588445286,-0.20872304,0.579200267791748,-1.0786970853805542,2.0008506774902344,0.7894279956817627,0.07654233276844025,-0.5606052875518799,-0.2380470633506775
redkitchen,test,seq-04,redkitchen/seq-04/frame-000924.color.png,0.53115171,-1.1058689,2.2459943,0.777078314,0.057364582,-0.590545811,-0.21003391,0.6375178694725037,-1.0513279438018799,1.966426134109497,0.7890597581863403,0.07871247828006744,-0.5632511377334595,-0.23224401473999023
redkitchen,test,seq-04,redkitchen/seq-04/frame-000925.color.png,0.53428906,-1.1085296,2.2464693,0.773641574,0.059920961,-0.59524736,-0.208731343,0.6050817966461182,-1.1069746017456055,1.9849134683609009,0.7870001792907715,0.0769694596529007,-0.5666066408157349,-0.23165364563465118
redkitchen,test,seq-04,redkitchen/seq-04/frame-000926.color.png,0.53501409,-1.1094507,2.244468,0.772292287,0.060402595,-0.596767935,-0.209246698,0.6245918869972229,-1.0987228155136108,1.9658335447311401,0.7919970750808716,0.08198452740907669,-0.5580275058746338,-0.23371879756450653
redkitchen,test,seq-04,redkitchen/seq-04/frame-000927.color.png,0.53650177,-1.1092945,2.2448614,0.770631248,0.062301104,-0.598960337,-0.208548715,0.6241020560264587,-1.1117159128189087,1.9831572771072388,0.7910772562026978,0.07825933396816254,-0.5626899003982544,-0.22683097422122955
redkitchen,test,seq-04,redkitchen/seq-04/frame-000928.color.png,0.53875864,-1.1099366,2.2440128,0.768536052,0.066949045,-0.6010377,-0.208863221,0.638348400592804,-1.0616644620895386,1.9031541347503662,0.7917088270187378,0.08522579073905945,-0.5598555207252502,-0.22911879420280457
redkitchen,test,seq-04,redkitchen/seq-04/frame-000929.color.png,0.5402751,-1.1103151,2.2416317,0.767773287,0.067307536,-0.602634386,-0.206943645,0.6604644060134888,-1.0271379947662354,1.8122957944869995,0.7923804521560669,0.08072014898061752,-0.5608252882957458,-0.22603671252727509
redkitchen,test,seq-04,redkitchen/seq-04/frame-000930.color.png,0.54168391,-1.1102509,2.2427421,0.765171895,0.06823789,-0.60605756,-0.206276018,0.6246318221092224,-1.0714365243911743,1.8601607084274292,0.7849019169807434,0.07528416067361832,-0.573861837387085,-0.2212323248386383
redkitchen,test,seq-04,redkitchen/seq-04/frame-000931.color.png,0.543275,-1.1128619,2.2440295,0.760780789,0.070740519,-0.610845883,-0.207546808,0.6672583818435669,-1.0589532852172852,1.8670263290405273,0.7861882448196411,0.0776115208864212,-0.570039689540863,-0.22569742798805237
redkitchen,test,seq-04,redkitchen/seq-04/frame-000932.color.png,0.54335362,-1.1143478,2.2425411,0.759164155,0.07049273,-0.612392015,-0.208989426,0.6843879818916321,-1.0725736618041992,1.8804380893707275,0.7763991951942444,0.07093850523233414,-0.5835538506507874,-0.2272375524044037
redkitchen,test,seq-04,redkitchen/seq-04/frame-000933.color.png,0.54484302,-1.1161606,2.2417498,0.75720379,0.070808528,-0.61486669,-0.208728356,0.6930533051490784,-1.066929578781128,1.8794907331466675,0.773798942565918,0.06482328474521637,-0.587641716003418,-0.22739899158477783
redkitchen,test,seq-04,redkitchen/seq-04/frame-000934.color.png,0.54623383,-1.1147782,2.2462649,0.751033464,0.072834768,-0.621786546,-0.209822122,0.6187769770622253,-1.0694687366485596,1.8836601972579956,0.7785578966140747,0.07312073558568954,-0.5816574096679688,-0.22399896383285522
redkitchen,test,seq-04,redkitchen/seq-04/frame-000935.color.png,0.54733431,-1.1155037,2.2472675,0.748143076,0.072198085,-0.625004082,-0.210806244,0.6344725489616394,-1.0375897884368896,1.8882501125335693,0.7724073529243469,0.07618875801563263,-0.5877530574798584,-0.22831669449806213
redkitchen,test,seq-04,redkitchen/seq-04/frame-000936.color.png,0.54834878,-1.1163697,2.2489398,0.74306675,0.073608533,-0.630578522,-0.211670299,0.6140145659446716,-1.040920376777649,1.8863409757614136,0.771446943283081,0.067388154566288,-0.5920074582099915,-0.223283588886261
redkitchen,test,seq-04,redkitchen/seq-04/frame-000937.color.png,0.54937571,-1.1167674,2.25211,0.73973158,0.072486403,-0.633921628,-0.21374349,0.6297449469566345,-1.0587544441223145,1.903321385383606,0.7673597931861877,0.061686646193265915,-0.5945896506309509,-0.23198433220386505
redkitchen,test,seq-04,redkitchen/seq-04/frame-000938.color.png,0.550156,-1.1193205,2.2555318,0.733111519,0.071859568,-0.6411561,-0.215180292,0.6152458786964417,-1.0529752969741821,1.9145764112472534,0.763744056224823,0.060666825622320175,-0.6018673181533813,-0.22532254457473755
redkitchen,test,seq-04,redkitchen/seq-04/frame-000939.color.png,0.5501141,-1.1197041,2.2556148,0.73048537,0.071944476,-0.643446427,-0.217236765,0.596229612827301,-1.055769920349121,1.8802158832550049,0.764011800289154,0.058834709227085114,-0.6005399227142334,-0.2284209281206131
redkitchen,test,seq-04,redkitchen/seq-04/frame-000940.color.png,0.5507431,-1.1190202,2.2553759,0.727491275,0.073352717,-0.646022564,-0.219159008,0.599605917930603,-1.03532874584198,1.85071861743927,0.7631819844245911,0.06139494478702545,-0.6006240844726562,-0.23029261827468872
redkitchen,test,seq-04,redkitchen/seq-04/frame-000941.color.png,0.55260849,-1.114349,2.2631688,0.719336623,0.073893196,-0.654807922,-0.219820845,0.6065772175788879,-1.0410336256027222,1.8807767629623413,0.7670760154724121,0.05869791656732559,-0.5958441495895386,-0.23047494888305664
redkitchen,test,seq-04,redkitchen/seq-04/frame-000942.color.png,0.55158556,-1.1186855,2.2608922,0.716726362,0.074168661,-0.656380046,-0.223534265,0.631017804145813,-1.0376527309417725,1.8572343587875366,0.7675086855888367,0.061928488314151764,-0.5943309664726257,-0.23209048807621002
redkitchen,test,seq-04,redkitchen/seq-04/frame-000943.color.png,0.55128872,-1.1190602,2.2579274,0.712109824,0.069444169,-0.661243348,-0.225464722,0.6637296676635742,-1.0382497310638428,1.9004089832305908,0.7732803821563721,0.06435994058847427,-0.5889296531677246,-0.22595840692520142
redkitchen,test,seq-04,redkitchen/seq-04/frame-000944.color.png,0.55099696,-1.1190575,2.2565675,0.708874236,0.069372508,-0.663976893,-0.227638877,0.6457949876785278,-1.0362387895584106,1.9312821626663208,0.7725352644920349,0.06806407123804092,-0.5889410972595215,-0.22738716006278992
redkitchen,test,seq-04,redkitchen/seq-04/frame-000945.color.png,0.55074728,-1.1186866,2.2601388,0.705819627,0.067019443,-0.666926112,-0.229208659,0.6268718838691711,-1.0130513906478882,1.9212524890899658,0.7694641351699829,0.073423370718956,-0.5907648801803589,-0.2313673198223114
redkitchen,test,seq-04,redkitchen/seq-04/frame-000946.color.png,0.54995006,-1.119433,2.2559035,0.701293391,0.064864333,-0.670557753,-0.233093326,0.6223734617233276,-1.0055177211761475,1.8983070850372314,0.7692830562591553,0.0738082006573677,-0.588662326335907,-0.2371341437101364
redkitchen,test,seq-04,redkitchen/seq-04/frame-000947.color.png,0.54922205,-1.1186979,2.257215,0.697972927,0.059322767,-0.673353583,-0.236452013,0.5874713063240051,-1.0195057392120361,1.9091405868530273,0.7689419388771057,0.06796867400407791,-0.5820998549461365,-0.2554764151573181
redkitchen,test,seq-04,redkitchen/seq-04/frame-000948.color.png,0.54765183,-1.1200374,2.2567043,0.691887934,0.051842707,-0.677376127,-0.24446882,0.6469005346298218,-1.0934479236602783,2.085749626159668,0.7413249015808105,0.051936469972133636,-0.619409441947937,-0.2531243562698364
redkitchen,test,seq-04,redkitchen/seq-04/frame-000949.color.png,0.54769719,-1.1185316,2.2580988,0.688965763,0.048617955,-0.680087998,-0.245851148,0.6769545078277588,-1.071149230003357,2.0773110389709473,0.7458693385124207,0.05139223858714104,-0.6131248474121094,-0.2551780343055725
redkitchen,test,seq-04,redkitchen/seq-04/frame-000950.color.png,0.54664981,-1.1179421,2.2589729,0.683592382,0.045915674,-0.683508331,-0.251812564,0.6390286087989807,-1.0854661464691162,2.1032211780548096,0.7445126175880432,0.04489739239215851,-0.617099940776825,-0.25074487924575806
redkitchen,test,seq-04,redkitchen/seq-04/frame-000951.color.png,0.54601282,-1.1180304,2.2558537,0.681963162,0.044264061,-0.68443517,-0.253998891,0.6333299875259399,-1.0438569784164429,2.073575735092163,0.7401685118675232,0.05149441212415695,-0.6199870705604553,-0.2551761269569397
redkitchen,test,seq-04,redkitchen/seq-04/frame-000952.color.png,0.54309434,-1.1133428,2.2610095,0.675046617,0.037299411,-0.689714561,-0.259257869,0.619515061378479,-1.1043779850006104,2.1425631046295166,0.7354466319084167,0.03348098322749138,-0.6228384375572205,-0.2647067606449127
redkitchen,test,seq-04,redkitchen/seq-04/frame-000953.color.png,0.54386568,-1.1119913,2.2651839,0.671225157,0.033203467,-0.693110108,-0.26067738,0.6616643667221069,-1.1282861232757568,2.1683201789855957,0.7265823483467102,0.027333224192261696,-0.6323326826095581,-0.2673693299293518
redkitchen,test,seq-04,redkitchen/seq-04/frame-000954.color.png,0.54015052,-1.1137478,2.2624419,0.665887999,0.029683053,-0.694562681,-0.27073007,0.6305458545684814,-1.1354255676269531,2.191631555557251,0.7201087474822998,0.024168770760297775,-0.6390384435653687,-0.2692381739616394
redkitchen,test,seq-04,redkitchen/seq-04/frame-000955.color.png,0.5406512,-1.110904,2.2650757,0.663738244,0.026523809,-0.695885034,-0.272932317,0.6300140023231506,-1.1572929620742798,2.2332141399383545,0.7223644256591797,0.014012804254889488,-0.6351855397224426,-0.273006796836853
redkitchen,test,seq-04,redkitchen/seq-04/frame-000956.color.png,0.53670448,-1.1095878,2.2649338,0.659792186,0.01881733,-0.697098144,-0.279954204,0.5790961384773254,-1.1742326021194458,2.222989797592163,0.721096932888031,0.010498394258320332,-0.6328758597373962,-0.2817392349243164
redkitchen,test,seq-04,redkitchen/seq-04/frame-000957.color.png,0.53916627,-1.1060169,2.2670448,0.657907751,0.015338664,-0.698333053,-0.281519209,0.5691312551498413,-1.224244236946106,2.354304552078247,0.7127087116241455,0.005147171206772327,-0.6421216130256653,-0.2823113799095154
redkitchen,test,seq-04,redkitchen/seq-04/frame-000958.color.png,0.53951371,-1.1018666,2.2736914,0.654504343,0.007834939,-0.701301199,-0.282381492,0.547958254814148,-1.2341159582138062,2.415757179260254,0.6998776197433472,0.0016844423953443766,-0.6541025042533875,-0.2869119644165039
redkitchen,test,seq-04,redkitchen/seq-04/frame-000959.color.png,0.53805369,-1.1040537,2.2716622,0.652300889,0.004387291,-0.702356177,-0.284921223,0.5869616270065308,-1.2425130605697632,2.4345202445983887,0.6850141882896423,-0.010499016381800175,-0.6686114072799683,-0.28914394974708557
redkitchen,test,seq-04,redkitchen/seq-04/frame-000960.color.png,0.53770429,-1.1047297,2.2770591,0.648466906,0.002622844,-0.704859055,-0.287502183,0.5654774904251099,-1.2778778076171875,2.533442497253418,0.6727397441864014,-0.012195887044072151,-0.679969310760498,-0.2914005517959595
redkitchen,test,seq-04,redkitchen/seq-04/frame-000961.color.png,0.53671688,-1.1061404,2.2711577,0.647989759,0.00256379,-0.704783212,-0.288761708,0.609038770198822,-1.2657439708709717,2.5131170749664307,0.6753663420677185,-0.007976406253874302,-0.676977276802063,-0.29243555665016174
redkitchen,test,seq-04,redkitchen/seq-04/frame-000962.color.png,0.53724021,-1.1068482,2.2708306,0.644099355,0.001625429,-0.706887564,-0.292306948,0.6023834943771362,-1.2826861143112183,2.517468214035034,0.6728590726852417,-0.016424888744950294,-0.679835319519043,-0.2912299931049347
redkitchen,test,seq-04,redkitchen/seq-04/frame-000963.color.png,0.53688794,-1.1065676,2.2719622,0.642309427,0.000553475,-0.708475806,-0.292404387,0.6280186176300049,-1.2206465005874634,2.4484803676605225,0.6733426451683044,-0.006181713659316301,-0.6779367327690125,-0.2949121594429016
redkitchen,test,seq-04,redkitchen/seq-04/frame-000964.color.png,0.53695297,-1.1086926,2.2710068,0.641477434,-0.000337851,-0.70906926,-0.292792368,0.6106058955192566,-1.230804443359375,2.4403183460235596,0.6716932058334351,-0.0074568805284798145,-0.6789942979812622,-0.2962082028388977
redkitchen,test,seq-04,redkitchen/seq-04/frame-000965.color.png,0.53620756,-1.1070508,2.2696025,0.63800503,-0.000382496,-0.710824203,-0.296105368,0.6119328737258911,-1.209334135055542,2.4012973308563232,0.674992561340332,-0.00831669569015503,-0.675638735294342,-0.2963581085205078
redkitchen,test,seq-04,redkitchen/seq-04/frame-000966.color.png,0.53314883,-1.1097789,2.2653389,0.636676118,-0.006757566,-0.710418487,-0.299839006,0.6130816340446472,-1.201020359992981,2.384857416152954,0.6768534183502197,-0.008462648838758469,-0.6740305423736572,-0.2957714796066284
redkitchen,test,seq-04,redkitchen/seq-04/frame-000967.color.png,0.5316475,-1.1095138,2.265835,0.634592336,-0.008354557,-0.711061602,-0.302678321,0.5187097787857056,-1.21244215965271,2.37060284614563,0.66953045129776,-0.01814781315624714,-0.6814270615577698,-0.2950540781021118
redkitchen,test,seq-04,redkitchen/seq-04/frame-000968.color.png,0.53007597,-1.1123359,2.2605324,0.633125941,-0.011893999,-0.710947582,-0.305881695,0.5435660481452942,-1.2336713075637817,2.3741400241851807,0.6674797534942627,-0.023050475865602493,-0.6824654936790466,-0.2969517111778259
redkitchen,test,seq-04,redkitchen/seq-04/frame-000969.color.png,0.52906567,-1.1116639,2.2599075,0.631859923,-0.012886004,-0.710953282,-0.308435439,0.5430428385734558,-1.2561944723129272,2.384511709213257,0.6595283150672913,-0.02484629489481449,-0.6873181462287903,-0.30331307649612427
redkitchen,test,seq-04,redkitchen/seq-04/frame-000970.color.png,0.52701318,-1.114099,2.2555799,0.630698713,-0.01463166,-0.7116612,-0.309100929,0.5677258372306824,-1.2411103248596191,2.358142137527466,0.6576425433158875,-0.027807800099253654,-0.6888622045516968,-0.3036474883556366
redkitchen,test,seq-04,redkitchen/seq-04/frame-000971.color.png,0.52526855,-1.116416,2.2591791,0.626856922,-0.018626022,-0.714062946,-0.311155234,0.5864818096160889,-1.2451194524765015,2.4053730964660645,0.6579651236534119,-0.029671603813767433,-0.6880122423171997,-0.30469784140586853
redkitchen,test,seq-04,redkitchen/seq-04/frame-000972.color.png,0.52384305,-1.1191806,2.2610464,0.625619909,-0.019477556,-0.715004555,-0.311430313,0.5632876753807068,-1.2490664720535278,2.407486915588379,0.6528571844100952,-0.03269525617361069,-0.6915886402130127,-0.3072682023048401
redkitchen,test,seq-04,redkitchen/seq-04/frame-000973.color.png,0.52425659,-1.1199872,2.270555,0.623255249,-0.019669134,-0.717727441,-0.309892464,0.6116873025894165,-1.2154637575149536,2.3187501430511475,0.6615856289863586,-0.0293895173817873,-0.6849162578582764,-0.3038594126701355
redkitchen,test,seq-04,redkitchen/seq-04/frame-000974.color.png,0.52302474,-1.1234081,2.2708452,0.621243337,-0.019927687,-0.719105516,-0.310719906,0.5972941517829895,-1.19890296459198,2.299189805984497,0.6627692580223083,-0.02918037585914135,-0.6837950348854065,-0.30382511019706726
redkitchen,test,seq-04,redkitchen/seq-04/frame-000975.color.png,0.52390331,-1.1213884,2.2722197,0.61891461,-0.018846745,-0.72211348,-0.308450364,0.5282877683639526,-1.2179754972457886,2.2957870960235596,0.6555644273757935,-0.033121898770332336,-0.6909806728363037,-0.3027934432029724
redkitchen,test,seq-04,redkitchen/seq-04/frame-000976.color.png,0.52314484,-1.1227807,2.2703264,0.616960218,-0.018815921,-0.72326917,-0.309657484,0.5493391752243042,-1.2206271886825562,2.3407270908355713,0.6544970273971558,-0.030787967145442963,-0.6912485957145691,-0.30473122000694275
redkitchen,test,seq-04,redkitchen/seq-04/frame-000977.color.png,0.52310109,-1.1220503,2.2719958,0.615023707,-0.020505133,-0.725790138,-0.307496432,0.5215703248977661,-1.2146151065826416,2.3161568641662598,0.6514138579368591,-0.033318281173706055,-0.6950170397758484,-0.30249160528182983
redkitchen,test,seq-04,redkitchen/seq-04/frame-000978.color.png,0.52291018,-1.1231903,2.2705657,0.613196141,-0.020613152,-0.726724456,-0.308929046,0.5328676700592041,-1.2107480764389038,2.3217344284057617,0.6523885130882263,-0.034266311675310135,-0.6939369440078735,-0.30276477336883545
redkitchen,test,seq-04,redkitchen/seq-04/frame-000979.color.png,0.5226438,-1.1222972,2.2693839,0.61163972,-0.021231897,-0.72771378,-0.309642881,0.4872474670410156,-1.2275521755218506,2.3294143676757812,0.6447325944900513,-0.03569772467017174,-0.6988071799278259,-0.3077566921710968
redkitchen,test,seq-04,redkitchen/seq-04/frame-000980.color.png,0.52067608,-1.1210077,2.265486,0.611050601,-0.022420784,-0.727890531,-0.310306054,0.5280152559280396,-1.212449550628662,2.320134401321411,0.6484120488166809,-0.031077083200216293,-0.6960996389389038,-0.3066616654396057
redkitchen,test,seq-04,redkitchen/seq-04/frame-000981.color.png,0.51883638,-1.1206658,2.2696283,0.608947226,-0.024184309,-0.728764365,-0.312251333,0.556825578212738,-1.2172633409500122,2.311377763748169,0.6554297208786011,-0.034417394548654556,-0.6894918084144592,-0.3063143193721771
redkitchen,test,seq-04,redkitchen/seq-04/frame-000982.color.png,0.51276195,-1.1225909,2.258491,0.607105129,-0.030763422,-0.727688893,-0.317719764,0.5429785251617432,-1.2185661792755127,2.2617413997650146,0.6560693979263306,-0.04090307652950287,-0.6890438199043274,-0.3051532208919525
redkitchen,test,seq-04,redkitchen/seq-04/frame-000983.color.png,0.51017904,-1.1219798,2.2579603,0.605820937,-0.031083387,-0.727433737,-0.320710109,0.5327926278114319,-1.2076606750488281,2.24037504196167,0.6518035531044006,-0.04238724336028099,-0.6928383708000183,-0.3055003881454468
redkitchen,test,seq-04,redkitchen/seq-04/frame-000984.color.png,0.50548202,-1.1209902,2.2516487,0.605839005,-0.034977492,-0.725047509,-0.325640576,0.5632674694061279,-1.2452846765518188,2.321258306503296,0.6476618051528931,-0.042652808129787445,-0.6954277157783508,-0.3083750605583191
redkitchen,test,seq-04,redkitchen/seq-04/frame-000985.color.png,0.5026558,-1.1170601,2.2470601,0.605999239,-0.036280239,-0.723492415,-0.328644781,0.5756694078445435,-1.240380883216858,2.270702362060547,0.6552091240882874,-0.04528011754155159,-0.6878550052642822,-0.30904096364974976
redkitchen,test,seq-04,redkitchen/seq-04/frame-000986.color.png,0.49886629,-1.1147586,2.2359066,0.606120223,-0.038919448,-0.720994581,-0.333572131,0.6012758612632751,-1.2138856649398804,2.269526243209839,0.6502706408500671,-0.03917691484093666,-0.687882125377655,-0.320048987865448
redkitchen,test,seq-04,redkitchen/seq-04/frame-000987.color.png,0.49337959,-1.113981,2.2202923,0.606980478,-0.042092618,-0.716940932,-0.340291948,0.5759311318397522,-1.2503496408462524,2.285203695297241,0.6354904174804688,-0.048477135598659515,-0.7040390968322754,-0.3132583796977997
redkitchen,test,seq-04,redkitchen/seq-04/frame-000988.color.png,0.49268565,-1.1132867,2.2227507,0.606209212,-0.041566812,-0.716708742,-0.342215094,0.5985425114631653,-1.2562401294708252,2.2934634685516357,0.634649932384491,-0.04906236752867699,-0.7046982049942017,-0.31338930130004883
redkitchen,test,seq-04,redkitchen/seq-04/frame-000989.color.png,0.49420619,-1.1107501,2.2240093,0.606914837,-0.043065649,-0.716047429,-0.342163427,0.6502114534378052,-1.2166037559509277,2.236694812774658,0.6423383355140686,-0.05101673677563667,-0.6980475187301636,-0.3122953772544861
redkitchen,test,seq-04,redkitchen/seq-04/frame-000990.color.png,0.49372035,-1.1077658,2.2133222,0.606700272,-0.046102755,-0.714311639,-0.345757426,0.660165548324585,-1.1614981889724731,2.183645486831665,0.6493129134178162,-0.04389456287026405,-0.6893863081932068,-0.31813928484916687
redkitchen,test,seq-04,redkitchen/seq-04/frame-000991.color.png,0.49488026,-1.1092021,2.213625,0.605555149,-0.045774202,-0.714293264,-0.347840216,0.6738531589508057,-1.1704891920089722,2.224691152572632,0.6490947008132935,-0.04018111154437065,-0.6905938982963562,-0.3164515793323517
redkitchen,test,seq-04,redkitchen/seq-04/frame-000992.color.png,0.5008319,-1.1021702,2.2113142,0.606443337,-0.045807345,-0.713206448,-0.348517903,0.7138379812240601,-1.1463186740875244,2.1927239894866943,0.6582467555999756,-0.03818743675947189,-0.6816376447677612,-0.31721141934394836
redkitchen,test,seq-04,redkitchen/seq-04/frame-000993.color.png,0.50236821,-1.1025699,2.2094791,0.604250228,-0.047006418,-0.713884625,-0.350771722,0.7036965489387512,-1.1407990455627441,2.164306163787842,0.6554376482963562,-0.046335358172655106,-0.6838275194168091,-0.3172292709350586
redkitchen,test,seq-04,redkitchen/seq-04/frame-000994.color.png,0.50533611,-1.1012683,2.2051675,0.603762246,-0.046449507,-0.713617361,-0.352226994,0.7203121185302734,-1.1641135215759277,2.23528790473938,0.6543840765953064,-0.041554078459739685,-0.684508204460144,-0.318595826625824
redkitchen,test,seq-04,redkitchen/seq-04/frame-000995.color.png,0.51201618,-1.0969013,2.2058694,0.603120801,-0.044635561,-0.713963313,-0.352858829,0.7247456312179565,-1.144342303276062,2.1799185276031494,0.6603531241416931,-0.04307087883353233,-0.6796650290489197,-0.316439688205719
redkitchen,test,seq-04,redkitchen/seq-04/frame-000996.color.png,0.51495081,-1.097048,2.1998651,0.6027702,-0.046738917,-0.713411612,-0.354298507,0.7132779955863953,-1.1765865087509155,2.178738594055176,0.6603860259056091,-0.04284895583987236,-0.6784439086914062,-0.3190111815929413
redkitchen,test,seq-04,redkitchen/seq-04/frame-000997.color.png,0.51969588,-1.0961382,2.1970139,0.602139599,-0.045372559,-0.713782069,-0.354801905,0.7422922849655151,-1.1683140993118286,2.195181131362915,0.6553773283958435,-0.0410042405128479,-0.6834834814071655,-0.3188251852989197
redkitchen,test,seq-04,redkitchen/seq-04/frame-000998.color.png,0.52660185,-1.0931814,2.2007532,0.600202256,-0.04507491,-0.715526615,-0.354608471,0.7022954225540161,-1.1727988719940186,2.206597328186035,0.6567741632461548,-0.04167750105261803,-0.6802147030830383,-0.3228291869163513
redkitchen,test,seq-04,redkitchen/seq-04/frame-000999.color.png,0.53050518,-1.0926778,2.2012868,0.599597294,-0.04763318,-0.7161336,-0.35407179,0.7144140005111694,-1.1817210912704468,2.1898727416992188,0.65986567735672,-0.047855522483587265,-0.6759335398674011,-0.32465502619743347
redkitchen,test,seq-06,redkitchen/seq-06/frame-000000.color.png,-0.95844132,0.03029081,-0.20277491,0.999270546,-0.037775241,0.004415357,0.003451221,-0.7766863107681274,0.07471823692321777,-0.1135031059384346,0.9986640214920044,-0.03212457895278931,0.039584048092365265,0.008443492464721203
redkitchen,test,seq-06,redkitchen/seq-06/frame-000001.color.png,-0.95974928,0.03035235,-0.20152107,0.999305725,-0.036274231,0.00712607,0.004633264,-0.8109996914863586,0.08805154263973236,-0.15135988593101501,0.9984243512153625,-0.02451745979487896,0.0501977913081646,0.005282280500978231
redkitchen,test,seq-06,redkitchen/seq-06/frame-000002.color.png,-0.95966375,0.029420959,-0.20015711,0.999331676,-0.034812144,0.009612803,0.005648887,-0.7530913949012756,0.07211966812610626,-0.12264988571405411,0.9984371066093445,-0.026232469826936722,0.048795245587825775,0.007361521013081074
redkitchen,test,seq-06,redkitchen/seq-06/frame-000003.color.png,-0.96079856,0.029344929,-0.19827273,0.999353321,-0.033151878,0.012072698,0.006938463,-0.7575423717498779,0.08812402188777924,-0.12762591242790222,0.9975906014442444,-0.027402175590395927,0.06337809562683105,0.006728965789079666
redkitchen,test,seq-06,redkitchen/seq-06/frame-000004.color.png,-0.96258712,0.033022191,-0.19728212,0.999409366,-0.030928021,0.013500547,0.006489432,-0.806517481803894,0.12357181310653687,-0.13364672660827637,0.9977408647537231,-0.024255599826574326,0.06196347251534462,0.009238035418093204
redkitchen,test,seq-06,redkitchen/seq-06/frame-000005.color.png,-0.96290237,0.030460371,-0.19521734,0.999407222,-0.03051699,0.014594712,0.006396316,-0.8078134655952454,0.10232360661029816,-0.14979177713394165,0.9976779222488403,-0.026469480246305466,0.061708126217126846,0.011412429623305798
redkitchen,test,seq-06,redkitchen/seq-06/frame-000006.color.png,-0.96197134,0.027584938,-0.19287099,0.999410419,-0.02986577,0.015305878,0.007251196,-0.770931601524353,0.11901062726974487,-0.10951224714517593,0.9974847435951233,-0.02495572529733181,0.06576351821422577,0.008755674585700035
redkitchen,test,seq-06,redkitchen/seq-06/frame-000007.color.png,-0.96122736,0.02573964,-0.19111115,0.999420683,-0.028866372,0.01626082,0.007785734,-0.7851658463478088,0.10352535545825958,-0.17184138298034668,0.9979509115219116,-0.019253021106123924,0.060081951320171356,0.01064898632466793
redkitchen,test,seq-06,redkitchen/seq-06/frame-000008.color.png,-0.95984578,0.024123162,-0.18899892,0.999453806,-0.02737963,0.017064784,0.007158073,-0.8018072247505188,0.10778005421161652,-0.2020982801914215,0.9984931349754333,-0.01727653294801712,0.05175680294632912,0.005860203877091408
redkitchen,test,seq-06,redkitchen/seq-06/frame-000009.color.png,-0.9588272,0.020516248,-0.18571557,0.999483337,-0.02604018,0.01772333,0.006391496,-0.8589714765548706,0.11746238172054291,-0.21706178784370422,0.998000979423523,-0.013837490230798721,0.061006829142570496,0.008982694707810879
redkitchen,test,seq-06,redkitchen/seq-06/frame-000010.color.png,-0.95823675,0.018521648,-0.18276878,0.999510322,-0.024442097,0.018476009,0.006351217,-0.8724977970123291,0.12546779215335846,-0.2577841877937317,0.9982532262802124,-0.009024365805089474,0.058253832161426544,0.003949207253754139
redkitchen,test,seq-06,redkitchen/seq-06/frame-000011.color.png,-0.95591855,0.018496206,-0.17954308,0.99954457,-0.02223072,0.019746413,0.005150481,-0.8720489144325256,0.11784133315086365,-0.24923217296600342,0.9983248114585876,-0.007912899367511272,0.057093579322099686,0.005029269959777594
redkitchen,test,seq-06,redkitchen/seq-06/frame-000012.color.png,-0.95316547,0.011763733,-0.17570415,0.99949967,-0.022392236,0.022156615,0.002842904,-0.8231779336929321,0.10225431621074677,-0.26061946153640747,0.9982714056968689,-0.003805723739787936,0.058630961924791336,0.0014893878251314163
redkitchen,test,seq-06,redkitchen/seq-06/frame-000013.color.png,-0.95686728,0.006158561,-0.17035587,0.999394646,-0.022296579,0.026487263,0.003410028,-0.8688685894012451,0.09515385329723358,-0.2969856560230255,0.9982367753982544,-0.005783788859844208,0.0590231828391552,0.002469344064593315
redkitchen,test,seq-06,redkitchen/seq-06/frame-000014.color.png,-0.95478481,0.005491663,-0.16636582,0.999367817,-0.02131905,0.028218286,0.003632238,-0.8798041939735413,0.07225906848907471,-0.24093827605247498,0.9981763362884521,-0.01012460608035326,0.0593995600938797,0.003634148743003607
redkitchen,test,seq-06,redkitchen/seq-06/frame-000015.color.png,-0.95388335,-0.001623059,-0.16066234,0.999300055,-0.022798751,0.029280988,0.004716072,-0.8502638936042786,0.08638341724872589,-0.2580951452255249,0.9978448152542114,-0.008947008289396763,0.06500545889139175,0.00026675750268623233
redkitchen,test,seq-06,redkitchen/seq-06/frame-000016.color.png,-0.94970053,-0.007892621,-0.15444781,0.999291474,-0.023973219,0.028615365,0.004795393,-0.8696549534797668,0.08616489171981812,-0.2709216773509979,0.997485876083374,-0.007235615514218807,0.07048092782497406,0.001390898716636002
redkitchen,test,seq-06,redkitchen/seq-06/frame-000017.color.png,-0.94775611,-0.013906886,-0.14761762,0.999265234,-0.025112247,0.028538978,0.004888146,-0.8847047686576843,0.08249463140964508,-0.259606271982193,0.9977234601974487,-0.006433026399463415,0.06710132956504822,-0.0019940861966460943
redkitchen,test,seq-06,redkitchen/seq-06/frame-000018.color.png,-0.94497854,-0.01975682,-0.14057519,0.999232237,-0.026800903,0.028186795,0.004706643,-0.8646216988563538,0.10587739944458008,-0.26049402356147766,0.9975065588951111,-0.004294389393180609,0.07037217915058136,0.00315034668892622
redkitchen,test,seq-06,redkitchen/seq-06/frame-000019.color.png,-0.94004029,-0.024979614,-0.13420644,0.999216585,-0.028082857,0.027359263,0.005388951,-0.8537814021110535,0.08444903790950775,-0.23603275418281555,0.9970890283584595,-0.005869335029274225,0.0758838877081871,0.004559745080769062
redkitchen,test,seq-06,redkitchen/seq-06/frame-000020.color.png,-0.9343186,-0.03167069,-0.12881798,0.999218334,-0.028417294,0.026513361,0.007226371,-0.9091362953186035,0.0757853239774704,-0.28493404388427734,0.9978350400924683,-0.00734168104827404,0.06533904373645782,0.0015011329669505358
redkitchen,test,seq-06,redkitchen/seq-06/frame-000021.color.png,-0.93299329,-0.036383666,-0.12137038,0.9991769,-0.027510225,0.028541298,0.008608384,-0.9307805299758911,0.0823429673910141,-0.25815966725349426,0.9975849986076355,-0.004279511980712414,0.0692959576845169,0.001956368563696742
redkitchen,test,seq-06,redkitchen/seq-06/frame-000022.color.png,-0.92458957,-0.045482311,-0.11336701,0.999088413,-0.028236385,0.030932648,0.008259595,-0.9155557751655579,0.10359451174736023,-0.26184454560279846,0.998080849647522,-0.001855591544881463,0.061887942254543304,-0.001044733333401382
redkitchen,test,seq-06,redkitchen/seq-06/frame-000023.color.png,-0.91856998,-0.054753914,-0.10514529,0.998918168,-0.028260823,0.035748326,0.009267019,-0.8783652782440186,0.10328488051891327,-0.3134782016277313,0.9984893798828125,-0.001232390059158206,0.054877836257219315,-0.0024217080790549517
redkitchen,test,seq-06,redkitchen/seq-06/frame-000024.color.png,-0.91029632,-0.063709743,-0.09761975,0.998716737,-0.027574852,0.041218214,0.010274527,-0.8358097076416016,0.030405566096305847,-0.2853724956512451,0.9989270567893982,-0.005823977291584015,0.04548743739724159,-0.006460350938141346
redkitchen,test,seq-06,redkitchen/seq-06/frame-000025.color.png,-0.90814412,-0.073255703,-0.08754538,0.998383921,-0.027397472,0.048425284,0.01157226,-0.8408804535865784,0.0160357803106308,-0.23610612750053406,0.9979223012924194,-0.0019654512871056795,0.06437651067972183,0.0016502868384122849
redkitchen,test,seq-06,redkitchen/seq-06/frame-000026.color.png,-0.90293676,-0.086081415,-0.078534015,0.998093803,-0.028049488,0.053238204,0.013699613,-0.8668548464775085,-0.008362136781215668,-0.22552675008773804,0.9980613589286804,-0.006726501509547234,0.06161230057477951,0.005671567749232054
redkitchen,test,seq-06,redkitchen/seq-06/frame-000027.color.png,-0.90039331,-0.090308167,-0.071234949,0.997968656,-0.026222058,0.056130646,0.014843038,-0.8737564086914062,-0.013160660862922668,-0.2615247666835785,0.9976335763931274,-0.010928907431662083,0.06782331317663193,0.00281100207939744
redkitchen,test,seq-06,redkitchen/seq-06/frame-000028.color.png,-0.89523321,-0.096084818,-0.062215999,0.997914866,-0.025421824,0.056959729,0.016590362,-0.9055171012878418,-0.003932371735572815,-0.23006054759025574,0.9972143769264221,-0.011396229267120361,0.07353021949529648,0.005200542975217104
redkitchen,test,seq-06,redkitchen/seq-06/frame-000029.color.png,-0.88716936,-0.10257584,-0.052992914,0.997957009,-0.025941716,0.055689398,0.017536431,-0.8798495531082153,-0.020085856318473816,-0.22224530577659607,0.997179388999939,-0.010205420665442944,0.0742538720369339,0.003934584092348814
redkitchen,test,seq-06,redkitchen/seq-06/frame-000030.color.png,-0.87653553,-0.11016078,-0.042443175,0.997812811,-0.028308496,0.056618307,0.019041815,-0.8509805202484131,-0.01715380698442459,-0.23784670233726501,0.9976028800010681,-0.0068659670650959015,0.0688573569059372,8.769121632212773e-05
redkitchen,test,seq-06,redkitchen/seq-06/frame-000031.color.png,-0.86811447,-0.1187168,-0.031496078,0.997495678,-0.031857192,0.059717096,0.020527076,-0.8552272319793701,-0.04674280062317848,-0.24283567070960999,0.9978924989700317,-0.012832500040531158,0.06354872137308121,0.0027192337438464165
redkitchen,test,seq-06,redkitchen/seq-06/frame-000032.color.png,-0.85909605,-0.12764932,-0.02112242,0.997203354,-0.03551824,0.06185535,0.022312335,-0.8713236451148987,-0.05822496488690376,-0.16587182879447937,0.9978845715522766,-0.012251058593392372,0.06380295753479004,0.0023363481741398573
redkitchen,test,seq-06,redkitchen/seq-06/frame-000033.color.png,-0.84804261,-0.13827124,-0.01036894,0.996871125,-0.039462602,0.063947313,0.024523537,-0.8337736129760742,-0.049170952290296555,-0.17890170216560364,0.9981347322463989,-0.01627536118030548,0.05869736149907112,0.004106455482542515
redkitchen,test,seq-06,redkitchen/seq-06/frame-000034.color.png,-0.84161365,-0.14303951,-0.000671213,0.99665761,-0.041083653,0.065991808,0.025116185,-0.824342668056488,-0.05286143347620964,-0.18171906471252441,0.9978036880493164,-0.01520904153585434,0.06445775926113129,0.0012858954723924398
redkitchen,test,seq-06,redkitchen/seq-06/frame-000035.color.png,-0.82969588,-0.15085106,0.008623003,0.996599964,-0.043333488,0.065719835,0.024323302,-0.8334730863571167,-0.031200110912322998,-0.17335402965545654,0.9979257583618164,-0.01495014876127243,0.0626152977347374,-3.1942399800755084e-05
redkitchen,test,seq-06,redkitchen/seq-06/frame-000036.color.png,-0.81784832,-0.15363011,0.017740078,0.996565884,-0.044014108,0.065112893,0.026067375,-0.8472791910171509,-0.0434030145406723,-0.11263228207826614,0.9976494312286377,-0.01239777822047472,0.06739286333322525,0.0003891582309734076
redkitchen,test,seq-06,redkitchen/seq-06/frame-000037.color.png,-0.80206591,-0.16169301,0.027809542,0.996448068,-0.04643792,0.063914645,0.029149364,-0.7937257289886475,-0.06620696187019348,-0.12595614790916443,0.997677743434906,-0.01569165475666523,0.0660516694188118,0.005486540962010622
redkitchen,test,seq-06,redkitchen/seq-06/frame-000038.color.png,-0.78867334,-0.16991615,0.036920458,0.996188268,-0.049287084,0.065006741,0.030884319,-0.8324085474014282,-0.058407701551914215,-0.12487504631280899,0.9969198107719421,-0.012692118063569069,0.0772237777709961,0.005121581256389618
redkitchen,test,seq-06,redkitchen/seq-06/frame-000039.color.png,-0.77067119,-0.17675641,0.046331383,0.9958756,-0.052362808,0.067209005,0.031190964,-0.9044274091720581,-0.04948950558900833,-0.11990315467119217,0.9949122667312622,-0.008258536458015442,0.09996229410171509,0.009428786113858223
redkitchen,test,seq-06,redkitchen/seq-06/frame-000040.color.png,-0.75492823,-0.18155892,0.055521626,0.995404537,-0.055321038,0.070545013,0.033656967,-0.7650102972984314,-0.07446771115064621,-0.08730670064687729,0.9962353110313416,-0.007792049087584019,0.08616035431623459,0.005550223868340254
redkitchen,test,seq-06,redkitchen/seq-06/frame-000041.color.png,-0.74275047,-0.18966928,0.063802958,0.994852512,-0.058888886,0.074495191,0.035370105,-0.7894291281700134,-0.10699091851711273,-0.08873554319143295,0.9947439432144165,-0.017966818064451218,0.10026843845844269,0.010387753136456013
redkitchen,test,seq-06,redkitchen/seq-06/frame-000042.color.png,-0.73157114,-0.19866244,0.072259553,0.994275702,-0.062924009,0.078815977,0.035276621,-0.7985029816627502,-0.10938070714473724,-0.0842505469918251,0.9944006204605103,-0.01921132020652294,0.10305753350257874,0.013322529383003712
redkitchen,test,seq-06,redkitchen/seq-06/frame-000043.color.png,-0.73120821,-0.19524062,0.071221627,0.994367829,-0.061943131,0.078482797,0.035158495,-0.7985029816627502,-0.10938070714473724,-0.0842505469918251,0.9944006204605103,-0.01921132020652294,0.10305753350257874,0.013322529383003712
redkitchen,test,seq-06,redkitchen/seq-06/frame-000044.color.png,-0.71404421,-0.20574343,0.079085678,0.993894653,-0.066046647,0.08152919,0.034121099,-0.8023561239242554,-0.12952670454978943,-0.058103762567043304,0.9919831156730652,-0.024001624435186386,0.12255650013685226,0.019322432577610016
redkitchen,test,seq-06,redkitchen/seq-06/frame-000045.color.png,-0.69771653,-0.21472283,0.0872209,0.993347215,-0.068875024,0.086155831,0.033086474,-0.7945268154144287,-0.15183919668197632,-0.040130533277988434,0.9909672737121582,-0.0314130038022995,0.1292690932750702,0.016928743571043015
redkitchen,test,seq-06,redkitchen/seq-06/frame-000046.color.png,-0.67950475,-0.22125506,0.093832411,0.992688657,-0.072354652,0.09135696,0.031431512,-0.799475371837616,-0.19458742439746857,-0.030972547829151154,0.9908278584480286,-0.04024682566523552,0.12717527151107788,0.021602412685751915
redkitchen,test,seq-06,redkitchen/seq-06/frame-000047.color.png,-0.6632933,-0.22476429,0.099523403,0.991747902,-0.076401928,0.097641275,0.032634742,-0.7702656984329224,-0.18367402255535126,0.011642180383205414,0.9899312853813171,-0.04651195555925369,0.12803371250629425,0.038471534848213196
redkitchen,test,seq-06,redkitchen/seq-06/frame-000048.color.png,-0.65090668,-0.2307791,0.1054621,0.990470626,-0.080852718,0.105270151,0.036728368,-0.6893437504768372,-0.2662809491157532,0.07814358919858932,0.9857468008995056,-0.07018977403640747,0.1457967460155487,0.046043477952480316
redkitchen,test,seq-06,redkitchen/seq-06/frame-000049.color.png,-0.65016526,-0.23245366,0.10646719,0.990457431,-0.081298455,0.105142254,0.036465659,-0.6893437504768372,-0.2662809491157532,0.07814358919858932,0.9857468008995056,-0.07018977403640747,0.1457967460155487,0.046043477952480316
redkitchen,test,seq-06,redkitchen/seq-06/frame-000050.color.png,-0.63564491,-0.24342902,0.11358744,0.988991542,-0.085843917,0.113835119,0.039599453,-0.6873809695243835,-0.26143956184387207,0.12000736594200134,0.9815074801445007,-0.08275586366653442,0.16360478103160858,0.05502816289663315
redkitchen,test,seq-06,redkitchen/seq-06/frame-000051.color.png,-0.6199826,-0.25192925,0.12113841,0.98737143,-0.088779876,0.12441934,0.04166078,-0.6276922225952148,-0.2704247832298279,0.10467316210269928,0.981535017490387,-0.08236102759838104,0.16392746567726135,0.054160866886377335
redkitchen,test,seq-06,redkitchen/seq-06/frame-000052.color.png,-0.60596013,-0.25769886,0.12767462,0.985700771,-0.089008108,0.135282245,0.046586068,-0.6216922402381897,-0.33065176010131836,0.19868400692939758,0.9802994132041931,-0.09281428158283234,0.16563931107521057,0.05442800000309944
redkitchen,test,seq-06,redkitchen/seq-06/frame-000053.color.png,-0.59890866,-0.25990444,0.13191707,0.98414597,-0.087475182,0.146106489,0.049575147,-0.6081156730651855,-0.3269210457801819,0.14905615150928497,0.9790025353431702,-0.08635879307985306,0.17268908023834229,0.06538107991218567
redkitchen,test,seq-06,redkitchen/seq-06/frame-000054.color.png,-0.58872199,-0.26247606,0.13658743,0.982918754,-0.087353781,0.153695028,0.051165201,-0.6547243595123291,-0.28373658657073975,0.09263788163661957,0.9795817136764526,-0.0806015208363533,0.172397181391716,0.06482541561126709
redkitchen,test,seq-06,redkitchen/seq-06/frame-000055.color.png,-0.57856065,-0.26738188,0.14156911,0.981786229,-0.087835006,0.158729205,0.056443357,-0.6798691153526306,-0.31686320900917053,0.07783497869968414,0.9796724319458008,-0.07859950512647629,0.1754729002714157,0.05721311271190643
redkitchen,test,seq-06,redkitchen/seq-06/frame-000056.color.png,-0.56810349,-0.27483046,0.14602613,0.980770108,-0.088403333,0.162253452,0.062838386,-0.6814637184143066,-0.30010202527046204,0.07091313600540161,0.9779521226882935,-0.08031996339559555,0.18211258947849274,0.06319205462932587
redkitchen,test,seq-06,redkitchen/seq-06/frame-000057.color.png,-0.55646855,-0.28211743,0.15159009,0.979915016,-0.089616393,0.165013098,0.067127793,-0.6004170179367065,-0.277376651763916,0.11476148664951324,0.9765216112136841,-0.08228012174367905,0.18617573380470276,0.0705273300409317
redkitchen,test,seq-06,redkitchen/seq-06/frame-000058.color.png,-0.54341549,-0.2890034,0.15720034,0.979062486,-0.090743743,0.167312905,0.072170726,-0.6187796592712402,-0.3069610595703125,0.1980230212211609,0.9739903807640076,-0.08705462515354156,0.1948820799589157,0.07606036961078644
redkitchen,test,seq-06,redkitchen/seq-06/frame-000059.color.png,-0.52882779,-0.29260716,0.16239129,0.978005739,-0.091642643,0.170338931,0.078045178,-0.598107099533081,-0.292884886264801,0.17424680292606354,0.9752797484397888,-0.08873509615659714,0.1886393129825592,0.07328541576862335
redkitchen,test,seq-06,redkitchen/seq-06/frame-000060.color.png,-0.51676077,-0.30096921,0.16960537,0.976642893,-0.095039668,0.17395588,0.082918473,-0.5796855688095093,-0.30581843852996826,0.19425109028816223,0.9725374579429626,-0.0947105661034584,0.1982329785823822,0.07684110105037689
redkitchen,test,seq-06,redkitchen/seq-06/frame-000061.color.png,-0.50455022,-0.31067589,0.17714384,0.974966607,-0.098132198,0.180097716,0.085877819,-0.47405776381492615,-0.31123843789100647,0.2686062455177307,0.9683058857917786,-0.10500285774469376,0.2116502970457077,0.0810084342956543
redkitchen,test,seq-06,redkitchen/seq-06/frame-000062.color.png,-0.49585545,-0.31662118,0.18431678,0.97299587,-0.100399663,0.187938809,0.08875781,-0.5218778848648071,-0.2956804037094116,0.2418561577796936,0.969841480255127,-0.10179182142019272,0.20504169166088104,0.08368884027004242
redkitchen,test,seq-06,redkitchen/seq-06/frame-000063.color.png,-0.48745957,-0.32479426,0.19435254,0.970983342,-0.102737049,0.194714197,0.093396093,-0.4974781572818756,-0.2749871015548706,0.25072064995765686,0.9717618227005005,-0.09430168569087982,0.19801117479801178,0.08704964071512222
redkitchen,test,seq-06,redkitchen/seq-06/frame-000064.color.png,-0.48078233,-0.33311203,0.20231256,0.969433388,-0.104816472,0.199457133,0.097104406,-0.42688533663749695,-0.2925875186920166,0.25046294927597046,0.9680730104446411,-0.09734154492616653,0.20967954397201538,0.09692133218050003
redkitchen,test,seq-06,redkitchen/seq-06/frame-000065.color.png,-0.46925434,-0.33838958,0.21055445,0.968356224,-0.105337088,0.202719254,0.100475002,-0.4225863814353943,-0.26738685369491577,0.25595420598983765,0.9673827886581421,-0.1005021408200264,0.2091270089149475,0.10166563093662262
redkitchen,test,seq-06,redkitchen/seq-06/frame-000066.color.png,-0.45583856,-0.34392402,0.21824868,0.967238319,-0.106512894,0.205772948,0.103742617,-0.4101722240447998,-0.2758443057537079,0.26689234375953674,0.9663081169128418,-0.10278424620628357,0.21368877589702606,0.1001051738858223
redkitchen,test,seq-06,redkitchen/seq-06/frame-000067.color.png,-0.44327813,-0.34768015,0.22543651,0.966169975,-0.107518917,0.208903653,0.106369763,-0.3503587245941162,-0.2775205671787262,0.2367713451385498,0.9684496521949768,-0.0998421236872673,0.20566481351852417,0.09919114410877228
redkitchen,test,seq-06,redkitchen/seq-06/frame-000068.color.png,-0.43368185,-0.35484859,0.23509827,0.964556899,-0.109296313,0.213181324,0.11062562,-0.32607778906822205,-0.27557533979415894,0.2671949863433838,0.9687907695770264,-0.10435818135738373,0.20088720321655273,0.10098587721586227
redkitchen,test,seq-06,redkitchen/seq-06/frame-000069.color.png,-0.42201707,-0.35726944,0.24226651,0.963175163,-0.110349576,0.217117175,0.11391536,-0.33412930369377136,-0.29978182911872864,0.2936628460884094,0.9657256007194519,-0.10930031538009644,0.2110070437192917,0.10442017763853073
redkitchen,test,seq-06,redkitchen/seq-06/frame-000070.color.png,-0.41444346,-0.36513337,0.25415623,0.961179963,-0.112770285,0.222735337,0.117494305,-0.3012673556804657,-0.30994099378585815,0.34508538246154785,0.9655097126960754,-0.11285406351089478,0.21149355173110962,0.1016136184334755
redkitchen,test,seq-06,redkitchen/seq-06/frame-000071.color.png,-0.39937788,-0.37129584,0.26254407,0.959806575,-0.114921621,0.225844542,0.120659031,-0.3168143332004547,-0.31022393703460693,0.33077460527420044,0.9654853940010071,-0.11397457867860794,0.20864759385585785,0.106366828083992
redkitchen,test,seq-06,redkitchen/seq-06/frame-000072.color.png,-0.38565066,-0.38045514,0.27165905,0.95827531,-0.117218761,0.228217693,0.126035223,-0.26840323209762573,-0.3114400804042816,0.3605584502220154,0.9650951623916626,-0.11590566486120224,0.20874172449111938,0.10762934386730194
redkitchen,test,seq-06,redkitchen/seq-06/frame-000073.color.png,-0.37041646,-0.38837349,0.2790249,0.957129042,-0.118913287,0.229924939,0.129992883,-0.2601114511489868,-0.34256798028945923,0.3434256315231323,0.9610098004341125,-0.1209431141614914,0.22127138078212738,0.11345414072275162
redkitchen,test,seq-06,redkitchen/seq-06/frame-000074.color.png,-0.35035628,-0.39555541,0.2821618,0.955828209,-0.121054269,0.23347085,0.131261802,-0.3033662438392639,-0.36637943983078003,0.4296441972255707,0.9576459527015686,-0.13405564427375793,0.22604581713676453,0.11767156422138214
redkitchen,test,seq-06,redkitchen/seq-06/frame-000075.color.png,-0.34640253,-0.4018313,0.28510734,0.952948639,-0.121942797,0.241746056,0.1363,-0.27568766474723816,-0.35308218002319336,0.42705193161964417,0.9583780169487,-0.1340394765138626,0.22293026745319366,0.11767347157001495
redkitchen,test,seq-06,redkitchen/seq-06/frame-000076.color.png,-0.3408187,-0.40959319,0.28883046,0.950035122,-0.122131931,0.248862105,0.143473729,-0.21445675194263458,-0.3565455675125122,0.4113963544368744,0.9607536792755127,-0.13176636397838593,0.21419958770275116,0.11708369851112366
redkitchen,test,seq-06,redkitchen/seq-06/frame-000077.color.png,-0.32440379,-0.40980175,0.29208791,0.948890781,-0.120590261,0.251044413,0.148462037,-0.20236259698867798,-0.38307613134384155,0.37192949652671814,0.9621030688285828,-0.12431236356496811,0.21297554671764374,0.11638520658016205
redkitchen,test,seq-06,redkitchen/seq-06/frame-000078.color.png,-0.30987594,-0.41860548,0.29975772,0.947469729,-0.121777503,0.252944302,0.153266215,-0.19435909390449524,-0.41728144884109497,0.39316803216934204,0.9591805338859558,-0.13433301448822021,0.2172679454088211,0.12133447080850601
redkitchen,test,seq-06,redkitchen/seq-06/frame-000079.color.png,-0.29571992,-0.42685363,0.30681863,0.946209796,-0.121749942,0.256225048,0.155604303,-0.18409274518489838,-0.42084580659866333,0.421273410320282,0.9559638500213623,-0.13992926478385925,0.2276782989501953,0.12130727618932724
redkitchen,test,seq-06,redkitchen/seq-06/frame-000080.color.png,-0.28228009,-0.43262425,0.31459245,0.944486353,-0.120511744,0.262459086,0.156645064,-0.23530161380767822,-0.416423499584198,0.40114572644233704,0.9578911066055298,-0.13804508745670319,0.22103211283683777,0.120552659034729
redkitchen,test,seq-06,redkitchen/seq-06/frame-000081.color.png,-0.27672014,-0.4390879,0.32750019,0.941532925,-0.119630791,0.2709029,0.160673096,-0.17073343694210052,-0.4169585704803467,0.386411190032959,0.9576674699783325,-0.13962441682815552,0.2225198596715927,0.11774083971977234
redkitchen,test,seq-06,redkitchen/seq-06/frame-000082.color.png,-0.27306026,-0.45110768,0.34032694,0.938552703,-0.119881038,0.278590249,0.16472654,-0.1682596504688263,-0.4141485095024109,0.350161612033844,0.9579998850822449,-0.1401256024837494,0.22286999225616455,0.1137104481458664
redkitchen,test,seq-06,redkitchen/seq-06/frame-000083.color.png,-0.26668504,-0.45986861,0.34882039,0.936738816,-0.117285582,0.284545061,0.166729095,-0.16571103036403656,-0.41981714963912964,0.3643285632133484,0.9577180743217468,-0.13269570469856262,0.22993038594722748,0.11090510338544846
redkitchen,test,seq-06,redkitchen/seq-06/frame-000084.color.png,-0.26052627,-0.46445698,0.3612476,0.934904269,-0.113064333,0.291009628,0.168771624,-0.18651019036769867,-0.4117383360862732,0.41986197233200073,0.954427182674408,-0.12442121654748917,0.23920738697052002,0.12793737649917603
redkitchen,test,seq-06,redkitchen/seq-06/frame-000085.color.png,-0.25295725,-0.46718273,0.37017196,0.933452877,-0.111089991,0.295382001,0.170511624,-0.11651887744665146,-0.4094712734222412,0.39853641390800476,0.9564743041992188,-0.11736610531806946,0.2367316633462906,0.12385552376508713
redkitchen,test,seq-06,redkitchen/seq-06/frame-000086.color.png,-0.2434278,-0.47318113,0.37875888,0.932354158,-0.110479469,0.298522278,0.171448129,-0.13459813594818115,-0.39152538776397705,0.4385567903518677,0.9522101879119873,-0.11755114048719406,0.25094130635261536,0.1284758746623993
redkitchen,test,seq-06,redkitchen/seq-06/frame-000087.color.png,-0.23361453,-0.47760388,0.38830599,0.931416768,-0.110329035,0.30140022,0.171604825,-0.11174791306257248,-0.3972324728965759,0.37513139843940735,0.9547849297523499,-0.11883853375911713,0.2402437925338745,0.1286315768957138
redkitchen,test,seq-06,redkitchen/seq-06/frame-000088.color.png,-0.22174422,-0.48566079,0.39711305,0.930014399,-0.11202183,0.305185076,0.171424609,-0.07777994126081467,-0.39289993047714233,0.3741896450519562,0.9523136019706726,-0.11213594675064087,0.25143423676490784,0.13154855370521545
redkitchen,test,seq-06,redkitchen/seq-06/frame-000089.color.png,-0.21141183,-0.49296653,0.40520734,0.928331426,-0.112057323,0.309630146,0.172548814,-0.0440748855471611,-0.39600956439971924,0.416755735874176,0.951062798500061,-0.10581443458795547,0.25700128078460693,0.13503006100654602
redkitchen,test,seq-06,redkitchen/seq-06/frame-000090.color.png,-0.19952035,-0.49827826,0.41295773,0.927017997,-0.110395297,0.313157176,0.174307473,0.022234482690691948,-0.39265215396881104,0.4093610644340515,0.9560401439666748,-0.10585688054561615,0.24115605652332306,0.1289396435022354
redkitchen,test,seq-06,redkitchen/seq-06/frame-000091.color.png,-0.18965028,-0.50136316,0.42052954,0.926306827,-0.10880377,0.31539698,0.175048984,0.07402778416872025,-0.40428364276885986,0.4151454567909241,0.9545247554779053,-0.10611981898546219,0.2489306777715683,0.12511886656284332
redkitchen,test,seq-06,redkitchen/seq-06/frame-000092.color.png,-0.17705266,-0.50250512,0.42678976,0.926028811,-0.108116658,0.31629635,0.175322699,0.0881602019071579,-0.3919774889945984,0.41466325521469116,0.9537094831466675,-0.10585078597068787,0.25206807255744934,0.1252819299697876
redkitchen,test,seq-06,redkitchen/seq-06/frame-000093.color.png,-0.16187575,-0.50952947,0.43385327,0.925366869,-0.108701406,0.317976407,0.175417123,0.07680841535329819,-0.379630982875824,0.42096513509750366,0.9547665119171143,-0.11111288517713547,0.24756406247615814,0.1216006726026535
redkitchen,test,seq-06,redkitchen/seq-06/frame-000094.color.png,-0.14928772,-0.50929695,0.43889791,0.925060064,-0.106785913,0.3200822,0.174378988,0.08281537145376205,-0.3648113012313843,0.40632331371307373,0.9529629349708557,-0.10313897579908371,0.25824621319770813,0.12055239826440811
redkitchen,test,seq-06,redkitchen/seq-06/frame-000095.color.png,-0.13822605,-0.51027942,0.44683996,0.924288319,-0.106042797,0.322734545,0.174035748,0.05716480314731598,-0.3664398193359375,0.4078384339809418,0.9550883769989014,-0.10889837890863419,0.24804645776748657,0.12008440494537354
redkitchen,test,seq-06,redkitchen/seq-06/frame-000096.color.png,-0.12454488,-0.51485693,0.45274186,0.92401252,-0.106978893,0.324157705,0.172273507,0.04533260315656662,-0.35597366094589233,0.38256388902664185,0.9548158049583435,-0.109229676425457,0.24955424666404724,0.11882011592388153
redkitchen,test,seq-06,redkitchen/seq-06/frame-000097.color.png,-0.10852607,-0.51480877,0.45559332,0.924736315,-0.105426053,0.323881742,0.169849085,0.06105252355337143,-0.3478608727455139,0.39157208800315857,0.9547252655029297,-0.10936480760574341,0.2517199218273163,0.11478691548109055
redkitchen,test,seq-06,redkitchen/seq-06/frame-000098.color.png,-0.096599996,-0.51740998,0.46183088,0.92506774,-0.104623211,0.324504907,0.167332677,0.025517089292407036,-0.35145270824432373,0.4138123393058777,0.9542248249053955,-0.10238957405090332,0.25549012422561646,0.11703111976385117
redkitchen,test,seq-06,redkitchen/seq-06/frame-000099.color.png,-0.08020182,-0.51650602,0.46351558,0.92622285,-0.103441395,0.323749864,0.16308628,0.05659656226634979,-0.36090904474258423,0.4284282922744751,0.9511567950248718,-0.10288094729185104,0.266004353761673,0.11814387887716293
redkitchen,test,seq-06,redkitchen/seq-06/frame-000100.color.png,-0.065150395,-0.51692015,0.46731755,0.926896945,-0.102012979,0.323658613,0.160313779,0.052729688584804535,-0.3614441156387329,0.41869789361953735,0.9512801766395569,-0.10549755394458771,0.2639390528202057,0.11946764588356018
redkitchen,test,seq-06,redkitchen/seq-06/frame-000101.color.png,-0.050631575,-0.51625347,0.47014034,0.927821382,-0.100555786,0.322806782,0.157581083,0.08016649633646011,-0.3705015182495117,0.41008231043815613,0.9474117755889893,-0.09759057313203812,0.27875810861587524,0.1232105940580368
redkitchen,test,seq-06,redkitchen/seq-06/frame-000102.color.png,-0.036763608,-0.51620638,0.47325367,0.928527694,-0.100144518,0.322606386,0.154053618,0.14446040987968445,-0.38376855850219727,0.4114892780780792,0.9465929865837097,-0.09358228743076324,0.28378844261169434,0.12111248821020126
redkitchen,test,seq-06,redkitchen/seq-06/frame-000103.color.png,-0.004636359,-0.51817816,0.47653458,0.929804092,-0.100876234,0.322608583,0.145643531,0.250164657831192,-0.39422887563705444,0.48438385128974915,0.9440097808837891,-0.09189419448375702,0.2950926721096039,0.11541765183210373
redkitchen,test,seq-06,redkitchen/seq-06/frame-000104.color.png,0.011364223,-0.52054405,0.47717097,0.930079908,-0.101285879,0.322710863,0.143353531,0.266951322555542,-0.38368111848831177,0.45027071237564087,0.9449926018714905,-0.09000930190086365,0.2915063500404358,0.11794669926166534
redkitchen,test,seq-06,redkitchen/seq-06/frame-000105.color.png,0.0283658,-0.52478206,0.47605193,0.93070112,-0.100346288,0.322654457,0.14007194,0.24509425461292267,-0.3766639828681946,0.41918104887008667,0.944886326789856,-0.09863786399364471,0.288786917924881,0.11858546733856201
redkitchen,test,seq-06,redkitchen/seq-06/frame-000106.color.png,0.042128753,-0.52532047,0.47643721,0.931567362,-0.096647518,0.322570277,0.137076344,0.24572403728961945,-0.340994656085968,0.3554922938346863,0.9510892033576965,-0.08770465105772018,0.27125832438468933,0.1189797893166542
redkitchen,test,seq-06,redkitchen/seq-06/frame-000107.color.png,0.05652646,-0.52526772,0.47539446,0.932753033,-0.092850023,0.321468078,0.134197344,0.32875654101371765,-0.36567407846450806,0.3681473731994629,0.9523492455482483,-0.07804639637470245,0.2724919617176056,0.11264017969369888
redkitchen,test,seq-06,redkitchen/seq-06/frame-000108.color.png,0.070647545,-0.52506042,0.47574839,0.933881594,-0.0906445,0.320831963,0.129288801,0.41246694326400757,-0.3621540665626526,0.3387258052825928,0.9501964449882507,-0.06520902365446091,0.28341034054756165,0.11204052716493607
redkitchen,test,seq-06,redkitchen/seq-06/frame-000109.color.png,0.084832661,-0.52830285,0.47532439,0.93430472,-0.088844277,0.322066249,0.124317,0.44437551498413086,-0.3288204073905945,0.39318037033081055,0.9512734413146973,-0.061690106987953186,0.2823995351791382,0.10734885185956955
redkitchen,test,seq-06,redkitchen/seq-06/frame-000110.color.png,0.10078991,-0.52746701,0.47079539,0.934775424,-0.084153531,0.323683943,0.11975723,0.4361320436000824,-0.33349132537841797,0.4073548913002014,0.9512540698051453,-0.058551546186208725,0.28382524847984314,0.10550165176391602
redkitchen,test,seq-06,redkitchen/seq-06/frame-000111.color.png,0.11343759,-0.5276593,0.47139657,0.935290192,-0.079011629,0.325016363,0.115558572,0.40986964106559753,-0.36214011907577515,0.39570990204811096,0.9546366930007935,-0.04790884628891945,0.27558818459510803,0.10210103541612625
redkitchen,test,seq-06,redkitchen/seq-06/frame-000112.color.png,0.12533784,-0.52528095,0.46903446,0.936766791,-0.074087675,0.323764946,0.110250878,0.42070215940475464,-0.34843796491622925,0.3833823800086975,0.9552546143531799,-0.04147670790553093,0.27478304505348206,0.10130461305379868
redkitchen,test,seq-06,redkitchen/seq-06/frame-000113.color.png,0.14967953,-0.52651715,0.46446127,0.940066043,-0.065973644,0.321071966,0.094000559,0.4460078477859497,-0.3090100884437561,0.4298783540725708,0.9574859738349915,-0.0359371118247509,0.2707948386669159,0.09273291379213333
redkitchen,test,seq-06,redkitchen/seq-06/frame-000114.color.png,0.16035438,-0.52352124,0.46217668,0.941382766,-0.060540501,0.320234503,0.08708156,0.4995884299278259,-0.329193651676178,0.4477004110813141,0.9599741101264954,-0.02563166245818138,0.26419150829315186,0.08941774070262909
redkitchen,test,seq-06,redkitchen/seq-06/frame-000115.color.png,0.16800477,-0.52156717,0.46150452,0.94288673,-0.056118128,0.318213946,0.080964532,0.46023210883140564,-0.33371323347091675,0.4322200119495392,0.9620800018310547,-0.01851903833448887,0.2569082975387573,0.08976224064826965
redkitchen,test,seq-06,redkitchen/seq-06/frame-000116.color.png,0.18092321,-0.5208559,0.45722267,0.944894367,-0.050864432,0.31438194,0.075838258,0.43547192215919495,-0.3187923729419708,0.43761664628982544,0.9620838761329651,-0.013356909155845642,0.25628912448883057,0.09236939251422882
redkitchen,test,seq-06,redkitchen/seq-06/frame-000117.color.png,0.18534265,-0.51798379,0.45891654,0.946648893,-0.045063087,0.311448289,0.069463334,0.40691104531288147,-0.31194061040878296,0.4145963191986084,0.9640229940414429,-0.008105051703751087,0.24698413908481598,0.0979427918791771
redkitchen,test,seq-06,redkitchen/seq-06/frame-000118.color.png,0.194427,-0.521366,0.45934138,0.948330675,-0.041426338,0.308131463,0.063307113,0.40536075830459595,-0.3145366311073303,0.44590994715690613,0.9636811017990112,-0.009907722473144531,0.25173336267471313,0.08860546350479126
redkitchen,test,seq-06,redkitchen/seq-06/frame-000119.color.png,0.20229779,-0.52347463,0.45989645,0.94979497,-0.037202193,0.305400337,0.056887127,0.43087857961654663,-0.32180285453796387,0.47201570868492126,0.9674763679504395,-0.009204110130667686,0.24088387191295624,0.07667993754148483
redkitchen,test,seq-06,redkitchen/seq-06/frame-000120.color.png,0.20934439,-0.5264895,0.46002769,0.951341758,-0.032108761,0.302212373,0.050848498,0.43632856011390686,-0.334560751914978,0.46895337104797363,0.9693780541419983,-0.008438192307949066,0.23257671296596527,0.07837685197591782
redkitchen,test,seq-06,redkitchen/seq-06/frame-000121.color.png,0.21950786,-0.52511698,0.45580181,0.953356739,-0.026315091,0.297268799,0.045273669,0.4396061301231384,-0.3485928177833557,0.5095936059951782,0.9708709716796875,-0.00743612926453352,0.22811052203178406,0.07293803244829178
redkitchen,test,seq-06,redkitchen/seq-06/frame-000122.color.png,0.23444369,-0.52741063,0.45158246,0.956769035,-0.015771186,0.288499175,0.033354311,0.4291614592075348,-0.3464861512184143,0.5636239647865295,0.9748494625091553,-0.0016236958326771855,0.21552416682243347,0.05670492723584175
redkitchen,test,seq-06,redkitchen/seq-06/frame-000123.color.png,0.24205334,-0.52517539,0.44858605,0.958400611,-0.009166045,0.283820469,0.028813092,0.4883045256137848,-0.3546525835990906,0.5677623152732849,0.975735604763031,0.00170132948551327,0.21235735714435577,0.0533057376742363
redkitchen,test,seq-06,redkitchen/seq-06/frame-000124.color.png,0.24865586,-0.52464134,0.44544512,0.960233435,-0.003316865,0.278232823,0.02296182,0.4191981554031372,-0.3606860637664795,0.6224589943885803,0.9783298969268799,0.0006314198835752904,0.20139192044734955,0.04807737469673157
redkitchen,test,seq-06,redkitchen/seq-06/frame-000125.color.png,0.25479412,-0.52256912,0.44247019,0.96229897,0.003077603,0.271437643,0.017112184,0.44654491543769836,-0.3667725920677185,0.6144854426383972,0.9805241227149963,0.004088498651981354,0.1897827535867691,0.050381485372781754
redkitchen,test,seq-06,redkitchen/seq-06/frame-000126.color.png,0.26112622,-0.52132744,0.43776882,0.964549722,0.008732824,0.263515559,0.011274796,0.41300344467163086,-0.3974974751472473,0.6381524205207825,0.9848251342773438,0.0010679789120331407,0.16878722608089447,0.04036267101764679
redkitchen,test,seq-06,redkitchen/seq-06/frame-000127.color.png,0.26969022,-0.52311629,0.43111911,0.968139065,0.019451058,0.249652864,0.001362129,0.41772592067718506,-0.39210253953933716,0.6058130860328674,0.9818130731582642,-0.0012605672236531973,0.18517090380191803,0.04187225177884102
redkitchen,test,seq-06,redkitchen/seq-06/frame-000128.color.png,0.26593909,-0.52551782,0.43343294,0.969048724,0.023862222,0.245698963,-0.002680247,0.44887933135032654,-0.3850194215774536,0.5773874521255493,0.9824851155281067,0.0050832172855734825,0.18255548179149628,0.03702297434210777
redkitchen,test,seq-06,redkitchen/seq-06/frame-000129.color.png,0.26590177,-0.52451324,0.43159524,0.970338622,0.027944124,0.24002845,-0.006959003,0.4736861288547516,-0.3817623257637024,0.5927340388298035,0.9816417694091797,0.009666788391768932,0.1872217059135437,0.035128120332956314
redkitchen,test,seq-06,redkitchen/seq-06/frame-000130.color.png,0.26723087,-0.52246815,0.42983025,0.971707104,0.031109734,0.23384141,-0.011648299,0.515648365020752,-0.4012377858161926,0.6050363779067993,0.9852012991905212,0.01491004228591919,0.16882281005382538,0.02559436671435833
redkitchen,test,seq-06,redkitchen/seq-06/frame-000131.color.png,0.27013734,-0.52066016,0.42547974,0.974148045,0.034902567,0.221967005,-0.023410396,0.4842948019504547,-0.410797119140625,0.5532095432281494,0.9861122369766235,0.017289943993091583,0.16428157687187195,0.017185987904667854
redkitchen,test,seq-06,redkitchen/seq-06/frame-000132.color.png,0.26664364,-0.52253532,0.42687622,0.974856482,0.035282429,0.218150531,-0.028641488,0.468754380941391,-0.42231667041778564,0.5949995517730713,0.9868966341018677,0.02522321231663227,0.1587282121181488,0.014289592392742634
redkitchen,test,seq-06,redkitchen/seq-06/frame-000133.color.png,0.26629633,-0.52170753,0.42613357,0.975531306,0.035759686,0.214354491,-0.033347689,0.3965790271759033,-0.4343470335006714,0.6035990715026855,0.98698890209198,0.026814144104719162,0.1583016961812973,0.008631069213151932
redkitchen,test,seq-06,redkitchen/seq-06/frame-000134.color.png,0.26314634,-0.52156407,0.42326355,0.976848935,0.036988663,0.206802186,-0.040383827,0.44029825925827026,-0.4514307379722595,0.7038403749465942,0.9887966513633728,0.023996489122509956,0.14731453359127045,0.0019482924835756421
redkitchen,test,seq-06,redkitchen/seq-06/frame-000135.color.png,0.25839251,-0.51960278,0.42326319,0.977415511,0.039608455,0.203002626,-0.043359224,0.49163734912872314,-0.4380888342857361,0.7367827892303467,0.9916125535964966,0.022859938442707062,0.12708653509616852,-0.005570005625486374
redkitchen,test,seq-06,redkitchen/seq-06/frame-000136.color.png,0.25255513,-0.51703203,0.42430162,0.978197659,0.041008618,0.198064436,-0.047096846,0.4795157015323639,-0.4286089539527893,0.7328952550888062,0.9903246760368347,0.023500900715589523,0.13614335656166077,-0.01303232554346323
redkitchen,test,seq-06,redkitchen/seq-06/frame-000137.color.png,0.24750897,-0.51534176,0.4219296,0.980152791,0.042139521,0.18563545,-0.055355636,0.44418489933013916,-0.4343920350074768,0.7591940760612488,0.9917506575584412,0.032793305814266205,0.12177827209234238,-0.022917114198207855
redkitchen,test,seq-06,redkitchen/seq-06/frame-000138.color.png,0.23988856,-0.51604605,0.42266816,0.980421742,0.042353223,0.182665595,-0.060105679,0.3885558843612671,-0.4676281809806824,0.7318525314331055,0.99250727891922,0.02302926406264305,0.11679207533597946,-0.027540825307369232
redkitchen,test,seq-06,redkitchen/seq-06/frame-000139.color.png,0.23236232,-0.51412791,0.42306998,0.980652839,0.041564323,0.179858238,-0.065141625,0.41105908155441284,-0.4609827995300293,0.7020447254180908,0.9920694231987,0.022373827174305916,0.12073149532079697,-0.02686076983809471
redkitchen,test,seq-06,redkitchen/seq-06/frame-000140.color.png,0.22448315,-0.51381928,0.42233151,0.981055134,0.039668994,0.176268076,-0.069905367,0.4178470969200134,-0.4422701597213745,0.756531834602356,0.9928186535835266,0.02706904709339142,0.10879984498023987,-0.04172490909695625
redkitchen,test,seq-06,redkitchen/seq-06/frame-000141.color.png,0.21052209,-0.51463783,0.42033169,0.981960712,0.039555593,0.167206585,-0.078933351,0.44734659790992737,-0.4074161648750305,0.8184149265289307,0.9930214285850525,0.035257622599601746,0.0996805727481842,-0.05224175378680229
redkitchen,test,seq-06,redkitchen/seq-06/frame-000142.color.png,0.20127502,-0.51506197,0.42144242,0.982277168,0.040547888,0.163815001,-0.081560275,0.4032498598098755,-0.3790944814682007,0.8166276216506958,0.9934589862823486,0.03565596789121628,0.0959152802824974,-0.05067669227719307
redkitchen,test,seq-06,redkitchen/seq-06/frame-000143.color.png,0.19118991,-0.51493639,0.42177179,0.982587233,0.041614136,0.160626105,-0.083605303,0.34793248772621155,-0.3826831579208374,0.7867364287376404,0.9933029413223267,0.037141431123018265,0.0959559753537178,-0.05255696922540665
redkitchen,test,seq-06,redkitchen/seq-06/frame-000144.color.png,0.18158412,-0.51400727,0.42254019,0.982903287,0.042599489,0.157053428,-0.086143098,0.3174811601638794,-0.39036089181900024,0.7905864119529724,0.9939331412315369,0.045058391988277435,0.08117997646331787,-0.05896133556962013
redkitchen,test,seq-06,redkitchen/seq-06/frame-000145.color.png,0.1730811,-0.51267773,0.42255569,0.983331726,0.043677533,0.152984749,-0.088015094,0.28632843494415283,-0.4053140878677368,0.792059600353241,0.9931713342666626,0.045278605073690414,0.08540324121713638,-0.06532074511051178
redkitchen,test,seq-06,redkitchen/seq-06/frame-000146.color.png,0.15589137,-0.51221567,0.42237318,0.983786025,0.045773004,0.147081222,-0.091853166,0.32152506709098816,-0.4033544659614563,0.7976789474487305,0.9926126599311829,0.052708402276039124,0.08818791806697845,-0.06453493982553482
redkitchen,test,seq-06,redkitchen/seq-06/frame-000147.color.png,0.14568518,-0.51210201,0.42247576,0.984039472,0.046660652,0.144071699,-0.093447566,0.3186783790588379,-0.4012448191642761,0.8022884726524353,0.9929067492485046,0.05449680984020233,0.08157314360141754,-0.06717272847890854
redkitchen,test,seq-06,redkitchen/seq-06/frame-000148.color.png,0.13449322,-0.51117569,0.42266941,0.984073233,0.047908277,0.141685459,-0.096072372,0.29357174038887024,-0.3960615396499634,0.7813551425933838,0.9929333925247192,0.05741589516401291,0.07390967756509781,-0.07296676933765411
redkitchen,test,seq-06,redkitchen/seq-06/frame-000149.color.png,0.1269487,-0.51002759,0.4221243,0.984080509,0.048949574,0.139445013,-0.098714639,0.33463254570961,-0.38105982542037964,0.7934059500694275,0.992641270160675,0.05815257504582405,0.06778259575366974,-0.08177432417869568
redkitchen,test,seq-06,redkitchen/seq-06/frame-000150.color.png,0.11692592,-0.50922966,0.42206651,0.984168936,0.05012163,0.137339726,-0.10018546,0.27310964465141296,-0.3959302306175232,0.7840216755867004,0.9916010499000549,0.05077383294701576,0.06913295388221741,-0.0967993512749672
redkitchen,test,seq-06,redkitchen/seq-06/frame-000151.color.png,0.10017692,-0.50426459,0.41990909,0.984302947,0.05190485,0.133205249,-0.103488918,0.30987533926963806,-0.3738158941268921,0.7336617112159729,0.9910069704055786,0.043936602771282196,0.048852089792490005,-0.11656884104013443
redkitchen,test,seq-06,redkitchen/seq-06/frame-000152.color.png,0.089143701,-0.50190264,0.41946074,0.984391359,0.052162028,0.131341449,-0.10489137,0.2795318067073822,-0.3952927589416504,0.731060266494751,0.9907540678977966,0.05113454535603523,0.05385832116007805,-0.11353812366724014
redkitchen,test,seq-06,redkitchen/seq-06/frame-000153.color.png,0.078421719,-0.50089687,0.41847605,0.984549275,0.052239521,0.129651699,-0.105471293,0.24464671313762665,-0.35988718271255493,0.6793460845947266,0.9907698631286621,0.04992327466607094,0.04753503575921059,-0.11671871691942215
redkitchen,test,seq-06,redkitchen/seq-06/frame-000154.color.png,0.070665903,-0.49839398,0.41684216,0.98440472,0.052582972,0.128134983,-0.108461073,0.2530110478401184,-0.3511648178100586,0.6814048886299133,0.9916619658470154,0.049098577350378036,0.030006373301148415,-0.11530576646327972
redkitchen,test,seq-06,redkitchen/seq-06/frame-000155.color.png,0.056551903,-0.49638194,0.4166894,0.984414909,0.052584456,0.126686117,-0.110058124,0.22506548464298248,-0.3598076105117798,0.691973865032196,0.9912384152412415,0.04202550649642944,0.04273676499724388,-0.11770221590995789
redkitchen,test,seq-06,redkitchen/seq-06/frame-000156.color.png,0.049486093,-0.49621111,0.41513202,0.984251072,0.051698828,0.125249806,-0.113532135,0.24949075281620026,-0.3527480363845825,0.6558549404144287,0.9888752698898315,0.043526776134967804,0.04061678797006607,-0.13631412386894226
redkitchen,test,seq-06,redkitchen/seq-06/frame-000157.color.png,0.024526693,-0.49434254,0.41243708,0.983836034,0.053517051,0.122985223,-0.118647458,0.16933591663837433,-0.39323103427886963,0.6398449540138245,0.988915205001831,0.047413069754838943,0.032630957663059235,-0.13687199354171753
redkitchen,test,seq-06,redkitchen/seq-06/frame-000158.color.png,0.014585571,-0.4908433,0.41045201,0.98387429,0.055637536,0.119808253,-0.120589507,0.18951593339443207,-0.4413437843322754,0.6811661124229431,0.9900494813919067,0.04589712619781494,0.03338317945599556,-0.12876754999160767
redkitchen,test,seq-06,redkitchen/seq-06/frame-000159.color.png,0.001427277,-0.4902361,0.40908527,0.983722589,0.0567864,0.117099006,-0.123907208,0.19334052503108978,-0.42784804105758667,0.7132925987243652,0.9903671741485596,0.05037568137049675,0.031319182366132736,-0.1251171976327896
redkitchen,test,seq-06,redkitchen/seq-06/frame-000160.color.png,-0.011068854,-0.48805779,0.40779188,0.983356147,0.058262597,0.115534863,-0.127545499,0.197886124253273,-0.40476155281066895,0.6955853700637817,0.9894241690635681,0.057529110461473465,0.016137655824422836,-0.1321738213300705
redkitchen,test,seq-06,redkitchen/seq-06/frame-000161.color.png,-0.023547675,-0.48605147,0.40549681,0.983169069,0.058983124,0.112497292,-0.131316155,0.1568431407213211,-0.40250152349472046,0.7330431938171387,0.9894028306007385,0.059543441981077194,0.019193077459931374,-0.13102753460407257
redkitchen,test,seq-06,redkitchen/seq-06/frame-000162.color.png,-0.032780297,-0.48349333,0.40325463,0.98314566,0.05972317,0.108208347,-0.134717138,0.1515776515007019,-0.41572463512420654,0.7342145442962646,0.9879230856895447,0.05843131244182587,0.015720725059509277,-0.14264169335365295
redkitchen,test,seq-06,redkitchen/seq-06/frame-000163.color.png,-0.044325866,-0.48360321,0.40138891,0.982803612,0.059124408,0.104700504,-0.14013982,0.16699187457561493,-0.4356374740600586,0.6958615779876709,0.9878708124160767,0.054267823696136475,0.016124924644827843,-0.1445894092321396
redkitchen,test,seq-06,redkitchen/seq-06/frame-000164.color.png,-0.064050697,-0.48346895,0.3998926,0.982385176,0.059179407,0.101823418,-0.14508327,0.15340431034564972,-0.45496273040771484,0.6999096870422363,0.9886620044708252,0.054282426834106445,0.010845450684428215,-0.13958226144313812
redkitchen,test,seq-06,redkitchen/seq-06/frame-000165.color.png,-0.11427956,-0.48084351,0.39424202,0.9825669,0.062047677,0.090640718,-0.149988778,0.1457812339067459,-0.4355553984642029,0.6651643514633179,0.9893906712532043,0.059400591999292374,-0.0011449840385466814,-0.13257572054862976
redkitchen,test,seq-06,redkitchen/seq-06/frame-000166.color.png,-0.14355841,-0.47818473,0.39357349,0.9828837,0.064329384,0.084477084,-0.150548948,0.12579302489757538,-0.47609448432922363,0.6289417147636414,0.9891601204872131,0.055565573275089264,-0.0055395616218447685,-0.1358083188533783
redkitchen,test,seq-06,redkitchen/seq-06/frame-000167.color.png,-0.15349858,-0.47745037,0.3915996,0.982658775,0.065687312,0.079685931,-0.154003446,0.16263192892074585,-0.4618627429008484,0.5851589441299438,0.9877459406852722,0.058292075991630554,-0.018758218735456467,-0.14355511963367462
redkitchen,test,seq-06,redkitchen/seq-06/frame-000168.color.png,-0.16584846,-0.4755286,0.38967097,0.98235145,0.066519008,0.075499655,-0.157672609,0.20706871151924133,-0.46056389808654785,0.5799248218536377,0.9857461452484131,0.06457477062940598,-0.03501925244927406,-0.15135514736175537
redkitchen,test,seq-06,redkitchen/seq-06/frame-000169.color.png,-0.17732859,-0.47445369,0.38721728,0.981997742,0.067205427,0.07120458,-0.161535669,0.2376001477241516,-0.482067346572876,0.5667508840560913,0.9844488501548767,0.05915644019842148,-0.042557623237371445,-0.15984299778938293
redkitchen,test,seq-06,redkitchen/seq-06/frame-000170.color.png,-0.18578742,-0.47159627,0.38482043,0.981769319,0.06822228,0.065265274,-0.164970204,0.23592133820056915,-0.4695870280265808,0.5733776688575745,0.9834032654762268,0.06366810947656631,-0.04362138733267784,-0.16419978439807892
redkitchen,test,seq-06,redkitchen/seq-06/frame-000171.color.png,-0.19384533,-0.46956971,0.38132164,0.981197817,0.069059126,0.059520438,-0.170114663,0.2900703549385071,-0.46840155124664307,0.5561627745628357,0.9822594523429871,0.06547588109970093,-0.06013749539852142,-0.1651146560907364
redkitchen,test,seq-06,redkitchen/seq-06/frame-000172.color.png,-0.20640288,-0.46706855,0.37805498,0.980743329,0.069916835,0.05517863,-0.173808741,0.2778124213218689,-0.45863115787506104,0.5693308711051941,0.9817254543304443,0.06339661777019501,-0.05516042560338974,-0.17074362933635712
redkitchen,test,seq-06,redkitchen/seq-06/frame-000173.color.png,-0.22653648,-0.46313268,0.37084022,0.98001796,0.070527884,0.045254892,-0.180395704,0.20217584073543549,-0.41927146911621094,0.5038772821426392,0.9821730852127075,0.06407640129327774,-0.06542026996612549,-0.16416597366333008
redkitchen,test,seq-06,redkitchen/seq-06/frame-000174.color.png,-0.23894311,-0.46213469,0.36650532,0.979342915,0.070671338,0.041372953,-0.184881845,0.18738576769828796,-0.40780067443847656,0.5379523038864136,0.9809474945068359,0.07164166867733002,-0.06854504346847534,-0.16706600785255432
redkitchen,test,seq-06,redkitchen/seq-06/frame-000175.color.png,-0.25024509,-0.46121711,0.36156574,0.978357393,0.071215023,0.037374549,-0.190652499,0.1805092990398407,-0.4364470839500427,0.5182337164878845,0.9799441695213318,0.07559623569250107,-0.06831639260053635,-0.17125286161899567
redkitchen,test,seq-06,redkitchen/seq-06/frame-000176.color.png,-0.25723866,-0.45704329,0.3576453,0.977564457,0.072811152,0.032309194,-0.194993294,0.16236330568790436,-0.43576598167419434,0.5455447435379028,0.9804600477218628,0.08057335764169693,-0.06083188205957413,-0.16883575916290283
redkitchen,test,seq-06,redkitchen/seq-06/frame-000177.color.png,-0.266469,-0.45657608,0.3527056,0.976644746,0.073909601,0.025836751,-0.200087162,0.15681788325309753,-0.4429912567138672,0.5248270630836487,0.9817121624946594,0.07091521471738815,-0.06083499640226364,-0.16586513817310333
redkitchen,test,seq-06,redkitchen/seq-06/frame-000178.color.png,-0.27443555,-0.45171934,0.34923953,0.976141084,0.075989137,0.019114531,-0.202506469,0.1237940713763237,-0.45803964138031006,0.5051905512809753,0.9784400463104248,0.0774598941206932,-0.0806637555360794,-0.17363308370113373
redkitchen,test,seq-06,redkitchen/seq-06/frame-000179.color.png,-0.28776079,-0.44853336,0.34413388,0.975456043,0.075962263,0.015342614,-0.206106398,0.1212024912238121,-0.4505159854888916,0.5020731091499329,0.9775238037109375,0.08070535957813263,-0.08765353262424469,-0.1739274561405182
redkitchen,test,seq-06,redkitchen/seq-06/frame-000180.color.png,-0.30890247,-0.44363955,0.3386696,0.975059873,0.076119456,0.014837311,-0.207951739,0.13828162848949432,-0.44385474920272827,0.48980024456977844,0.9759185314178467,0.08155561983585358,-0.09364840388298035,-0.1793370395898819
redkitchen,test,seq-06,redkitchen/seq-06/frame-000181.color.png,-0.31427902,-0.43905509,0.33484131,0.97516403,0.077026998,0.010647856,-0.207385101,0.14223597943782806,-0.46197980642318726,0.5547046065330505,0.9758719801902771,0.08334282785654068,-0.07875195145606995,-0.18581156432628632
redkitchen,test,seq-06,redkitchen/seq-06/frame-000182.color.png,-0.32422701,-0.43559101,0.3305366,0.974981513,0.07856767,0.003726013,-0.207904516,-0.011728258803486824,-0.46478360891342163,0.5225751399993896,0.9755258560180664,0.07969271391630173,-0.07580570131540298,-0.1903991550207138
redkitchen,test,seq-06,redkitchen/seq-06/frame-000183.color.png,-0.33511996,-0.4316549,0.32593435,0.97471726,0.080774348,-0.004439999,-0.208283589,-0.06326323747634888,-0.44677358865737915,0.4675125479698181,0.9761099815368652,0.07659975439310074,-0.07321088761091232,-0.18968898057937622
redkitchen,test,seq-06,redkitchen/seq-06/frame-000184.color.png,-0.35551336,-0.42490914,0.31646958,0.974315343,0.082599366,-0.013723906,-0.209042127,-0.04515664279460907,-0.4543265700340271,0.4234578013420105,0.9756006598472595,0.07740859687328339,-0.08287747204303741,-0.1879962980747223
redkitchen,test,seq-06,redkitchen/seq-06/frame-000185.color.png,-0.37119418,-0.4207744,0.31173414,0.9739305,0.082715054,-0.016549093,-0.210579505,-0.05610199272632599,-0.4803570508956909,0.44035303592681885,0.9764147996902466,0.07190783321857452,-0.08328240364789963,-0.18576189875602722
redkitchen,test,seq-06,redkitchen/seq-06/frame-000186.color.png,-0.38337299,-0.41676942,0.30773976,0.973501646,0.083123618,-0.021120999,-0.211988002,-0.02559639699757099,-0.515744686126709,0.41714614629745483,0.9751836061477661,0.06997734308242798,-0.09973905235528946,-0.18485747277736664
redkitchen,test,seq-06,redkitchen/seq-06/frame-000187.color.png,-0.39233086,-0.41488904,0.30332673,0.973353379,0.082798972,-0.026110627,-0.212239875,0.010717881843447685,-0.519079327583313,0.4337214231491089,0.9744632244110107,0.07351622730493546,-0.10608844459056854,-0.18374446034431458
redkitchen,test,seq-06,redkitchen/seq-06/frame-000188.color.png,-0.40050325,-0.41181359,0.29960448,0.973201726,0.0831576,-0.030252863,-0.212245088,-0.049899257719516754,-0.5453290343284607,0.44908466935157776,0.9754621982574463,0.06852874904870987,-0.09594012796878815,-0.18593774735927582
redkitchen,test,seq-06,redkitchen/seq-06/frame-000189.color.png,-0.41214055,-0.40991536,0.29560632,0.9718077,0.083524695,-0.034336631,-0.217794432,-0.04974943399429321,-0.5405624508857727,0.455134779214859,0.9743928909301758,0.07035303115844727,-0.09174872934818268,-0.19284982979297638
redkitchen,test,seq-06,redkitchen/seq-06/frame-000190.color.png,-0.42998222,-0.40532771,0.29011616,0.970050194,0.086119442,-0.044466112,-0.222730392,-0.20123431086540222,-0.5166203379631042,0.5570763349533081,0.9745596051216125,0.07141263037919998,-0.08431190252304077,-0.19500072300434113
redkitchen,test,seq-06,redkitchen/seq-06/frame-000191.color.png,-0.43912107,-0.40278617,0.2884478,0.968784514,0.087283604,-0.050770519,-0.226407799,-0.26498669385910034,-0.4809383749961853,0.6677278280258179,0.9761267900466919,0.08512257784605026,-0.07098224014043808,-0.18679457902908325
redkitchen,test,seq-06,redkitchen/seq-06/frame-000192.color.png,-0.4456794,-0.39821571,0.28661716,0.967382295,0.087713215,-0.058290974,-0.23039108,-0.3261948525905609,-0.46067678928375244,0.5396553874015808,0.9743399620056152,0.08559048920869827,-0.059722546488046646,-0.19942189753055573
redkitchen,test,seq-06,redkitchen/seq-06/frame-000193.color.png,-0.45879605,-0.39866343,0.2834276,0.966316082,0.086277384,-0.06291098,-0.234161591,-0.3864379823207855,-0.4954458475112915,0.44800227880477905,0.9739596843719482,0.07668161392211914,-0.06323768198490143,-0.20377299189567566
redkitchen,test,seq-06,redkitchen/seq-06/frame-000194.color.png,-0.47259647,-0.39590475,0.28070608,0.964592707,0.088254482,-0.070675722,-0.238279244,-0.5141854286193848,-0.4104383587837219,0.43289849162101746,0.9723859429359436,0.08256686478853226,-0.05191327631473541,-0.2120218724012375
redkitchen,test,seq-06,redkitchen/seq-06/frame-000195.color.png,-0.48109764,-0.39234498,0.27934289,0.963503126,0.090104302,-0.078947452,-0.239395574,-0.4510146677494049,-0.3336549997329712,0.4557422995567322,0.9562174081802368,0.10618896782398224,-0.0815536305308342,-0.26023322343826294
redkitchen,test,seq-06,redkitchen/seq-06/frame-000196.color.png,-0.4870941,-0.38839781,0.2793318,0.962227172,0.091002761,-0.088187791,-0.240957011,-0.5272811055183411,-0.341971218585968,0.4432727098464966,0.9626914262771606,0.0887848511338234,-0.072691410779953,-0.2450682371854782
redkitchen,test,seq-06,redkitchen/seq-06/frame-000197.color.png,-0.49910772,-0.38644916,0.27830735,0.960725589,0.091179491,-0.09318018,-0.244969584,-0.48739075660705566,-0.37819337844848633,0.4607548117637634,0.965285062789917,0.07853497564792633,-0.08530701696872711,-0.23405075073242188
redkitchen,test,seq-06,redkitchen/seq-06/frame-000198.color.png,-0.50678855,-0.38322997,0.27775162,0.959793148,0.09059398,-0.096623532,-0.247494923,-0.47213664650917053,-0.3437509536743164,0.44723522663116455,0.9604628086090088,0.07906868308782578,-0.11014080792665482,-0.24316328763961792
redkitchen,test,seq-06,redkitchen/seq-06/frame-000199.color.png,-0.51636451,-0.38003424,0.27704555,0.958977826,0.089624248,-0.101680562,-0.248978084,-0.5006524920463562,-0.31840789318084717,0.42618730664253235,0.9598793983459473,0.07775624841451645,-0.09657717496156693,-0.25151216983795166
redkitchen,test,seq-06,redkitchen/seq-06/frame-000200.color.png,-0.53263092,-0.37818,0.27427775,0.956415808,0.088819792,-0.113507451,-0.253960442,-0.4475887417793274,-0.30678319931030273,0.4717077314853668,0.9503129124641418,0.09329354763031006,-0.14339417219161987,-0.2600766718387604
redkitchen,test,seq-06,redkitchen/seq-06/frame-000201.color.png,-0.54188561,-0.37646565,0.27255431,0.955681459,0.089303832,-0.118103847,-0.25445875,-0.39287877082824707,-0.32430773973464966,0.49073106050491333,0.9486991763114929,0.0944603830575943,-0.1621542125940323,-0.2544664442539215
redkitchen,test,seq-06,redkitchen/seq-06/frame-000202.color.png,-0.55144447,-0.37250271,0.26975641,0.955357026,0.090240393,-0.121948846,-0.253531266,-0.3694126605987549,-0.3326835036277771,0.4792335033416748,0.9440962672233582,0.09812478721141815,-0.16227349638938904,-0.26966845989227295
redkitchen,test,seq-06,redkitchen/seq-06/frame-000203.color.png,-0.55957526,-0.36830473,0.26728731,0.954727196,0.090508122,-0.126121777,-0.25376674,-0.31707635521888733,-0.35934877395629883,0.48233523964881897,0.9422723650932312,0.09670063853263855,-0.17105476558208466,-0.27113083004951477
redkitchen,test,seq-06,redkitchen/seq-06/frame-000204.color.png,-0.5683766,-0.36373404,0.26448816,0.954070215,0.090238132,-0.128307079,-0.255234007,-0.3730558753013611,-0.3420306444168091,0.4785228371620178,0.9450546503067017,0.09480996429920197,-0.17324411869049072,-0.2605172097682953
redkitchen,test,seq-06,redkitchen/seq-06/frame-000205.color.png,-0.58676654,-0.3572894,0.25834268,0.954210084,0.088076013,-0.132958915,-0.253076387,-0.37705138325691223,-0.31071603298187256,0.440862774848938,0.9447810649871826,0.0917857363820076,-0.18315812945365906,-0.25576773285865784
redkitchen,test,seq-06,redkitchen/seq-06/frame-000206.color.png,-0.59524614,-0.35497358,0.25540426,0.954765532,0.086999864,-0.135735504,-0.249859312,-0.3560931086540222,-0.31911081075668335,0.46460720896720886,0.9446362853050232,0.09678837656974792,-0.18544861674308777,-0.2527904510498047
redkitchen,test,seq-06,redkitchen/seq-06/frame-000207.color.png,-0.60433131,-0.35127127,0.25154474,0.955258056,0.087036968,-0.138327594,-0.246519958,-0.36973094940185547,-0.31912052631378174,0.45967721939086914,0.9410384297370911,0.09667730331420898,-0.20027074217796326,-0.2549349069595337
redkitchen,test,seq-06,redkitchen/seq-06/frame-000208.color.png,-0.61287951,-0.34589183,0.2482627,0.95570704,0.087547548,-0.141411846,-0.242821272,-0.4553835093975067,-0.30542075634002686,0.4092416763305664,0.9468031525611877,0.08638785034418106,-0.18303126096725464,-0.2502008378505707
redkitchen,test,seq-06,redkitchen/seq-06/frame-000209.color.png,-0.63183618,-0.33723813,0.23923025,0.955367483,0.086511878,-0.145352414,-0.242201037,-0.4026954472064972,-0.28486117720603943,0.42155978083610535,0.9428104162216187,0.08678356558084488,-0.20960219204425812,-0.24422112107276917
redkitchen,test,seq-06,redkitchen/seq-06/frame-000210.color.png,-0.642874,-0.33316955,0.2330772,0.955722796,0.084896543,-0.144294226,-0.242003494,-0.4438963234424591,-0.24061696231365204,0.40293624997138977,0.9414823651313782,0.08202379196882248,-0.21157024800777435,-0.2492409199476242
redkitchen,test,seq-06,redkitchen/seq-06/frame-000211.color.png,-0.65062982,-0.32753634,0.22917594,0.956158197,0.083728421,-0.144663102,-0.240465468,-0.5323013067245483,-0.2391831874847412,0.35583412647247314,0.9469975829124451,0.06842885166406631,-0.19587020576000214,-0.24525077641010284
redkitchen,test,seq-06,redkitchen/seq-06/frame-000212.color.png,-0.65915436,-0.32309914,0.2253529,0.955955896,0.082740771,-0.14742686,-0.239932513,-0.5838800072669983,-0.22427678108215332,0.3709352910518646,0.9465715289115906,0.07311931997537613,-0.202550008893013,-0.2400614470243454
redkitchen,test,seq-06,redkitchen/seq-06/frame-000213.color.png,-0.66642505,-0.32032448,0.21921204,0.955549979,0.081850007,-0.150862777,-0.239719077,-0.6500113010406494,-0.19489294290542603,0.3642127215862274,0.9473780393600464,0.0742337703704834,-0.19335602223873138,-0.24408532679080963
redkitchen,test,seq-06,redkitchen/seq-06/frame-000214.color.png,-0.6722976,-0.31397972,0.21454218,0.955509638,0.081821865,-0.152661329,-0.238748891,-0.6339282393455505,-0.1884133666753769,0.3719426989555359,0.9462410807609558,0.07455074042081833,-0.19966618716716766,-0.24331730604171753
redkitchen,test,seq-06,redkitchen/seq-06/frame-000215.color.png,-0.68089253,-0.30979678,0.20954368,0.955681835,0.080105923,-0.154119706,-0.23770231,-0.7149859666824341,-0.1734357476234436,0.32172176241874695,0.9458924531936646,0.0650358647108078,-0.20135383307933807,-0.24599690735340118
redkitchen,test,seq-06,redkitchen/seq-06/frame-000216.color.png,-0.68872899,-0.30678666,0.20394026,0.95550038,0.077503225,-0.156419372,-0.237792458,-0.6691635251045227,-0.16982337832450867,0.3141847848892212,0.9465321898460388,0.057039327919483185,-0.196128711104393,-0.24971359968185425
redkitchen,test,seq-06,redkitchen/seq-06/frame-000217.color.png,-0.69671905,-0.30072355,0.19882974,0.955258773,0.07597932,-0.157877886,-0.238290562,-0.685258686542511,-0.1723971664905548,0.3149997293949127,0.9476762413978577,0.06030139699578285,-0.19459176063537598,-0.24577933549880981
redkitchen,test,seq-06,redkitchen/seq-06/frame-000218.color.png,-0.70397484,-0.29451776,0.19451822,0.954801479,0.074076136,-0.159843065,-0.23940981,-0.7196283936500549,-0.18968218564987183,0.35661089420318604,0.9472521543502808,0.05689815431833267,-0.2095327228307724,-0.2357371300458908
redkitchen,test,seq-06,redkitchen/seq-06/frame-000219.color.png,-0.71993124,-0.28527498,0.18370956,0.95370334,0.068331257,-0.16380561,-0.242793125,-0.6828418970108032,-0.21455232799053192,0.367648184299469,0.9483620524406433,0.05466429144144058,-0.20991332828998566,-0.23142501711845398
redkitchen,test,seq-06,redkitchen/seq-06/frame-000220.color.png,-0.72743803,-0.2802161,0.17839399,0.953278266,0.065187981,-0.165672158,-0.244056985,-0.7266541719436646,-0.19615329802036285,0.31735000014305115,0.9466626048088074,0.0437823049724102,-0.21034663915634155,-0.24014024436473846
redkitchen,test,seq-06,redkitchen/seq-06/frame-000221.color.png,-0.73364669,-0.27595326,0.17303237,0.952762089,0.062098322,-0.168449167,-0.244975667,-0.819994330406189,-0.1675901561975479,0.29458683729171753,0.9476165771484375,0.045903343707323074,-0.205637589097023,-0.2400602400302887
redkitchen,test,seq-06,redkitchen/seq-06/frame-000222.color.png,-0.738617,-0.2757473,0.16817403,0.951676209,0.058537759,-0.172286889,-0.247392304,-0.8396105766296387,-0.13503065705299377,0.2888020873069763,0.946982741355896,0.04231315851211548,-0.2069319486618042,-0.2421000748872757
redkitchen,test,seq-06,redkitchen/seq-06/frame-000223.color.png,-0.7402373,-0.27447593,0.16294175,0.950174986,0.05664602,-0.176891825,-0.250335788,-0.8801159858703613,-0.1276225447654724,0.28318411111831665,0.9454438090324402,0.044022832065820694,-0.20296698808670044,-0.2510029971599579
redkitchen,test,seq-06,redkitchen/seq-06/frame-000224.color.png,-0.74410427,-0.27019617,0.15650323,0.948571605,0.055555521,-0.180084037,-0.254352577,-0.8467214107513428,-0.1898476481437683,0.3235793709754944,0.9458180665969849,0.03716035187244415,-0.21392594277858734,-0.24141882359981537
redkitchen,test,seq-06,redkitchen/seq-06/frame-000225.color.png,-0.7462815,-0.26865956,0.14986968,0.947536396,0.054080793,-0.182676543,-0.256669686,-0.8740432262420654,-0.15237003564834595,0.30068668723106384,0.9417653679847717,0.0373167023062706,-0.22415153682231903,-0.24787390232086182
redkitchen,test,seq-06,redkitchen/seq-06/frame-000226.color.png,-0.74913573,-0.26608154,0.14329539,0.946730501,0.053279762,-0.185054177,-0.25810381,-0.8987253904342651,-0.14426743984222412,0.2905031740665436,0.9405331611633301,0.037480905652046204,-0.23048189282417297,-0.24671950936317444
redkitchen,test,seq-06,redkitchen/seq-06/frame-000227.color.png,-0.74952006,-0.26330039,0.13712604,0.945171652,0.052916052,-0.189955282,-0.260321783,-0.9943948984146118,-0.09315170347690582,0.26230886578559875,0.939825177192688,0.040662601590156555,-0.21707932651042938,-0.2606752812862396
redkitchen,test,seq-06,redkitchen/seq-06/frame-000228.color.png,-0.74958616,-0.25916559,0.13120532,0.943251208,0.052654704,-0.195099448,-0.26351631,-0.9737984538078308,-0.1275002658367157,0.31652483344078064,0.9356697201728821,0.03494511917233467,-0.23871028423309326,-0.2575235664844513
redkitchen,test,seq-06,redkitchen/seq-06/frame-000229.color.png,-0.75197273,-0.2556676,0.12458718,0.941912802,0.051563528,-0.197908546,-0.266408865,-0.9234144687652588,-0.1615183800458908,0.3534088730812073,0.9348769187927246,0.031155698001384735,-0.2522500157356262,-0.24779905378818512
redkitchen,test,seq-06,redkitchen/seq-06/frame-000230.color.png,-0.7531783,-0.25038719,0.11801468,0.941198183,0.050684412,-0.199638462,-0.267808805,-0.972987949848175,-0.11765879392623901,0.3131009042263031,0.9336615800857544,0.032697588205337524,-0.2509918510913849,-0.2533968985080719
redkitchen,test,seq-06,redkitchen/seq-06/frame-000231.color.png,-0.75227135,-0.24671325,0.11287314,0.940470472,0.049604885,-0.203620633,-0.267569215,-1.029821515083313,-0.059321388602256775,0.25192758440971375,0.936819314956665,0.03619413450360298,-0.23171918094158173,-0.2595491409301758
redkitchen,test,seq-06,redkitchen/seq-06/frame-000232.color.png,-0.74920267,-0.24017912,0.10194821,0.938271578,0.048558023,-0.215321927,-0.26631754,-0.9801203012466431,-0.04649018496274948,0.26692497730255127,0.9331812858581543,0.03670451417565346,-0.2449640929698944,-0.2604190409183502
redkitchen,test,seq-06,redkitchen/seq-06/frame-000233.color.png,-0.74768996,-0.23325686,0.096575603,0.936587973,0.049263636,-0.221699863,-0.266880559,-1.011664628982544,-0.075533926486969,0.30949270725250244,0.9363623261451721,0.029717477038502693,-0.24028858542442322,-0.2541729807853699
redkitchen,test,seq-06,redkitchen/seq-06/frame-000234.color.png,-0.74628496,-0.22635956,0.091546491,0.934897977,0.048947972,-0.2274694,-0.268006607,-0.9810954332351685,-0.13586944341659546,0.31198200583457947,0.935090184211731,0.025286760181188583,-0.24724861979484558,-0.2526559829711914
redkitchen,test,seq-06,redkitchen/seq-06/frame-000235.color.png,-0.74667662,-0.21921225,0.084930062,0.933280889,0.047689049,-0.231006314,-0.270829502,-0.9182849526405334,-0.1697567105293274,0.3672323524951935,0.9331026673316956,0.02181992679834366,-0.2551020681858063,-0.2525198757648468
redkitchen,test,seq-06,redkitchen/seq-06/frame-000236.color.png,-0.74754387,-0.21357732,0.078837059,0.932198023,0.045534338,-0.2337785,-0.272545561,-0.9157282710075378,-0.14004004001617432,0.3255446255207062,0.935655415058136,0.021957596763968468,-0.24801845848560333,-0.2501073479652405
redkitchen,test,seq-06,redkitchen/seq-06/frame-000237.color.png,-0.74365628,-0.21116744,0.074177869,0.930639592,0.042885262,-0.23914918,-0.273639313,-0.9927675127983093,-0.09071469306945801,0.2674596309661865,0.9333881735801697,0.02930106781423092,-0.24749718606472015,-0.2582114040851593
redkitchen,test,seq-06,redkitchen/seq-06/frame-000238.color.png,-0.74000335,-0.20857598,0.070685059,0.9282963,0.04058258,-0.245799805,-0.276046174,-1.0386425256729126,-0.06604386866092682,0.23483002185821533,0.9360179305076599,0.03495346009731293,-0.23206506669521332,-0.26228681206703186
redkitchen,test,seq-06,redkitchen/seq-06/frame-000239.color.png,-0.73720628,-0.20711821,0.066880755,0.926572941,0.038573159,-0.252173419,-0.27637522,-1.012890100479126,-0.059420157223939896,0.21306362748146057,0.9353428483009338,0.03735597804188728,-0.23031307756900787,-0.2658838927745819
redkitchen,test,seq-06,redkitchen/seq-06/frame-000240.color.png,-0.7342543,-0.20187525,0.063230976,0.9253984,0.036888839,-0.258074473,-0.275090133,-1.0096383094787598,-0.0802391916513443,0.24555185437202454,0.9365712404251099,0.02828175760805607,-0.23630015552043915,-0.25728732347488403
redkitchen,test,seq-06,redkitchen/seq-06/frame-000241.color.png,-0.72975302,-0.19720782,0.055749495,0.923164606,0.031362151,-0.268813809,-0.272988391,-0.9759302139282227,-0.08266065269708633,0.2788335978984833,0.9368536472320557,0.019748147577047348,-0.24297042191028595,-0.25076019763946533
redkitchen,test,seq-06,redkitchen/seq-06/frame-000242.color.png,-0.72735852,-0.19254056,0.051856171,0.92205972,0.029951462,-0.274397547,-0.271320416,-1.0445187091827393,-0.07031533867120743,0.2838280200958252,0.9358409643173218,0.017802204936742783,-0.2531664967536926,-0.2445233315229416
redkitchen,test,seq-06,redkitchen/seq-06/frame-000243.color.png,-0.72765201,-0.18872957,0.045482054,0.920434388,0.028770425,-0.279412547,-0.271848171,-1.0446712970733643,-0.06231643632054329,0.2712690234184265,0.93354332447052,0.014982271939516068,-0.2536207437515259,-0.25288125872612
redkitchen,test,seq-06,redkitchen/seq-06/frame-000244.color.png,-0.72872096,-0.1867805,0.038661256,0.919363098,0.027623689,-0.282675733,-0.272218397,-1.0050153732299805,-0.07521013170480728,0.31747016310691833,0.9341480731964111,0.012376483529806137,-0.26428335905075073,-0.23951706290245056
redkitchen,test,seq-06,redkitchen/seq-06/frame-000245.color.png,-0.73029053,-0.1831284,0.030936813,0.919757405,0.027530594,-0.28331967,-0.270219072,-0.9734240174293518,-0.12371675670146942,0.38355493545532227,0.9323383569717407,0.014473355375230312,-0.2751694917678833,-0.2341313511133194
redkitchen,test,seq-06,redkitchen/seq-06/frame-000246.color.png,-0.73482198,-0.17820132,0.022051089,0.920252209,0.028054157,-0.281324167,-0.270565241,-0.9948378801345825,-0.10833142697811127,0.37391752004623413,0.931164026260376,0.014735866338014603,-0.2755984961986542,-0.23824743926525116
redkitchen,test,seq-06,redkitchen/seq-06/frame-000247.color.png,-0.7356354,-0.17252679,0.014838462,0.920366757,0.028525035,-0.279689781,-0.271817919,-1.0138424634933472,-0.09401874244213104,0.35743600130081177,0.9311348795890808,0.014703646302223206,-0.27380043268203735,-0.24042639136314392
redkitchen,test,seq-06,redkitchen/seq-06/frame-000248.color.png,-0.73558062,-0.16999331,0.008225044,0.920717287,0.027998565,-0.278397848,-0.272011756,-0.993999719619751,-0.10514230281114578,0.38614678382873535,0.9317811727523804,0.014203200116753578,-0.2754136323928833,-0.23607058823108673
redkitchen,test,seq-06,redkitchen/seq-06/frame-000249.color.png,-0.7373749,-0.16408376,-0.007284883,0.923128083,0.027415674,-0.273655428,-0.268692445,-0.9864102602005005,-0.09225451201200485,0.35252973437309265,0.9332768321037292,0.017543602734804153,-0.2707180976867676,-0.23536847531795502
redkitchen,test,seq-06,redkitchen/seq-06/frame-000250.color.png,-0.7365334,-0.16244486,-0.012953138,0.92541467,0.028055859,-0.270112823,-0.264309705,-1.0208698511123657,-0.07941766083240509,0.27026382088661194,0.9344578981399536,0.017927294597029686,-0.254074364900589,-0.2488236278295517
redkitchen,test,seq-06,redkitchen/seq-06/frame-000251.color.png,-0.73822457,-0.15652823,-0.021364773,0.929309516,0.028918315,-0.263538005,-0.257090011,-1.0953389406204224,-0.026333775371313095,0.21697178483009338,0.940167248249054,0.018898220732808113,-0.22546391189098358,-0.25474390387535095
redkitchen,test,seq-06,redkitchen/seq-06/frame-000252.color.png,-0.73929429,-0.15524098,-0.029156473,0.934530635,0.028329232,-0.255169885,-0.246451368,-1.0393092632293701,-0.06112371385097504,0.2372647225856781,0.9416486024856567,0.017099518328905106,-0.22441084682941437,-0.2502906322479248
redkitchen,test,seq-06,redkitchen/seq-06/frame-000253.color.png,-0.74455196,-0.14763027,-0.041448515,0.940440809,0.028419697,-0.244977748,-0.233985701,-1.023364543914795,-0.04460587725043297,0.18062737584114075,0.9478895664215088,0.022724762558937073,-0.20740938186645508,-0.2407703697681427
redkitchen,test,seq-06,redkitchen/seq-06/frame-000254.color.png,-0.74808711,-0.14465347,-0.052275706,0.945557389,0.027773885,-0.235696392,-0.222703944,-1.0667269229888916,-0.034399643540382385,0.16799619793891907,0.9496096968650818,0.017231985926628113,-0.20702752470970154,-0.2347000241279602
redkitchen,test,seq-06,redkitchen/seq-06/frame-000255.color.png,-0.75153732,-0.14115396,-0.062013388,0.950330955,0.027406936,-0.226511452,-0.211689627,-1.1131657361984253,-0.01646018773317337,0.12503649294376373,0.9548722505569458,0.0162507314234972,-0.19450895488262177,-0.2238776981830597
redkitchen,test,seq-06,redkitchen/seq-06/frame-000256.color.png,-0.75679368,-0.13505948,-0.072168641,0.955144557,0.026438105,-0.216085495,-0.200765937,-1.1116684675216675,-0.02585161104798317,0.08712636679410934,0.9584233164787292,0.012591369450092316,-0.1869048923254013,-0.21525050699710846
redkitchen,test,seq-06,redkitchen/seq-06/frame-000257.color.png,-0.76300144,-0.13148978,-0.084425874,0.960362923,0.026217649,-0.204310817,-0.187810492,-1.0731885433197021,-0.08703657984733582,0.13272449374198914,0.9594087600708008,-0.0015922808088362217,-0.19206196069717407,-0.20650555193424225
redkitchen,test,seq-06,redkitchen/seq-06/frame-000258.color.png,-0.76902771,-0.1240643,-0.094595499,0.964731796,0.028144122,-0.193521257,-0.176210084,-1.120105504989624,-0.05624240264296532,0.004806853830814362,0.9652929902076721,0.012502698227763176,-0.15799516439437866,-0.20758289098739624
redkitchen,test,seq-06,redkitchen/seq-06/frame-000259.color.png,-0.77443403,-0.11260433,-0.10368609,0.968636271,0.027845569,-0.182787474,-0.166003431,-1.0827317237854004,-0.035668399184942245,-0.0626358762383461,0.9690697193145752,0.012100530788302422,-0.15049734711647034,-0.19521266222000122
redkitchen,test,seq-06,redkitchen/seq-06/frame-000260.color.png,-0.78137696,-0.10820163,-0.11515994,0.973018404,0.025903425,-0.170710791,-0.153042555,-1.0459376573562622,-0.01754055544734001,-0.14592304825782776,0.9794094562530518,0.010916338302195072,-0.10787558555603027,-0.17029595375061035
redkitchen,test,seq-06,redkitchen/seq-06/frame-000261.color.png,-0.80463153,-0.094043963,-0.13418929,0.980104048,0.025004306,-0.146201623,-0.131893615,-1.0327390432357788,-0.017934031784534454,-0.2031709849834442,0.9841717481613159,0.004510868806391954,-0.08855568617582321,-0.1534392386674881
redkitchen,test,seq-06,redkitchen/seq-06/frame-000262.color.png,-0.81630975,-0.087269463,-0.14191487,0.982994518,0.024856191,-0.134406869,-0.122632547,-0.9979221820831299,-0.060315147042274475,-0.220760315656662,0.9877306222915649,0.0016664003487676382,-0.078335702419281,-0.13508892059326172
redkitchen,test,seq-06,redkitchen/seq-06/frame-000263.color.png,-0.82251209,-0.077642657,-0.14663394,0.985110726,0.021740743,-0.126475195,-0.11440377,-0.9228762984275818,-0.07316245883703232,-0.2182072103023529,0.9867852926254272,0.0011012854520231485,-0.07487753033638,-0.14369025826454163
redkitchen,test,seq-06,redkitchen/seq-06/frame-000264.color.png,-0.82872754,-0.077911824,-0.15138052,0.987061145,0.014067179,-0.121575756,-0.103594145,-0.7831352353096008,-0.13710477948188782,-0.1880326271057129,0.9889705181121826,-0.014380600303411484,-0.09895176440477371,-0.10926611721515656
redkitchen,test,seq-06,redkitchen/seq-06/frame-000265.color.png,-0.83622473,-0.082858756,-0.15536049,0.988727021,0.010665477,-0.117213954,-0.092552769,-0.7993541955947876,-0.14423805475234985,-0.17887327075004578,0.993005633354187,-0.018163109198212624,-0.0785704255104065,-0.0862356647849083
redkitchen,test,seq-06,redkitchen/seq-06/frame-000266.color.png,-0.84167755,-0.07784,-0.15710774,0.989938854,0.010019891,-0.111726085,-0.086243544,-0.8681069016456604,-0.06017955020070076,-0.24195432662963867,0.9948367476463318,0.0010881505440920591,-0.06693552434444427,-0.07627774775028229
redkitchen,test,seq-06,redkitchen/seq-06/frame-000267.color.png,-0.85126382,-0.076802485,-0.15872255,0.991431934,0.008019744,-0.103859497,-0.078813755,-0.8845701813697815,-0.08364070951938629,-0.2531301975250244,0.9957811832427979,-0.0064690071158111095,-0.05900758132338524,-0.06997206807136536
redkitchen,test,seq-06,redkitchen/seq-06/frame-000268.color.png,-0.86364245,-0.076685205,-0.16043998,0.992900209,0.006089255,-0.095279162,-0.070950526,-0.9132301211357117,-0.09272021055221558,-0.21047669649124146,0.995978057384491,-0.010699648410081863,-0.05811810865998268,-0.06734690815210342
redkitchen,test,seq-06,redkitchen/seq-06/frame-000269.color.png,-0.87225747,-0.075707696,-0.16038282,0.993853159,0.004252733,-0.089331008,-0.065251692,-0.9431625604629517,-0.04505946859717369,-0.2348010540008545,0.99705970287323,-0.0024527888745069504,-0.05293835699558258,-0.055349260568618774
redkitchen,test,seq-06,redkitchen/seq-06/frame-000270.color.png,-0.88001424,-0.073367298,-0.15939379,0.994868619,0.002096229,-0.082634981,-0.058339501,-0.971352756023407,-0.03843403607606888,-0.21096670627593994,0.9976609945297241,-0.007014990784227848,-0.04832048341631889,-0.04783951863646507
redkitchen,test,seq-06,redkitchen/seq-06/frame-000271.color.png,-0.89264899,-0.075560346,-0.15938492,0.995992896,-0.000787993,-0.074661261,-0.049226273,-0.9287436008453369,-0.06519736349582672,-0.14771324396133423,0.9980446696281433,-0.015141350217163563,-0.04642060771584511,-0.039022259414196014
redkitchen,test,seq-06,redkitchen/seq-06/frame-000272.color.png,-0.90130717,-0.073903702,-0.1585528,0.996814378,-0.002324523,-0.068757948,-0.040348931,-0.936288058757782,-0.044020868837833405,-0.0889413133263588,0.998710036277771,-0.01026099268347025,-0.0388348288834095,-0.031061608344316483
redkitchen,test,seq-06,redkitchen/seq-06/frame-000273.color.png,-0.9143346,-0.076865092,-0.15701152,0.997622928,-0.00623544,-0.061056871,-0.031331639,-0.9813054203987122,-0.0240720696747303,-0.05975896865129471,0.9993124008178711,-0.009304924868047237,-0.027746690437197685,-0.02276323176920414
redkitchen,test,seq-06,redkitchen/seq-06/frame-000274.color.png,-0.92408198,-0.085384779,-0.15365149,0.998314168,-0.009777713,-0.051964887,-0.023934698,-1.019230604171753,-0.025718633085489273,-0.06652788072824478,0.9995061159133911,-0.006932232528924942,-0.02097303792834282,-0.0223525483161211
redkitchen,test,seq-06,redkitchen/seq-06/frame-000275.color.png,-0.93530971,-0.089574836,-0.14999311,0.998883308,-0.011224922,-0.041551943,-0.019482646,-1.0415825843811035,0.00991792231798172,-0.0622234120965004,0.999594509601593,-0.0028542419895529747,-0.019917059689760208,-0.020147724077105522
redkitchen,test,seq-06,redkitchen/seq-06/frame-000276.color.png,-0.94477516,-0.093952395,-0.14556965,0.999309126,-0.011744181,-0.032521615,-0.013626762,-1.0326234102249146,-0.030317358672618866,-0.05779130011796951,0.9994145035743713,-0.013594564981758595,-0.025535251945257187,-0.0182663407176733
redkitchen,test,seq-06,redkitchen/seq-06/frame-000277.color.png,-0.95538139,-0.09797544,-0.1410027,0.999597496,-0.011812572,-0.024780325,-0.00715853,-1.0440706014633179,-0.02736472338438034,-0.06948796659708023,0.9997804164886475,-0.011962495744228363,-0.011748723685741425,-0.012569221667945385
redkitchen,test,seq-06,redkitchen/seq-06/frame-000278.color.png,-0.96551877,-0.10629249,-0.13446222,0.999762663,-0.011981928,-0.018178592,-0.000767842,-1.0156481266021729,-0.04078010097146034,-0.0940617248415947,0.9998683333396912,-0.014785880222916603,-0.0045371088199317455,-0.004907412454485893
redkitchen,test,seq-06,redkitchen/seq-06/frame-000279.color.png,-0.97499025,-0.1103249,-0.12759286,0.999848064,-0.011241909,-0.011518105,0.006693388,-1.1054364442825317,-0.00357954204082489,-0.07424328476190567,0.9999364614486694,-0.011166333220899105,0.0008641918539069593,-0.001295013353228569
redkitchen,test,seq-06,redkitchen/seq-06/frame-000280.color.png,-0.98723656,-0.11874927,-0.1195479,0.999774124,-0.012624194,-0.002172084,0.016959176,-1.0100384950637817,0.012731164693832397,-0.1049463227391243,0.9999391436576843,-0.005541389342397451,0.009469358250498772,0.0011499510146677494
redkitchen,test,seq-06,redkitchen/seq-06/frame-000281.color.png,-0.99731362,-0.12581708,-0.11252611,0.999523928,-0.01227491,0.00819721,0.027093343,-0.9259694218635559,-0.03367483615875244,-0.08697549253702164,0.9998251795768738,-0.012590949423611164,0.011567621491849422,0.007559848949313164
redkitchen,test,seq-06,redkitchen/seq-06/frame-000282.color.png,-1.0125375,-0.13066709,-0.10191587,0.999185215,-0.009627251,0.018419463,0.034596909,-1.0560792684555054,-0.0009229481220245361,-0.07054243236780167,0.9984169602394104,-0.005298419389873743,0.05088086798787117,0.0233805850148201
redkitchen,test,seq-06,redkitchen/seq-06/frame-000283.color.png,-1.0221574,-0.1357906,-0.092488229,0.998895381,-0.008175358,0.024742265,0.039102456,-1.0716934204101562,-0.04204951599240303,-0.048475317656993866,0.9971299171447754,-0.006616105791181326,0.068080373108387,0.03245404362678528
redkitchen,test,seq-06,redkitchen/seq-06/frame-000284.color.png,-1.0327384,-0.13716799,-0.082692802,0.998676586,-0.005406243,0.028201404,0.042667674,-1.1139506101608276,-0.011203132569789886,-0.05850066989660263,0.9961256384849548,-0.00021240560454316437,0.0814245194196701,0.033223725855350494
redkitchen,test,seq-06,redkitchen/seq-06/frame-000285.color.png,-1.0400978,-0.14355668,-0.072416872,0.998409017,-0.004459318,0.031105031,0.046819091,-1.1030913591384888,-0.040921442210674286,-0.06600742787122726,0.9958897829055786,-0.0010752311209216714,0.0839768648147583,0.033916786313056946
redkitchen,test,seq-06,redkitchen/seq-06/frame-000286.color.png,-1.0489657,-0.1511748,-0.060134813,0.998047457,-0.003305957,0.03649984,0.05057772,-1.1329008340835571,-0.07335201650857925,0.006310448050498962,0.9956581592559814,-0.002468407852575183,0.08636008948087692,0.03465135022997856
redkitchen,test,seq-06,redkitchen/seq-06/frame-000287.color.png,-1.0552158,-0.16208272,-0.046995491,0.997583983,-0.002223441,0.042080583,0.055231122,-1.1459624767303467,-0.11127550154924393,0.039887409657239914,0.9952929019927979,-0.0059684524312615395,0.08842504024505615,0.03920997306704521
redkitchen,test,seq-06,redkitchen/seq-06/frame-000288.color.png,-1.0604012,-0.17343506,-0.035089616,0.99704518,-0.000499226,0.047788417,0.060140896,-1.114628791809082,-0.11419890820980072,0.06084158271551132,0.9944348335266113,-0.0038367470260709524,0.09596354514360428,0.04330888018012047
redkitchen,test,seq-06,redkitchen/seq-06/frame-000289.color.png,-1.0712377,-0.18029781,-0.021813212,0.996432701,0.000376231,0.05516805,0.063860912,-1.1246931552886963,-0.16583311557769775,0.07194991409778595,0.9918985962867737,-0.004446853883564472,0.11670660227537155,0.049969159066677094
redkitchen,test,seq-06,redkitchen/seq-06/frame-000290.color.png,-1.0860093,-0.18720584,-0.00763525,0.996042357,-0.001776639,0.059754725,0.065771114,-1.1979975700378418,-0.11688808351755142,0.03939514607191086,0.9901390671730042,-0.005526766646653414,0.12787510454654694,0.05693941190838814
redkitchen,test,seq-06,redkitchen/seq-06/frame-000291.color.png,-1.089649,-0.19926646,0.005694319,0.995784366,-0.006686647,0.059764726,0.069260102,-1.2059745788574219,-0.147898331284523,0.05137486755847931,0.988427996635437,-0.013991185463964939,0.1359790861606598,0.06575773656368256
redkitchen,test,seq-06,redkitchen/seq-06/frame-000292.color.png,-1.0929987,-0.21517241,0.019349685,0.995240945,-0.009722457,0.061962688,0.074575876,-1.232591986656189,-0.18489843606948853,0.06956055015325546,0.9883221387863159,-0.018026605248451233,0.13465185463428497,0.06901620328426361
redkitchen,test,seq-06,redkitchen/seq-06/frame-000293.color.png,-1.0961821,-0.22748782,0.033868343,0.994925043,-0.009836532,0.065078,0.076106868,-1.2244644165039062,-0.200757697224617,0.10362578928470612,0.9878968000411987,-0.01602710410952568,0.1382400542497635,0.06850197166204453
redkitchen,test,seq-06,redkitchen/seq-06/frame-000294.color.png,-1.1009356,-0.23687395,0.048277732,0.994431622,-0.008705947,0.069456632,0.078776465,-1.1751525402069092,-0.24227407574653625,0.1554652750492096,0.987734317779541,-0.016279401257634163,0.13863888382911682,0.06996530294418335
redkitchen,test,seq-06,redkitchen/seq-06/frame-000295.color.png,-1.1042148,-0.24606092,0.062653117,0.993832968,-0.008822383,0.074350984,0.081793203,-1.2054921388626099,-0.2574647068977356,0.17561711370944977,0.9858328104019165,-0.01871652342379093,0.1496277004480362,0.07344988733530045
redkitchen,test,seq-06,redkitchen/seq-06/frame-000296.color.png,-1.1079572,-0.25658947,0.076759279,0.993060801,-0.009770903,0.07919736,0.086386072,-1.1700174808502197,-0.2672851085662842,0.19089898467063904,0.9860802292823792,-0.01782800257205963,0.14697813987731934,0.0756661519408226
redkitchen,test,seq-06,redkitchen/seq-06/frame-000297.color.png,-1.1118484,-0.26686388,0.089865975,0.99228667,-0.010472566,0.083175563,0.091319855,-1.1802853345870972,-0.28380244970321655,0.19558119773864746,0.9850565195083618,-0.021561777219176292,0.15200945734977722,0.07804974168539047
redkitchen,test,seq-06,redkitchen/seq-06/frame-000298.color.png,-1.1186857,-0.27508,0.10525287,0.99147777,-0.009435413,0.088376921,0.095248754,-1.0654985904693604,-0.33418142795562744,0.1923055201768875,0.9849019050598145,-0.030830295756459236,0.15066313743591309,0.07948826253414154
redkitchen,test,seq-06,redkitchen/seq-06/frame-000299.color.png,-1.1227111,-0.28003132,0.12050621,0.990711488,-0.009881873,0.094694455,0.097087875,-1.1030501127243042,-0.33722829818725586,0.21657997369766235,0.9823463559150696,-0.03024168685078621,0.16472995281219482,0.08333741128444672
redkitchen,test,seq-06,redkitchen/seq-06/frame-000300.color.png,-1.1320995,-0.28399283,0.13565475,0.98994181,-0.011851355,0.100023022,0.099348646,-1.1916788816452026,-0.3432427644729614,0.23385947942733765,0.980819821357727,-0.03880186378955841,0.16848494112491608,0.08999860286712646
redkitchen,test,seq-06,redkitchen/seq-06/frame-000301.color.png,-1.1406324,-0.29116797,0.15027644,0.989456637,-0.015903134,0.101873771,0.101707369,-1.2321574687957764,-0.3247511386871338,0.2131786048412323,0.9816006422042847,-0.040499377995729446,0.16453354060649872,0.08802691847085953
redkitchen,test,seq-06,redkitchen/seq-06/frame-000302.color.png,-1.1409867,-0.30265561,0.16520199,0.989080777,-0.020633556,0.101542564,0.104797806,-1.2472351789474487,-0.3236619234085083,0.22855544090270996,0.9809017777442932,-0.04238611459732056,0.1645091325044632,0.09471996128559113
redkitchen,test,seq-06,redkitchen/seq-06/frame-000303.color.png,-1.146331,-0.31265593,0.18089923,0.988449262,-0.023763139,0.103492576,0.10813259,-1.2329875230789185,-0.335127592086792,0.2697926163673401,0.9798489809036255,-0.040581297129392624,0.16982637345790863,0.09699493646621704
redkitchen,test,seq-06,redkitchen/seq-06/frame-000304.color.png,-1.1548098,-0.3176741,0.19657595,0.988167061,-0.026312309,0.1044431,0.109202385,-1.2354098558425903,-0.35278069972991943,0.2510533630847931,0.9789122939109802,-0.04953249543905258,0.17355132102966309,0.09569340944290161
redkitchen,test,seq-06,redkitchen/seq-06/frame-000305.color.png,-1.1617795,-0.3258259,0.21299347,0.987656943,-0.029880607,0.104988489,0.112331337,-1.2591562271118164,-0.3554918169975281,0.24483385682106018,0.9782710075378418,-0.05153343081474304,0.17155732214450836,0.10439524799585342
redkitchen,test,seq-06,redkitchen/seq-06/frame-000306.color.png,-1.1655902,-0.33567479,0.22960968,0.987091191,-0.032993775,0.10517358,0.116193411,-1.2544649839401245,-0.3588579297065735,0.2791793644428253,0.9773774743080139,-0.048190854489803314,0.17864951491355896,0.10244672000408173
redkitchen,test,seq-06,redkitchen/seq-06/frame-000307.color.png,-1.1736749,-0.34047595,0.24504027,0.986664398,-0.03473312,0.105473898,0.119005176,-1.259374976158142,-0.3598060607910156,0.30161553621292114,0.9763054847717285,-0.05176264047622681,0.18034455180168152,0.10781525820493698
redkitchen,test,seq-06,redkitchen/seq-06/frame-000308.color.png,-1.178176,-0.35062942,0.26352337,0.985934992,-0.037977124,0.108181638,0.121600424,-1.2252410650253296,-0.41335850954055786,0.3158530294895172,0.9755878448486328,-0.05704016610980034,0.18324881792068481,0.10674551129341125
redkitchen,test,seq-06,redkitchen/seq-06/frame-000309.color.png,-1.1862066,-0.35952678,0.28031009,0.985072205,-0.040783381,0.112157228,0.124057337,-1.2901203632354736,-0.42315536737442017,0.3479647934436798,0.9716264605522156,-0.06256970018148422,0.19857797026634216,0.11222265660762787
redkitchen,test,seq-06,redkitchen/seq-06/frame-000310.color.png,-1.1948286,-0.36482006,0.29624036,0.984349012,-0.04221757,0.115047737,0.126644062,-1.2772111892700195,-0.43863624334335327,0.3799412250518799,0.9695138931274414,-0.06371109932661057,0.20625755190849304,0.11593687534332275
redkitchen,test,seq-06,redkitchen/seq-06/frame-000311.color.png,-1.2000302,-0.37256232,0.31303188,0.983370792,-0.044036731,0.11813905,0.130712722,-1.2981823682785034,-0.46892279386520386,0.43121445178985596,0.9674684405326843,-0.07378445565700531,0.20787371695041656,0.12389087677001953
redkitchen,test,seq-06,redkitchen/seq-06/frame-000312.color.png,-1.2080958,-0.38007167,0.32908493,0.98222056,-0.045334116,0.122914891,0.134460104,-1.2355314493179321,-0.4960717558860779,0.4634454846382141,0.9669488668441772,-0.07903719693422318,0.2066202610731125,0.12677150964736938
redkitchen,test,seq-06,redkitchen/seq-06/frame-000313.color.png,-1.2150956,-0.38955832,0.34480304,0.980875561,-0.046991801,0.128855244,0.138098625,-1.2744368314743042,-0.5156282186508179,0.49936848878860474,0.9672799706459045,-0.07880590856075287,0.20586049556732178,0.1256202906370163
redkitchen,test,seq-06,redkitchen/seq-06/frame-000314.color.png,-1.2267172,-0.39682737,0.36032739,0.979600152,-0.047119714,0.135326795,0.140889788,-1.2787617444992065,-0.5422115325927734,0.5041406750679016,0.9647027254104614,-0.08368408679962158,0.21301135420799255,0.1302758902311325
redkitchen,test,seq-06,redkitchen/seq-06/frame-000315.color.png,-1.2403339,-0.39936769,0.37779024,0.978765462,-0.048492557,0.140789586,0.14087205,-1.345667839050293,-0.5583980083465576,0.5570586323738098,0.9617156386375427,-0.0877886414527893,0.22038669884204865,0.137207493185997
redkitchen,test,seq-06,redkitchen/seq-06/frame-000316.color.png,-1.2468559,-0.40891865,0.39610478,0.977663777,-0.054709244,0.144777679,0.142196563,-1.31705904006958,-0.5763862729072571,0.5669881701469421,0.9599518775939941,-0.09185875207185745,0.22345924377441406,0.14184582233428955
redkitchen,test,seq-06,redkitchen/seq-06/frame-000317.color.png,-1.2502871,-0.42494932,0.41332704,0.976653158,-0.060858012,0.146774358,0.144575932,-1.2949519157409668,-0.5834318399429321,0.5977188944816589,0.959477424621582,-0.09432008862495422,0.22298173606395721,0.14417369663715363
redkitchen,test,seq-06,redkitchen/seq-06/frame-000318.color.png,-1.2565238,-0.43614003,0.42716828,0.975711276,-0.060681647,0.148507759,0.149166648,-1.3195302486419678,-0.6416016221046448,0.598744809627533,0.9582987427711487,-0.10286217927932739,0.2246062308549881,0.14364895224571228
redkitchen,test,seq-06,redkitchen/seq-06/frame-000319.color.png,-1.2695146,-0.44240072,0.44333661,0.975030167,-0.056488666,0.152543637,0.151180826,-1.270309567451477,-0.6473209857940674,0.6252765655517578,0.9575387239456177,-0.09906230121850967,0.2274395227432251,0.14689278602600098
redkitchen,test,seq-06,redkitchen/seq-06/frame-000320.color.png,-1.2774504,-0.44570747,0.45837113,0.975082784,-0.054612293,0.155443636,0.148554159,-1.2512725591659546,-0.6385448575019836,0.606430172920227,0.960113525390625,-0.09158424288034439,0.22523626685142517,0.13806842267513275
redkitchen,test,seq-06,redkitchen/seq-06/frame-000321.color.png,-1.2862666,-0.45023677,0.47258008,0.974949682,-0.052657244,0.157770065,0.147678496,-1.2854124307632446,-0.6361161470413208,0.6086057424545288,0.9594118595123291,-0.0851614698767662,0.231226846575737,0.13715174794197083
redkitchen,test,seq-06,redkitchen/seq-06/frame-000322.color.png,-1.2936608,-0.4547126,0.48599249,0.974471108,-0.050763464,0.159424309,0.149709785,-1.2611337900161743,-0.6186550259590149,0.6029943823814392,0.960455060005188,-0.07821016758680344,0.23064720630645752,0.13494782149791718
redkitchen,test,seq-06,redkitchen/seq-06/frame-000323.color.png,-1.3019474,-0.46049395,0.49917591,0.974247621,-0.047799923,0.159078058,0.152482497,-1.3045700788497925,-0.635773241519928,0.6151697635650635,0.9609819650650024,-0.08466969430446625,0.2268427610397339,0.13374295830726624
redkitchen,test,seq-06,redkitchen/seq-06/frame-000324.color.png,-1.30884,-0.463247,0.51389825,0.974328605,-0.044075357,0.159339186,0.152814125,-1.2407950162887573,-0.6159751415252686,0.6276289820671082,0.956913411617279,-0.08808403462171555,0.23856063187122345,0.1401667445898056
redkitchen,test,seq-06,redkitchen/seq-06/frame-000325.color.png,-1.3092737,-0.466093,0.5281812,0.973958479,-0.043329261,0.162671624,0.151872971,-1.2422412633895874,-0.592330813407898,0.6176737546920776,0.9566095471382141,-0.08257326483726501,0.24637234210968018,0.13183541595935822
redkitchen,test,seq-06,redkitchen/seq-06/frame-000326.color.png,-1.3184767,-0.47038621,0.54265898,0.972729521,-0.043589264,0.168946754,0.152820973,-1.2629797458648682,-0.6306315660476685,0.6462236642837524,0.9544107913970947,-0.08977581560611725,0.2501888573169708,0.13581544160842896
redkitchen,test,seq-06,redkitchen/seq-06/frame-000327.color.png,-1.3229994,-0.47485137,0.55619544,0.971887701,-0.045222642,0.172850079,0.153336427,-1.2707710266113281,-0.6547665596008301,0.678531289100647,0.9548753499984741,-0.0868833139538765,0.2476583570241928,0.13903145492076874
redkitchen,test,seq-06,redkitchen/seq-06/frame-000328.color.png,-1.3242706,-0.4811765,0.56838906,0.97134141,-0.046637109,0.175288459,0.153605995,-1.242250919342041,-0.6553756594657898,0.6612741947174072,0.952851414680481,-0.0879940465092659,0.2564290165901184,0.13629169762134552
redkitchen,test,seq-06,redkitchen/seq-06/frame-000329.color.png,-1.3262961,-0.48684606,0.58014584,0.970405067,-0.045827269,0.180182449,0.154104355,-1.2046310901641846,-0.630160927772522,0.6398946642875671,0.9516279697418213,-0.08795983344316483,0.26232096552848816,0.13362295925617218
redkitchen,test,seq-06,redkitchen/seq-06/frame-000330.color.png,-1.3268721,-0.49410322,0.59352607,0.968975596,-0.043504939,0.187471954,0.155073791,-1.222924828529358,-0.6430709362030029,0.6338824033737183,0.9489995241165161,-0.09181249141693115,0.264375776052475,0.1451752781867981
redkitchen,test,seq-06,redkitchen/seq-06/frame-000331.color.png,-1.3337438,-0.49594161,0.60652083,0.968010111,-0.03959981,0.193417555,0.154848082,-1.2275781631469727,-0.6339437961578369,0.6689727902412415,0.9498052597045898,-0.084074467420578,0.26112547516822815,0.15038257837295532
redkitchen,test,seq-06,redkitchen/seq-06/frame-000332.color.png,-1.3361167,-0.49719232,0.61766332,0.967606112,-0.037073715,0.195786821,0.15502088,-1.1827948093414307,-0.6272635459899902,0.6949410438537598,0.9488370418548584,-0.07923305034637451,0.26535889506340027,0.15170714259147644
redkitchen,test,seq-06,redkitchen/seq-06/frame-000333.color.png,-1.3334924,-0.50204509,0.62949324,0.967083586,-0.036598178,0.198128566,0.155418731,-1.1890724897384644,-0.6145033836364746,0.6978238224983215,0.9472124576568604,-0.07505686581134796,0.2733369767665863,0.14980623126029968
redkitchen,test,seq-06,redkitchen/seq-06/frame-000334.color.png,-1.3330104,-0.50568116,0.64144987,0.966158626,-0.036042176,0.202729361,0.155368197,-1.217848539352417,-0.616559624671936,0.7387242317199707,0.94588303565979,-0.0745583102107048,0.28391849994659424,0.13833573460578918
redkitchen,test,seq-06,redkitchen/seq-06/frame-000335.color.png,-1.3319942,-0.51205307,0.65417302,0.964679101,-0.035482373,0.208904534,0.156506005,-1.2042542695999146,-0.5995144844055176,0.7332134246826172,0.9469541907310486,-0.07440361380577087,0.27950260043144226,0.14007224142551422
redkitchen,test,seq-06,redkitchen/seq-06/frame-000336.color.png,-1.3358414,-0.51514673,0.66616946,0.963040684,-0.033655872,0.216112857,0.157210546,-1.2011604309082031,-0.5915605425834656,0.7276971340179443,0.9486628174781799,-0.07922744005918503,0.27404332160949707,0.13660961389541626
redkitchen,test,seq-06,redkitchen/seq-06/frame-000337.color.png,-1.3302252,-0.52113134,0.67981923,0.961512969,-0.032424038,0.22199435,0.158619046,-1.2210760116577148,-0.5971834659576416,0.7283340692520142,0.9489134550094604,-0.078034408390522,0.27024027705192566,0.14298272132873535
redkitchen,test,seq-06,redkitchen/seq-06/frame-000338.color.png,-1.3298204,-0.52698332,0.69158316,0.960350419,-0.03155011,0.226549855,0.159395191,-1.2496522665023804,-0.5897625684738159,0.7531274557113647,0.9460250735282898,-0.07283320277929306,0.2772979736328125,0.15112139284610748
redkitchen,test,seq-06,redkitchen/seq-06/frame-000339.color.png,-1.3229629,-0.53322875,0.70292711,0.959065113,-0.029691429,0.231470592,0.160417871,-1.2593013048171997,-0.5752851366996765,0.738781213760376,0.9486935138702393,-0.07653310894966125,0.26766833662986755,0.14992256462574005
redkitchen,test,seq-06,redkitchen/seq-06/frame-000340.color.png,-1.3165109,-0.53911412,0.7135666,0.957498701,-0.026272842,0.237085441,0.162161863,-1.2794679403305054,-0.5708000063896179,0.7812319397926331,0.9528074860572815,-0.06697963923215866,0.2569572925567627,0.14712099730968475
redkitchen,test,seq-06,redkitchen/seq-06/frame-000341.color.png,-1.3183103,-0.54249263,0.72407275,0.956458257,-0.02194419,0.241935384,0.161781722,-1.261496663093567,-0.6000257134437561,0.8096898794174194,0.950745701789856,-0.0672503188252449,0.2611650824546814,0.15281669795513153
redkitchen,test,seq-06,redkitchen/seq-06/frame-000342.color.png,-1.3128518,-0.55059856,0.73412287,0.955554107,-0.017469911,0.244973345,0.163092646,-1.2011499404907227,-0.6060830354690552,0.842292070388794,0.950411319732666,-0.05905614793300629,0.26339107751846313,0.15445350110530853
redkitchen,test,seq-06,redkitchen/seq-06/frame-000343.color.png,-1.3164048,-0.55569404,0.74312449,0.955291083,-0.010771139,0.246673189,0.16265075,-1.1781857013702393,-0.6212176084518433,0.906089723110199,0.9489763379096985,-0.047176532447338104,0.27324697375297546,0.1501810997724533
redkitchen,test,seq-06,redkitchen/seq-06/frame-000344.color.png,-1.311573,-0.55903226,0.75200599,0.954806502,-0.005505109,0.249271056,0.161796719,-1.269647479057312,-0.6130958795547485,0.9819298982620239,0.9491846561431885,-0.032208215445280075,0.2734214961528778,0.15248523652553558
redkitchen,test,seq-06,redkitchen/seq-06/frame-000345.color.png,-1.302287,-0.56410319,0.76325899,0.953472638,-0.003224449,0.254987035,0.160814001,-1.190870761871338,-0.5673921704292297,0.9318395256996155,0.9503905773162842,-0.031068284064531326,0.27331075072288513,0.14523696899414062
redkitchen,test,seq-06,redkitchen/seq-06/frame-000346.color.png,-1.2915385,-0.56969333,0.77462971,0.951945802,-0.003044482,0.261081037,0.160083146,-1.179735541343689,-0.561881959438324,0.9378409385681152,0.9457162022590637,-0.027900347486138344,0.28848475217819214,0.14703412353992462
redkitchen,test,seq-06,redkitchen/seq-06/frame-000347.color.png,-1.2936606,-0.57776672,0.78693491,0.950111796,-0.002518859,0.266426551,0.162166961,-1.1703236103057861,-0.555250346660614,0.9360727071762085,0.9428103566169739,-0.02968784235417843,0.2951454818248749,0.15204080939292908
redkitchen,test,seq-06,redkitchen/seq-06/frame-000348.color.png,-1.2849257,-0.58666748,0.79761314,0.948716517,-0.000670762,0.270016284,0.164401118,-1.1732285022735596,-0.5425876975059509,0.949406623840332,0.9400659799575806,-0.023164814338088036,0.30328497290611267,0.15413540601730347
redkitchen,test,seq-06,redkitchen/seq-06/frame-000349.color.png,-1.2772839,-0.59138966,0.80718958,0.947827362,0.0011526,0.273734296,0.163375332,-1.1382794380187988,-0.5397133231163025,0.9651044607162476,0.9441267251968384,-0.01712447963654995,0.29361051321029663,0.1487429291009903
redkitchen,test,seq-06,redkitchen/seq-06/frame-000350.color.png,-1.2727977,-0.59699541,0.81898677,0.946344127,0.001620539,0.279519184,0.162170259,-1.1555064916610718,-0.5614556670188904,1.0264723300933838,0.9437137842178345,-0.020016632974147797,0.2950820028781891,0.14808854460716248
redkitchen,test,seq-06,redkitchen/seq-06/frame-000351.color.png,-1.2741137,-0.60275495,0.82930857,0.944226319,0.001873509,0.285604065,0.163900785,-1.1269549131393433,-0.5563643574714661,1.0600961446762085,0.941240131855011,-0.02053225040435791,0.3007298409938812,0.15233822166919708
redkitchen,test,seq-06,redkitchen/seq-06/frame-000352.color.png,-1.2721893,-0.60810339,0.8395133,0.94230956,0.002102818,0.290781754,0.165813878,-1.1512863636016846,-0.5637232661247253,1.061255931854248,0.9418860077857971,-0.0200576763600111,0.29826533794403076,0.1532522588968277
redkitchen,test,seq-06,redkitchen/seq-06/frame-000353.color.png,-1.2700348,-0.61436814,0.85127413,0.940441524,0.000621317,0.29630142,0.166657797,-1.194600224494934,-0.5654659867286682,1.1376975774765015,0.937751829624176,-0.018859509378671646,0.3085629940032959,0.1582864224910736
redkitchen,test,seq-06,redkitchen/seq-06/frame-000354.color.png,-1.2648655,-0.62161994,0.8643977,0.938914139,-0.002253543,0.302032788,0.164958649,-1.2057641744613647,-0.5750991702079773,1.1760039329528809,0.9351717233657837,-0.018673010170459747,0.3154953718185425,0.1598992645740509
redkitchen,test,seq-06,redkitchen/seq-06/frame-000355.color.png,-1.2626926,-0.62982833,0.87541944,0.937539371,-0.003584085,0.306605488,0.164317243,-1.1728951930999756,-0.5839170217514038,1.1875765323638916,0.9360397458076477,-0.01693020761013031,0.3137035071849823,0.15853385627269745
redkitchen,test,seq-06,redkitchen/seq-06/frame-000356.color.png,-1.2619796,-0.63577873,0.88619745,0.936063027,-0.003450161,0.311393516,0.16373205,-1.205257773399353,-0.5818536877632141,1.2091697454452515,0.9364215731620789,-0.01502145640552044,0.3139801323413849,0.15590140223503113
redkitchen,test,seq-06,redkitchen/seq-06/frame-000357.color.png,-1.2566746,-0.64101118,0.8979221,0.934638731,-0.003713474,0.316048316,0.162942058,-1.2215659618377686,-0.5761878490447998,1.2053431272506714,0.9347761869430542,-0.014775091782212257,0.3184129297733307,0.15680666267871857
redkitchen,test,seq-06,redkitchen/seq-06/frame-000358.color.png,-1.2542058,-0.64473695,0.91103274,0.93322181,-0.004094381,0.320599065,0.162162048,-1.2107352018356323,-0.5614810585975647,1.213247299194336,0.9331969022750854,-0.010402373969554901,0.32326701283454895,0.15663203597068787
redkitchen,test,seq-06,redkitchen/seq-06/frame-000359.color.png,-1.2519894,-0.64993918,0.92177862,0.931731929,-0.004108425,0.324262413,0.163439958,-1.208304524421692,-0.5570184588432312,1.1951463222503662,0.9337669014930725,-0.008300632238388062,0.3221433162689209,0.155673548579216
redkitchen,test,seq-06,redkitchen/seq-06/frame-000360.color.png,-1.2478244,-0.65733284,0.93385762,0.930015821,-0.005370771,0.328771212,0.164168261,-1.2175798416137695,-0.5610741972923279,1.230437994003296,0.9301244616508484,-0.005831032991409302,0.3321562111377716,0.1565456986427307
redkitchen,test,seq-06,redkitchen/seq-06/frame-000361.color.png,-1.2460561,-0.6642375,0.94612497,0.928148374,-0.005760303,0.333588681,0.165003052,-1.2448201179504395,-0.5772720575332642,1.2466365098953247,0.9265155792236328,-0.006713529583066702,0.34016138315200806,0.16066701710224152
redkitchen,test,seq-06,redkitchen/seq-06/frame-000362.color.png,-1.24116,-0.66905475,0.95900285,0.926427102,-0.004753575,0.338162249,0.165398072,-1.2549939155578613,-0.5862028002738953,1.235837459564209,0.9241218566894531,-0.002746458165347576,0.3461824953556061,0.16170598566532135
redkitchen,test,seq-06,redkitchen/seq-06/frame-000363.color.png,-1.2358475,-0.68274575,0.98339033,0.923187428,-0.00165939,0.345067421,0.169265158,-1.2826762199401855,-0.6073973178863525,1.2648781538009644,0.9230960011482239,-0.0055285608395934105,0.3499195873737335,0.15943503379821777
redkitchen,test,seq-06,redkitchen/seq-06/frame-000364.color.png,-1.2326975,-0.68739069,0.99669945,0.921684356,0.000281585,0.34927482,0.168834145,-1.3289858102798462,-0.6323490142822266,1.3010890483856201,0.9215826392173767,-0.0074613685719668865,0.3549884855747223,0.15688475966453552
redkitchen,test,seq-06,redkitchen/seq-06/frame-000365.color.png,-1.2295065,-0.69331807,1.0083034,0.920447625,0.001665276,0.352901891,0.168028724,-1.3199857473373413,-0.6285850405693054,1.3018622398376465,0.9197950959205627,-0.008620521053671837,0.3591007590293884,0.15795326232910156
redkitchen,test,seq-06,redkitchen/seq-06/frame-000366.color.png,-1.2251296,-0.69827986,1.0203617,0.91889363,0.003451471,0.357129136,0.167574952,-1.2984429597854614,-0.6276864409446716,1.3115298748016357,0.9243091344833374,-0.005880170036107302,0.3489084541797638,0.1545346975326538
redkitchen,test,seq-06,redkitchen/seq-06/frame-000367.color.png,-1.2210025,-0.70348209,1.034732,0.916625551,0.003775052,0.362861216,0.167675538,-1.3121980428695679,-0.6318567991256714,1.3326064348220825,0.9238808155059814,-0.001902814139612019,0.35046544671058655,0.1536700427532196
redkitchen,test,seq-06,redkitchen/seq-06/frame-000368.color.png,-1.21834,-0.70953858,1.048995,0.914079239,0.003178484,0.368858016,0.16850165,-1.3113235235214233,-0.662162184715271,1.3790827989578247,0.9197865724563599,-0.0032630395144224167,0.3601096272468567,0.1558941900730133
redkitchen,test,seq-06,redkitchen/seq-06/frame-000369.color.png,-1.2162421,-0.71486378,1.0626912,0.911392378,0.003038417,0.375348543,0.16872514,-1.2785564661026,-0.6781439185142517,1.3853803873062134,0.9168809056282043,-0.007630000356584787,0.3667129874229431,0.15745683014392853
redkitchen,test,seq-06,redkitchen/seq-06/frame-000370.color.png,-1.2107341,-0.72370225,1.093166,0.905054588,0.002775938,0.389725137,0.17024337,-1.2677990198135376,-0.6580641865730286,1.3920786380767822,0.9159744381904602,-0.0002675536379683763,0.36904069781303406,0.15747946500778198
redkitchen,test,seq-06,redkitchen/seq-06/frame-000371.color.png,-1.207691,-0.73152536,1.1101437,0.902660028,0.000161616,0.394187413,0.172687962,-1.2916313409805298,-0.6741264462471008,1.3523333072662354,0.9141030311584473,-0.004214240238070488,0.3706624507904053,0.16433846950531006
redkitchen,test,seq-06,redkitchen/seq-06/frame-000372.color.png,-1.2025983,-0.74354404,1.1230688,0.901073424,-0.001367422,0.396213576,0.176294123,-1.2969839572906494,-0.7013451457023621,1.350618600845337,0.9132527709007263,-0.005473792552947998,0.372099369764328,0.16577552258968353
redkitchen,test,seq-06,redkitchen/seq-06/frame-000373.color.png,-1.1994934,-0.75041831,1.1341901,0.900077469,0.000308514,0.398008032,0.17734165,-1.2554879188537598,-0.6985546350479126,1.3264224529266357,0.9128369688987732,-0.00243255402892828,0.37313276529312134,0.1658151000738144
redkitchen,test,seq-06,redkitchen/seq-06/frame-000374.color.png,-1.1947917,-0.75591832,1.1461637,0.898944774,0.003612297,0.400217453,0.178076484,-1.2753286361694336,-0.7039868235588074,1.3488848209381104,0.9109586477279663,-0.008487610146403313,0.37881535291671753,0.1630372852087021
redkitchen,test,seq-06,redkitchen/seq-06/frame-000375.color.png,-1.1934124,-0.75896621,1.15791,0.897725906,0.006854813,0.402916727,0.178043028,-1.2780617475509644,-0.7225204706192017,1.3523074388504028,0.911840558052063,-0.005719184875488281,0.37653347849845886,0.16351337730884552
redkitchen,test,seq-06,redkitchen/seq-06/frame-000376.color.png,-1.1846561,-0.77155232,1.1787736,0.896946705,0.007931933,0.405907993,0.175106806,-1.242394208908081,-0.7122625112533569,1.3223179578781128,0.9139079451560974,-0.005453113000839949,0.3708866834640503,0.16488048434257507
redkitchen,test,seq-06,redkitchen/seq-06/frame-000377.color.png,-1.1788478,-0.77617258,1.1885792,0.896892058,0.009996804,0.40734578,0.171913107,-1.2429983615875244,-0.6990437507629395,1.3300766944885254,0.9145406484603882,-0.005166493821889162,0.3709583580493927,0.16117864847183228
redkitchen,test,seq-06,redkitchen/seq-06/frame-000378.color.png,-1.1757532,-0.77910298,1.1967936,0.8971597,0.012762708,0.40824552,0.168158205,-1.2504217624664307,-0.6873332858085632,1.3243463039398193,0.9102510809898376,-0.006639259401708841,0.38215622305870056,0.1592344343662262
redkitchen,test,seq-06,redkitchen/seq-06/frame-000379.color.png,-1.1714994,-0.78271514,1.2049673,0.897602729,0.014597272,0.408983488,0.163794893,-1.238413691520691,-0.6858142614364624,1.3310154676437378,0.9145126342773438,-0.0006161194178275764,0.37121298909187317,0.16083283722400665
redkitchen,test,seq-06,redkitchen/seq-06/frame-000380.color.png,-1.1666342,-0.78457832,1.2108668,0.89842452,0.016113584,0.408994719,0.159050479,-1.1859748363494873,-0.6740769147872925,1.321073055267334,0.9161660671234131,0.012989148497581482,0.36723756790161133,0.16002337634563446
redkitchen,test,seq-06,redkitchen/seq-06/frame-000381.color.png,-1.1571412,-0.78827339,1.2214874,0.900103338,0.016387127,0.409200564,0.148661836,-1.2028974294662476,-0.6688369512557983,1.334188461303711,0.9178556203842163,0.00994328036904335,0.36469030380249023,0.15634316205978394
redkitchen,test,seq-06,redkitchen/seq-06/frame-000382.color.png,-1.1505077,-0.78960472,1.2248826,0.902223352,0.01363617,0.407090282,0.141720074,-1.2334799766540527,-0.665350079536438,1.3445513248443604,0.919987678527832,0.01411723718047142,0.35908734798431396,0.15645962953567505
redkitchen,test,seq-06,redkitchen/seq-06/frame-000383.color.png,-1.1420984,-0.79332215,1.2272485,0.903433457,0.008526519,0.406965091,0.134590865,-1.1636415719985962,-0.6371785402297974,1.3144633769989014,0.9242945313453674,0.020649198442697525,0.35265597701072693,0.14452360570430756
redkitchen,test,seq-06,redkitchen/seq-06/frame-000384.color.png,-1.1368526,-0.79752505,1.22892,0.90364347,0.0034322,0.408775383,0.127747349,-1.1759815216064453,-0.6431127786636353,1.3263148069381714,0.9269163608551025,0.018040582537651062,0.3475817143917084,0.14031238853931427
redkitchen,test,seq-06,redkitchen/seq-06/frame-000385.color.png,-1.1274627,-0.79861152,1.2334567,0.904079625,-0.004845683,0.411136078,0.116549032,-1.2298821210861206,-0.6396291255950928,1.362157940864563,0.9261395335197449,0.013258893974125385,0.3508102595806122,0.1379200667142868
redkitchen,test,seq-06,redkitchen/seq-06/frame-000386.color.png,-1.1215786,-0.79665691,1.2316381,0.905336093,-0.007992207,0.408897928,0.114477806,-1.2371916770935059,-0.6571661233901978,1.3375329971313477,0.926652193069458,0.0020508738234639168,0.3502374589443207,0.13654756546020508
redkitchen,test,seq-06,redkitchen/seq-06/frame-000387.color.png,-1.112208,-0.79845077,1.2291489,0.907100043,-0.013071098,0.405082745,0.113607341,-1.2083696126937866,-0.6469165086746216,1.3267936706542969,0.92341548204422,-0.0009297109209001064,0.3579540550708771,0.1384623646736145
redkitchen,test,seq-06,redkitchen/seq-06/frame-000388.color.png,-1.104678,-0.80151749,1.2258613,0.908592292,-0.019540812,0.401643683,0.112962632,-1.2383419275283813,-0.6601842045783997,1.3416905403137207,0.927100419998169,-0.004153291694819927,0.35006195306777954,0.1338808834552765
redkitchen,test,seq-06,redkitchen/seq-06/frame-000389.color.png,-1.0961212,-0.80253941,1.2211821,0.909931192,-0.025960329,0.398682467,0.11137135,-1.1803944110870361,-0.6614053249359131,1.302765130996704,0.9279338717460632,0.0010231694905087352,0.3457848131656647,0.13917799293994904
redkitchen,test,seq-06,redkitchen/seq-06/frame-000390.color.png,-1.0892624,-0.8038671,1.2135956,0.911536845,-0.030097927,0.394981759,0.110381635,-1.1509506702423096,-0.6716588139533997,1.2914292812347412,0.9332929253578186,0.0038438669871538877,0.3321632742881775,0.13644444942474365
redkitchen,test,seq-06,redkitchen/seq-06/frame-000391.color.png,-1.0755366,-0.80538231,1.1978585,0.915208951,-0.038028071,0.387321467,0.104539574,-1.1217620372772217,-0.6415135860443115,1.2824851274490356,0.9414109587669373,0.008628307841718197,0.3127739727497101,0.12587077915668488
redkitchen,test,seq-06,redkitchen/seq-06/frame-000392.color.png,-1.0656178,-0.80472732,1.1860682,0.916971754,-0.04080927,0.383699744,0.101350447,-1.1116477251052856,-0.6472977995872498,1.3008226156234741,0.9431676864624023,0.004932727199047804,0.30968141555786133,0.12044847756624222
redkitchen,test,seq-06,redkitchen/seq-06/frame-000393.color.png,-1.0578463,-0.80181235,1.1755757,0.918444111,-0.045177399,0.380719354,0.097325178,-1.0979901552200317,-0.6532152891159058,1.297778606414795,0.9451907873153687,-0.0032057142816483974,0.30596572160720825,0.11396943032741547
redkitchen,test,seq-06,redkitchen/seq-06/frame-000394.color.png,-1.046859,-0.80000073,1.1636955,0.920039787,-0.051583125,0.377032541,0.093340426,-1.1117126941680908,-0.6562732458114624,1.323043942451477,0.9435302019119263,-0.008670388720929623,0.3102363646030426,0.11588394641876221
redkitchen,test,seq-06,redkitchen/seq-06/frame-000395.color.png,-1.0403962,-0.80023694,1.1515867,0.921790022,-0.056612919,0.372852123,0.089885634,-1.0643929243087769,-0.6003754734992981,1.2550756931304932,0.9479597210884094,0.004134869668632746,0.29835161566734314,0.11109236627817154
redkitchen,test,seq-06,redkitchen/seq-06/frame-000396.color.png,-1.0309595,-0.79906678,1.1361552,0.924104411,-0.060039292,0.367598684,0.085425572,-0.9529622197151184,-0.5739812254905701,1.2077770233154297,0.9522567987442017,0.005923957098275423,0.2866958677768707,0.10477334260940552
redkitchen,test,seq-06,redkitchen/seq-06/frame-000397.color.png,-1.012499,-0.793881,1.1060581,0.926917644,-0.066573347,0.361307142,0.076477572,-0.876914381980896,-0.5879629850387573,1.1393681764602661,0.9561208486557007,-0.0034712848719209433,0.2746162712574005,0.10201352834701538
redkitchen,test,seq-06,redkitchen/seq-06/frame-000398.color.png,-1.0047352,-0.78726697,1.0893592,0.928625494,-0.07088859,0.357256906,0.070689485,-0.7938903570175171,-0.578683614730835,1.121240496635437,0.9627354145050049,-0.007506411522626877,0.25460466742515564,0.09088825434446335
redkitchen,test,seq-06,redkitchen/seq-06/frame-000399.color.png,-0.99173373,-0.78270429,1.0730106,0.929819491,-0.077585537,0.353772185,0.065279706,-0.7734951972961426,-0.5998621582984924,1.1171704530715942,0.9689581394195557,-0.020002350211143494,0.2343749850988388,0.0760815441608429
redkitchen,test,seq-06,redkitchen/seq-06/frame-000400.color.png,-0.98165089,-0.7789731,1.0571079,0.930118342,-0.085704019,0.352118608,0.059558183,-0.7112061381340027,-0.6140603423118591,1.088958501815796,0.9736953973770142,-0.028365498408675194,0.21281883120536804,0.07629324495792389
redkitchen,test,seq-06,redkitchen/seq-06/frame-000401.color.png,-0.97339535,-0.77388257,1.0407662,0.930139706,-0.092812308,0.351253882,0.053354596,-0.6815586090087891,-0.5989406108856201,1.056810975074768,0.976990282535553,-0.032162558287382126,0.19926653802394867,0.06890992075204849
redkitchen,test,seq-06,redkitchen/seq-06/frame-000402.color.png,-0.96194035,-0.76849222,1.0240604,0.930515687,-0.09971018,0.349220603,0.047364602,-0.6845135688781738,-0.5848021507263184,1.0458829402923584,0.9784889817237854,-0.035277415066957474,0.19052918255329132,0.07080502808094025
redkitchen,test,seq-06,redkitchen/seq-06/frame-000403.color.png,-0.95055497,-0.76456982,1.0091038,0.93010639,-0.106450082,0.348788179,0.043786867,-0.6222981214523315,-0.6014379858970642,1.0792092084884644,0.9783121943473816,-0.043806981295347214,0.18834088742733002,0.07425527274608612
redkitchen,test,seq-06,redkitchen/seq-06/frame-000404.color.png,-0.94049686,-0.76034111,0.99308598,0.929701179,-0.112098283,0.348520135,0.040291535,-0.6459844708442688,-0.6011004447937012,1.0564563274383545,0.979175329208374,-0.04431658610701561,0.18715211749076843,0.06500761210918427
redkitchen,test,seq-06,redkitchen/seq-06/frame-000405.color.png,-0.93150264,-0.7498883,0.97625279,0.930090392,-0.115574012,0.346654352,0.037486944,-0.6447453498840332,-0.5578302145004272,0.9779351353645325,0.9783470034599304,-0.04491690546274185,0.19171936810016632,0.06374501436948776
redkitchen,test,seq-06,redkitchen/seq-06/frame-000406.color.png,-0.92235804,-0.74147367,0.96039379,0.931386524,-0.120726462,0.341628022,0.035136299,-0.7559484839439392,-0.5868544578552246,1.005863904953003,0.9804220199584961,-0.05522635951638222,0.178629532456398,0.061759479343891144
redkitchen,test,seq-06,redkitchen/seq-06/frame-000407.color.png,-0.90978241,-0.73586798,0.94712114,0.932620842,-0.128240879,0.335936108,0.030324465,-0.781294047832489,-0.6262599229812622,1.0598182678222656,0.9814338684082031,-0.04802488908171654,0.1752953827381134,0.06125987693667412
redkitchen,test,seq-06,redkitchen/seq-06/frame-000408.color.png,-0.89853907,-0.73316967,0.93264276,0.932491357,-0.135270459,0.333849827,0.02657188,-0.6952919960021973,-0.6357819437980652,0.9731795191764832,0.9777360558509827,-0.06534723192453384,0.18968544900417328,0.06149285286664963
redkitchen,test,seq-06,redkitchen/seq-06/frame-000409.color.png,-0.88718587,-0.72554857,0.92045355,0.932085808,-0.13815028,0.333950787,0.024645863,-0.7179991006851196,-0.5935754776000977,0.9166403412818909,0.9742060303688049,-0.07353878766298294,0.1991320252418518,0.07655741274356842
redkitchen,test,seq-06,redkitchen/seq-06/frame-000410.color.png,-0.87732297,-0.71718061,0.90696925,0.932842397,-0.140792504,0.330723239,0.024590085,-0.6750019192695618,-0.5738521814346313,0.9181045293807983,0.9725857377052307,-0.08030156791210175,0.2028094381093979,0.08060426265001297
redkitchen,test,seq-06,redkitchen/seq-06/frame-000411.color.png,-0.86593878,-0.710832,0.8925153,0.934507528,-0.142279112,0.325198543,0.026424282,-0.7449535131454468,-0.6033830046653748,0.9046021699905396,0.9717280268669128,-0.08527360111474991,0.205438032746315,0.07917279750108719
redkitchen,test,seq-06,redkitchen/seq-06/frame-000412.color.png,-0.85553491,-0.7062763,0.88088071,0.936190956,-0.143070885,0.319956742,0.02654992,-0.7534343004226685,-0.6095067858695984,0.9258679151535034,0.9731355309486389,-0.08032642304897308,0.19945752620697021,0.08228999376296997
redkitchen,test,seq-06,redkitchen/seq-06/frame-000413.color.png,-0.84449738,-0.70057893,0.86967182,0.937464075,-0.142824778,0.316405818,0.025486264,-0.7040107846260071,-0.6037505865097046,0.9079033732414246,0.9732164740562439,-0.08322758227586746,0.19945669174194336,0.07835772633552551
redkitchen,test,seq-06,redkitchen/seq-06/frame-000414.color.png,-0.83115709,-0.69283807,0.85804534,0.938295162,-0.142574907,0.314165893,0.023966136,-0.7067264318466187,-0.6034716367721558,0.9159265756607056,0.9732495546340942,-0.08342050015926361,0.1998293399810791,0.07677633315324783
redkitchen,test,seq-06,redkitchen/seq-06/frame-000415.color.png,-0.8196038,-0.68723571,0.84548444,0.938842914,-0.142819492,0.312454208,0.02342955,-0.6742275953292847,-0.6120951175689697,0.8896356821060181,0.9741144180297852,-0.08058089017868042,0.19956675171852112,0.06914501637220383
redkitchen,test,seq-06,redkitchen/seq-06/frame-000416.color.png,-0.80586421,-0.67945093,0.83226377,0.939201538,-0.141199161,0.312169857,0.022654992,-0.6565728783607483,-0.6014450788497925,0.8791766166687012,0.9758946299552917,-0.08205807209014893,0.19115197658538818,0.06600796431303024
redkitchen,test,seq-06,redkitchen/seq-06/frame-000417.color.png,-0.79438508,-0.67245042,0.82366908,0.939054582,-0.140630872,0.312945715,0.021550639,-0.6135436296463013,-0.6069461703300476,0.8840857148170471,0.976672887802124,-0.0794573426246643,0.18684722483158112,0.06989103555679321
redkitchen,test,seq-06,redkitchen/seq-06/frame-000418.color.png,-0.78347212,-0.66705763,0.81457394,0.939316186,-0.140906924,0.312021132,0.021752129,-0.6394387483596802,-0.6121864914894104,0.8850091695785522,0.9753946661949158,-0.08045408874750137,0.1935248225927353,0.06841488182544708
redkitchen,test,seq-06,redkitchen/seq-06/frame-000419.color.png,-0.76727319,-0.65829778,0.80228323,0.940654499,-0.139743503,0.30841831,0.022781848,-0.6214996576309204,-0.6050854921340942,0.8939730525016785,0.9767487645149231,-0.0811404287815094,0.18754197657108307,0.06485456228256226
redkitchen,test,seq-06,redkitchen/seq-06/frame-000420.color.png,-0.75311399,-0.65175319,0.79360127,0.941547309,-0.140180924,0.30542153,0.023572491,-0.6127886772155762,-0.6078503131866455,0.9001004099845886,0.9763168692588806,-0.07458902895450592,0.1913137286901474,0.06812521815299988
redkitchen,test,seq-06,redkitchen/seq-06/frame-000421.color.png,-0.73967856,-0.64607108,0.78738356,0.941541738,-0.142796697,0.304331573,0.022148414,-0.5336954593658447,-0.6370356678962708,0.8989470601081848,0.9776994585990906,-0.08433429151773453,0.18266019225120544,0.06022285670042038
redkitchen,test,seq-06,redkitchen/seq-06/frame-000422.color.png,-0.7213276,-0.64017183,0.77965617,0.940701186,-0.147284401,0.304936544,0.020057122,-0.48397332429885864,-0.6144021153450012,0.8858675956726074,0.9736443161964417,-0.1056603267788887,0.18984873592853546,0.0693543553352356
redkitchen,test,seq-06,redkitchen/seq-06/frame-000423.color.png,-0.70868772,-0.63565844,0.7726109,0.939447968,-0.151463676,0.306749563,0.020024385,-0.36228206753730774,-0.591087818145752,0.8916848301887512,0.9758484959602356,-0.10937842726707458,0.18131814897060394,0.05366381257772446
redkitchen,test,seq-06,redkitchen/seq-06/frame-000424.color.png,-0.69375348,-0.63125008,0.76694,0.93959229,-0.154223881,0.305065771,0.017781954,-0.2894745171070099,-0.5598912239074707,0.8394232988357544,0.9763275980949402,-0.1094919890165329,0.1786440759897232,0.05368631333112717
redkitchen,test,seq-06,redkitchen/seq-06/frame-000425.color.png,-0.67660475,-0.62657416,0.75994134,0.940052852,-0.15770451,0.302115421,0.012497805,-0.28437697887420654,-0.5626134872436523,0.8659880757331848,0.9754947423934937,-0.11342991143465042,0.18087388575077057,0.05318216234445572
redkitchen,test,seq-06,redkitchen/seq-06/frame-000426.color.png,-0.66070181,-0.62443322,0.75457335,0.940342776,-0.160393328,0.29995142,0.007654443,-0.2579890489578247,-0.5634673833847046,0.8853065371513367,0.9743266105651855,-0.11610545963048935,0.18534322082996368,0.053433164954185486
redkitchen,test,seq-06,redkitchen/seq-06/frame-000427.color.png,-0.64661121,-0.61807209,0.74704325,0.941272158,-0.160473289,0.297054425,0.003703518,-0.2417663186788559,-0.554571270942688,0.8699541091918945,0.9761688113212585,-0.11450579017400742,0.17657409608364105,0.05295790731906891
redkitchen,test,seq-06,redkitchen/seq-06/frame-000428.color.png,-0.62894678,-0.61205077,0.74293709,0.942833573,-0.16194459,0.291268975,0.001090088,-0.16550110280513763,-0.5462411642074585,0.828750729560852,0.9752240180969238,-0.11254233866930008,0.18340659141540527,0.05132586508989334
redkitchen,test,seq-06,redkitchen/seq-06/frame-000429.color.png,-0.61331725,-0.61180806,0.74019921,0.943614204,-0.167603887,0.285471486,-0.002683545,-0.2318968027830124,-0.5365906357765198,0.8112446665763855,0.9746081233024597,-0.11963013559579849,0.18273089826107025,0.049366652965545654
redkitchen,test,seq-06,redkitchen/seq-06/frame-000430.color.png,-0.60101974,-0.61238873,0.73842382,0.943814494,-0.171639388,0.282245269,-0.009577526,-0.22402848303318024,-0.537680447101593,0.831191897392273,0.9729174375534058,-0.12236330658197403,0.18850615620613098,0.054077278822660446
redkitchen,test,seq-06,redkitchen/seq-06/frame-000431.color.png,-0.58450276,-0.60559386,0.73198807,0.945216947,-0.172215136,0.276800906,-0.016974337,-0.15241073071956635,-0.518006443977356,0.8208836317062378,0.9751549959182739,-0.11332536488771439,0.18469394743442535,0.04602446407079697
redkitchen,test,seq-06,redkitchen/seq-06/frame-000432.color.png,-0.56699967,-0.60079879,0.72734249,0.947306529,-0.173250572,0.268742702,-0.019285756,-0.16921652853488922,-0.5106590390205383,0.7801052927970886,0.9728858470916748,-0.11841515451669693,0.19172845780849457,0.05206883326172829
redkitchen,test,seq-06,redkitchen/seq-06/frame-000433.color.png,-0.55140197,-0.59884459,0.72137338,0.949927131,-0.174125824,0.258782052,-0.018721428,-0.1574263870716095,-0.5343626141548157,0.7590727806091309,0.9778448939323425,-0.11218071728944778,0.17194773256778717,0.04085038602352142
redkitchen,test,seq-06,redkitchen/seq-06/frame-000434.color.png,-0.53926522,-0.59799737,0.72256237,0.951850339,-0.174545162,0.251221691,-0.020064418,-0.16943776607513428,-0.5542286038398743,0.841809868812561,0.9795579314231873,-0.11476345360279083,0.16076675057411194,0.038074225187301636
redkitchen,test,seq-06,redkitchen/seq-06/frame-000435.color.png,-0.51927459,-0.59523547,0.71864402,0.953115207,-0.176124134,0.244836752,-0.024630411,-0.22375500202178955,-0.5552498698234558,0.8676317930221558,0.9768453240394592,-0.12076688557863235,0.17057114839553833,0.045761965215206146
redkitchen,test,seq-06,redkitchen/seq-06/frame-000436.color.png,-0.504448,-0.59311318,0.71556604,0.954207998,-0.176289913,0.240420959,-0.024631802,-0.1416090875864029,-0.5456429123878479,0.8420146107673645,0.9778333902359009,-0.11746667325496674,0.16872400045394897,0.039693042635917664
redkitchen,test,seq-06,redkitchen/seq-06/frame-000437.color.png,-0.48643035,-0.59020478,0.7100538,0.956132219,-0.175109419,0.233726725,-0.02279671,-0.21013294160366058,-0.5663206577301025,0.8591658473014832,0.9795911312103271,-0.11464303731918335,0.15978993475437164,0.04153677821159363
redkitchen,test,seq-06,redkitchen/seq-06/frame-000438.color.png,-0.47288904,-0.58896345,0.70607495,0.957956775,-0.173290546,0.227621484,-0.02185552,-0.2646259069442749,-0.5739272832870483,0.8777930736541748,0.9798740148544312,-0.11836288124322891,0.1546063870191574,0.043977562338113785
redkitchen,test,seq-06,redkitchen/seq-06/frame-000439.color.png,-0.45290837,-0.58747357,0.70239079,0.959666424,-0.171363779,0.221701534,-0.02287441,-0.2071169763803482,-0.5611748695373535,0.8926762342453003,0.9788182973861694,-0.1176532581448555,0.16208988428115845,0.04241842031478882
redkitchen,test,seq-06,redkitchen/seq-06/frame-000440.color.png,-0.43707719,-0.58263135,0.69593734,0.961596807,-0.167811963,0.215912593,-0.023504857,-0.261893093585968,-0.590087890625,0.8578478097915649,0.979706346988678,-0.12097234278917313,0.15519748628139496,0.03814465552568436
redkitchen,test,seq-06,redkitchen/seq-06/frame-000441.color.png,-0.4164668,-0.5789637,0.69147849,0.963531313,-0.165408936,0.208828402,-0.025258492,-0.25992298126220703,-0.6055779457092285,0.8481097221374512,0.9802975058555603,-0.1169312447309494,0.156255841255188,0.030461641028523445
redkitchen,test,seq-06,redkitchen/seq-06/frame-000442.color.png,-0.4033668,-0.57662374,0.68972194,0.964661283,-0.164481939,0.203976472,-0.027711005,-0.2756745517253876,-0.5897628664970398,0.8529525399208069,0.980689525604248,-0.11838097125291824,0.15296432375907898,0.028910981491208076
redkitchen,test,seq-06,redkitchen/seq-06/frame-000443.color.png,-0.38461387,-0.57295537,0.6847989,0.965502583,-0.163396866,0.200517976,-0.029979445,-0.23083846271038055,-0.577119767665863,0.8595278263092041,0.9814059138298035,-0.11683608591556549,0.14967909455299377,0.028067441657185555
redkitchen,test,seq-06,redkitchen/seq-06/frame-000444.color.png,-0.37095493,-0.56902349,0.68251699,0.96610402,-0.162337528,0.198195995,-0.031747385,-0.24668727815151215,-0.5693619847297668,0.8516191840171814,0.9796488881111145,-0.12264744192361832,0.15569472312927246,0.03169857710599899
redkitchen,test,seq-06,redkitchen/seq-06/frame-000445.color.png,-0.35508215,-0.5662837,0.68060094,0.966772284,-0.162323912,0.194669735,-0.033256475,-0.22760270535945892,-0.577886164188385,0.8494882583618164,0.9799253940582275,-0.12316163629293442,0.15376810729503632,0.03054160438477993
redkitchen,test,seq-06,redkitchen/seq-06/frame-000446.color.png,-0.33660486,-0.56326956,0.67771137,0.967426112,-0.162479208,0.190692083,-0.036383423,-0.1936134397983551,-0.5542631149291992,0.8409374952316284,0.9794615507125854,-0.1260431855916977,0.1553783118724823,0.025016672909259796
redkitchen,test,seq-06,redkitchen/seq-06/frame-000447.color.png,-0.31990343,-0.56116247,0.67452776,0.968008489,-0.162309537,0.18719688,-0.03965485,-0.16888301074504852,-0.5633357167243958,0.8201683759689331,0.9812991619110107,-0.1260816901922226,0.14468392729759216,0.014896443113684654
redkitchen,test,seq-06,redkitchen/seq-06/frame-000448.color.png,-0.30121347,-0.5585416,0.67110664,0.968935532,-0.160187382,0.183767155,-0.041636157,-0.1910797506570816,-0.5542204976081848,0.8130747675895691,0.981270968914032,-0.1225556954741478,0.1472812443971634,0.01988575980067253
redkitchen,test,seq-06,redkitchen/seq-06/frame-000449.color.png,-0.28418219,-0.55542904,0.66802824,0.970070786,-0.157414105,0.179717928,-0.043415852,-0.22481173276901245,-0.5612744688987732,0.8196386694908142,0.9816762804985046,-0.12141050398349762,0.1453813910484314,0.020868804305791855
redkitchen,test,seq-06,redkitchen/seq-06/frame-000450.color.png,-0.26840198,-0.55345553,0.66629857,0.971255347,-0.155715587,0.174077707,-0.045963657,-0.23805159330368042,-0.5661081075668335,0.8448684215545654,0.9802511930465698,-0.1256495863199234,0.15123878419399261,0.02113243378698826
redkitchen,test,seq-06,redkitchen/seq-06/frame-000451.color.png,-0.25202686,-0.55275214,0.66425353,0.971921098,-0.155234618,0.16946432,-0.05053154,-0.16450147330760956,-0.5398027300834656,0.8318415284156799,0.9830989837646484,-0.11796368658542633,0.13908246159553528,0.01603427529335022
redkitchen,test,seq-06,redkitchen/seq-06/frame-000452.color.png,-0.23565803,-0.55199188,0.66208607,0.972363568,-0.154299368,0.166035991,-0.055971837,-0.14889442920684814,-0.5282338857650757,0.8194043636322021,0.9835002422332764,-0.11069926619529724,0.1427934318780899,0.009110700339078903
redkitchen,test,seq-06,redkitchen/seq-06/frame-000453.color.png,-0.21913172,-0.55028832,0.65944189,0.972733368,-0.153705604,0.162303832,-0.061821091,-0.14731761813163757,-0.5552464127540588,0.8058468699455261,0.9858372211456299,-0.111944280564785,0.12466834485530853,0.007154534570872784
redkitchen,test,seq-06,redkitchen/seq-06/frame-000454.color.png,-0.20740661,-0.55163538,0.65704161,0.973087341,-0.154326906,0.156778698,-0.068590615,-0.06969181448221207,-0.5562090873718262,0.7913709282875061,0.9859045147895813,-0.11177870631217957,0.12447889894247055,-0.0016679292311891913
redkitchen,test,seq-06,redkitchen/seq-06/frame-000455.color.png,-0.18872881,-0.55228329,0.6523456,0.973972152,-0.153005231,0.148553982,-0.076807299,-0.07468947768211365,-0.554796576499939,0.753285825252533,0.987557053565979,-0.10772847384214401,0.11348236352205276,-0.01572822779417038
redkitchen,test,seq-06,redkitchen/seq-06/frame-000456.color.png,-0.17286517,-0.55438304,0.64885062,0.975039695,-0.151135473,0.139843464,-0.083063034,-0.07468947768211365,-0.554796576499939,0.753285825252533,0.987557053565979,-0.10772847384214401,0.11348236352205276,-0.01572822779417038
redkitchen,test,seq-06,redkitchen/seq-06/frame-000457.color.png,-0.17015299,-0.55523539,0.64927566,0.975013216,-0.151448907,0.139623561,-0.083172822,-0.000179339200258255,-0.554663360118866,0.6991534233093262,0.9879814386367798,-0.11344843357801437,0.10205405950546265,-0.0246366485953331
redkitchen,test,seq-06,redkitchen/seq-06/frame-000458.color.png,-0.15511772,-0.55821073,0.64410722,0.976563408,-0.147480418,0.130787861,-0.086417426,0.05461086332798004,-0.5399683713912964,0.624371349811554,0.9888392090797424,-0.10509762167930603,0.09636498242616653,-0.04318893700838089
redkitchen,test,seq-06,redkitchen/seq-06/frame-000459.color.png,-0.14718911,-0.55812418,0.64037746,0.978435344,-0.14049225,0.121897319,-0.089817866,0.021614408120512962,-0.5491113662719727,0.6841958165168762,0.9899876117706299,-0.09477825462818146,0.08979131281375885,-0.053656771779060364
redkitchen,test,seq-06,redkitchen/seq-06/frame-000460.color.png,-0.12852754,-0.55834043,0.63784039,0.979897159,-0.1345193,0.110702098,-0.097217084,0.0201739352196455,-0.5805419087409973,0.7622971534729004,0.9902669191360474,-0.09022749215364456,0.08592274785041809,-0.06202901154756546
redkitchen,test,seq-06,redkitchen/seq-06/frame-000461.color.png,-0.11433657,-0.55865943,0.63672882,0.980983521,-0.129514642,0.099868927,-0.104515486,0.0201739352196455,-0.5805419087409973,0.7622971534729004,0.9902669191360474,-0.09022749215364456,0.08592274785041809,-0.06202901154756546
redkitchen,test,seq-06,redkitchen/seq-06/frame-000462.color.png,-0.11238915,-0.558761,0.63662094,0.980975219,-0.129621373,0.099778741,-0.104547226,0.054845988750457764,-0.5666745901107788,0.7851381897926331,0.9901562333106995,-0.08706791698932648,0.08645759522914886,-0.06734129041433334
redkitchen,test,seq-06,redkitchen/seq-06/frame-000463.color.png,-0.097444281,-0.55970919,0.63613367,0.981603442,-0.126058711,0.090766887,-0.111019172,0.13679955899715424,-0.5699039697647095,0.7924471497535706,0.9920165538787842,-0.07493072748184204,0.05212852731347084,-0.08701220154762268
redkitchen,test,seq-06,redkitchen/seq-06/frame-000464.color.png,-0.087581538,-0.55993474,0.63389182,0.982435312,-0.121842919,0.080480301,-0.116181247,0.14706197381019592,-0.5501949191093445,0.7346779704093933,0.992443323135376,-0.07311128824949265,0.04441823437809944,-0.08796614408493042
redkitchen,test,seq-06,redkitchen/seq-06/frame-000465.color.png,-0.070872359,-0.5598411,0.63480014,0.983297856,-0.117139823,0.071832066,-0.119347154,0.09024401009082794,-0.5588582158088684,0.7600334882736206,0.9915332794189453,-0.0836823359131813,0.059896498918533325,-0.07919278740882874
redkitchen,test,seq-06,redkitchen/seq-06/frame-000466.color.png,-0.053601287,-0.55857199,0.63509822,0.984200858,-0.11204317,0.060592173,-0.122977994,0.05555803328752518,-0.5554049611091614,0.737144410610199,0.9943629503250122,-0.07692182064056396,0.019492413848638535,-0.07032386213541031
redkitchen,test,seq-06,redkitchen/seq-06/frame-000467.color.png,-0.053930514,-0.55778629,0.63470781,0.984258208,-0.111691432,0.060336431,-0.122964705,0.03623497486114502,-0.5473185181617737,0.7312692403793335,0.9933258891105652,-0.07224641740322113,-0.008242913521826267,-0.08953283727169037
redkitchen,test,seq-06,redkitchen/seq-06/frame-000468.color.png,-0.039869126,-0.55716377,0.63682348,0.984879973,-0.106944585,0.050231172,-0.126693033,0.03623497486114502,-0.5473185181617737,0.7312692403793335,0.9933258891105652,-0.07224641740322113,-0.008242913521826267,-0.08953283727169037
redkitchen,test,seq-06,redkitchen/seq-06/frame-000469.color.png,-0.019485993,-0.55568349,0.64029998,0.985304246,-0.103527127,0.040333813,-0.129733809,0.17537958920001984,-0.5105788111686707,0.6950526237487793,0.9909833669662476,-0.05582045391201973,-0.045134685933589935,-0.11313164234161377
redkitchen,test,seq-06,redkitchen/seq-06/frame-000470.color.png,-0.003821785,-0.5583325,0.64442348,0.985563956,-0.102274545,0.030976079,-0.131316748,0.16902689635753632,-0.500735878944397,0.6982038021087646,0.9906210899353027,-0.05774480476975441,-0.04698291793465614,-0.1145775094628334
redkitchen,test,seq-06,redkitchen/seq-06/frame-000471.color.png,0.011569452,-0.559484,0.64745057,0.986136511,-0.099917531,0.022620517,-0.130535743,0.1744900792837143,-0.4793207049369812,0.6539387702941895,0.9913268089294434,-0.051932141184806824,-0.05295587331056595,-0.10848938673734665
redkitchen,test,seq-06,redkitchen/seq-06/frame-000472.color.png,0.011211718,-0.55863488,0.64709103,0.986179058,-0.099546899,0.022435367,-0.130529444,0.1744900792837143,-0.4793207049369812,0.6539387702941895,0.9913268089294434,-0.051932141184806824,-0.05295587331056595,-0.10848938673734665
redkitchen,test,seq-06,redkitchen/seq-06/frame-000473.color.png,0.029614612,-0.55967867,0.65159893,0.986650007,-0.096472465,0.015083525,-0.130335392,0.26791912317276,-0.5092676281929016,0.6392461061477661,0.9910184144973755,-0.05189185589551926,-0.054438039660453796,-0.11057225614786148
redkitchen,test,seq-06,redkitchen/seq-06/frame-000474.color.png,0.046618883,-0.55909216,0.65633667,0.986856444,-0.093647411,0.009207051,-0.131376372,0.2743259370326996,-0.5107733011245728,0.6190940737724304,0.9914984107017517,-0.048860613256692886,-0.05275142192840576,-0.10844684392213821
redkitchen,test,seq-06,redkitchen/seq-06/frame-000475.color.png,0.06380602,-0.55863643,0.66210431,0.986793431,-0.092487979,0.003955136,-0.132924999,0.2609502971172333,-0.4804714322090149,0.6135097742080688,0.9907237887382507,-0.04224980250000954,-0.058780234307050705,-0.11500528454780579
redkitchen,test,seq-06,redkitchen/seq-06/frame-000476.color.png,0.079840265,-0.55948693,0.66709316,0.9868848,-0.091955749,-0.000574316,-0.132673292,0.2597826421260834,-0.4719657897949219,0.6255778074264526,0.9907330870628357,-0.041150256991386414,-0.055667366832494736,-0.11685720086097717
redkitchen,test,seq-06,redkitchen/seq-06/frame-000477.color.png,0.080392465,-0.56044096,0.66773218,0.986838576,-0.092261965,-0.000773326,-0.132803452,0.2597826421260834,-0.4719657897949219,0.6255778074264526,0.9907330870628357,-0.041150256991386414,-0.055667366832494736,-0.11685720086097717
redkitchen,test,seq-06,redkitchen/seq-06/frame-000478.color.png,0.093683064,-0.55879593,0.67254072,0.987072043,-0.091044039,-0.003926954,-0.131849705,0.27725112438201904,-0.4631892442703247,0.616269588470459,0.9907930493354797,-0.03629784286022186,-0.05327748507261276,-0.1190507560968399
redkitchen,test,seq-06,redkitchen/seq-06/frame-000479.color.png,0.10876952,-0.56244922,0.67943472,0.986950305,-0.091668047,-0.006528634,-0.132224962,0.27339351177215576,-0.45528483390808105,0.6138097047805786,0.9898386001586914,-0.03779254108667374,-0.0603606291115284,-0.12307662516832352
redkitchen,test,seq-06,redkitchen/seq-06/frame-000480.color.png,0.12474447,-0.56260896,0.68444622,0.987352149,-0.089467785,-0.009526304,-0.130539263,0.3188736140727997,-0.45311176776885986,0.5978018045425415,0.989107608795166,-0.038419682532548904,-0.07726551592350006,-0.1192479357123375
redkitchen,test,seq-06,redkitchen/seq-06/frame-000481.color.png,0.13768801,-0.56186002,0.68954575,0.987561066,-0.087395469,-0.012766785,-0.130085289,0.34930670261383057,-0.4494186043739319,0.5975521206855774,0.9882386326789856,-0.0340903140604496,-0.08003482222557068,-0.12576420605182648
redkitchen,test,seq-06,redkitchen/seq-06/frame-000482.color.png,0.13796839,-0.56292462,0.69025367,0.987518637,-0.087787502,-0.012898042,-0.130130457,0.34930670261383057,-0.4494186043739319,0.5975521206855774,0.9882386326789856,-0.0340903140604496,-0.08003482222557068,-0.12576420605182648
redkitchen,test,seq-06,redkitchen/seq-06/frame-000483.color.png,0.15399255,-0.56423301,0.69528913,0.987538165,-0.086452841,-0.015519602,-0.130588745,0.37149253487586975,-0.45923060178756714,0.6212948560714722,0.9888287782669067,-0.035409800708293915,-0.08006812632083893,-0.12063512951135635
redkitchen,test,seq-06,redkitchen/seq-06/frame-000484.color.png,0.1692692,-0.56591034,0.70080674,0.987740616,-0.084404335,-0.016798872,-0.130238942,0.3633195161819458,-0.46422356367111206,0.6285088658332825,0.9889508485794067,-0.03351635858416557,-0.08186212182044983,-0.11896015703678131
redkitchen,test,seq-06,redkitchen/seq-06/frame-000485.color.png,0.18245347,-0.5676344,0.70603251,0.98783549,-0.0822465,-0.018349517,-0.130689912,0.35734033584594727,-0.4357767701148987,0.6258934736251831,0.9863237142562866,-0.03356006741523743,-0.1000334843993187,-0.1266198605298996
redkitchen,test,seq-06,redkitchen/seq-06/frame-000486.color.png,0.19755554,-0.56689143,0.71043688,0.987968777,-0.078696348,-0.02167365,-0.131357656,0.40274578332901,-0.43300139904022217,0.6371333599090576,0.9857693314552307,-0.029040111228823662,-0.10784676671028137,-0.12563644349575043
redkitchen,test,seq-06,redkitchen/seq-06/frame-000487.color.png,0.1967257,-0.56804508,0.71119326,0.987928679,-0.079037827,-0.02166874,-0.131454984,0.40274578332901,-0.43300139904022217,0.6371333599090576,0.9857693314552307,-0.029040111228823662,-0.10784676671028137,-0.12563644349575043
redkitchen,test,seq-06,redkitchen/seq-06/frame-000488.color.png,0.21090835,-0.57055163,0.717094,0.98773272,-0.077650757,-0.024322119,-0.133277411,0.39656949043273926,-0.4369160532951355,0.6298232078552246,0.9857383370399475,-0.021117718890309334,-0.10523247718811035,-0.12961529195308685
redkitchen,test,seq-06,redkitchen/seq-06/frame-000489.color.png,0.22681418,-0.5744555,0.72260308,0.987403157,-0.076906988,-0.025610257,-0.135883904,0.3702688217163086,-0.42436009645462036,0.6204975247383118,0.9857824444770813,-0.02572263963520527,-0.11023861914873123,-0.12417233735322952
redkitchen,test,seq-06,redkitchen/seq-06/frame-000490.color.png,0.24246356,-0.57787561,0.72715878,0.987380664,-0.074164249,-0.027587615,-0.137178759,0.43290913105010986,-0.42889344692230225,0.6375706791877747,0.9851619005203247,-0.021953336894512177,-0.10384593158960342,-0.13487081229686737
redkitchen,test,seq-06,redkitchen/seq-06/frame-000491.color.png,0.25785041,-0.58161199,0.73291302,0.987202648,-0.070613835,-0.033132826,-0.139092895,0.43290913105010986,-0.42889344692230225,0.6375706791877747,0.9851619005203247,-0.021953336894512177,-0.10384593158960342,-0.13487081229686737
redkitchen,test,seq-06,redkitchen/seq-06/frame-000492.color.png,0.25602642,-0.58253384,0.73320442,0.987190482,-0.070947124,-0.033064706,-0.139025837,0.3789973855018616,-0.45271843671798706,0.6981068849563599,0.9870267510414124,-0.024721337482333183,-0.10090439766645432,-0.122414231300354
redkitchen,test,seq-06,redkitchen/seq-06/frame-000493.color.png,0.27631262,-0.58170307,0.73694462,0.987074897,-0.065221744,-0.040135592,-0.140777863,0.41379380226135254,-0.43987607955932617,0.6930311322212219,0.9894410371780396,-0.015925969928503036,-0.08098715543746948,-0.1191386803984642
redkitchen,test,seq-06,redkitchen/seq-06/frame-000494.color.png,0.29230461,-0.583233,0.74245864,0.986742711,-0.061447476,-0.046297023,-0.142897218,0.4494897127151489,-0.4331589341163635,0.6771561503410339,0.9874337315559387,-0.007802053354680538,-0.0767800435423851,-0.1379081904888153
redkitchen,test,seq-06,redkitchen/seq-06/frame-000495.color.png,0.30851865,-0.5866189,0.74847049,0.986320249,-0.059659562,-0.049587427,-0.145444803,0.41853994131088257,-0.4211689829826355,0.686816930770874,0.9862257242202759,0.0036152335815131664,-0.07395254075527191,-0.14790773391723633
redkitchen,test,seq-06,redkitchen/seq-06/frame-000496.color.png,0.32231462,-0.58724946,0.75292325,0.986055763,-0.056907785,-0.051168566,-0.147774539,0.4440683126449585,-0.4271777272224426,0.6671868562698364,0.9863615036010742,0.0027679135091602802,-0.06228217855095863,-0.1523294299840927
redkitchen,test,seq-06,redkitchen/seq-06/frame-000497.color.png,0.34068382,-0.58962548,0.758102,0.985665438,-0.055361316,-0.053432609,-0.150145682,0.4270172417163849,-0.40672457218170166,0.6860437989234924,0.986562192440033,0.002077111043035984,-0.06096937134861946,-0.15157003700733185
redkitchen,test,seq-06,redkitchen/seq-06/frame-000498.color.png,0.35885674,-0.59073192,0.76266569,0.985649744,-0.052997252,-0.057336308,-0.149661021,0.4506377577781677,-0.4346500635147095,0.7194436192512512,0.9885868430137634,0.0013895344454795122,-0.04712599888443947,-0.14308515191078186
redkitchen,test,seq-06,redkitchen/seq-06/frame-000499.color.png,0.35830426,-0.59197134,0.76304018,0.985617156,-0.053415999,-0.057395143,-0.14970421,0.4506377577781677,-0.4346500635147095,0.7194436192512512,0.9885868430137634,0.0013895344454795122,-0.04712599888443947,-0.14308515191078186
redkitchen,test,seq-06,redkitchen/seq-06/frame-000500.color.png,0.37419063,-0.59034735,0.76703912,0.985795233,-0.050760702,-0.062809208,-0.147262057,0.4431707262992859,-0.427969753742218,0.703170657157898,0.9880260825157166,0.00705993315204978,-0.041688159108161926,-0.14838048815727234
redkitchen,test,seq-06,redkitchen/seq-06/frame-000501.color.png,0.39092451,-0.59071636,0.77199751,0.985798018,-0.050357931,-0.06772421,-0.145188769,0.46425196528434753,-0.40484440326690674,0.7066259384155273,0.9854967594146729,0.0126019436866045,-0.06035034358501434,-0.15809860825538635
redkitchen,test,seq-06,redkitchen/seq-06/frame-000502.color.png,0.40834799,-0.5925017,0.77621943,0.985977454,-0.051231451,-0.069830903,-0.142644467,0.42332571744918823,-0.4296386241912842,0.7108643651008606,0.9889769554138184,0.008456415496766567,-0.042705390602350235,-0.14152483642101288
redkitchen,test,seq-06,redkitchen/seq-06/frame-000503.color.png,0.4189581,-0.59351707,0.77967662,0.986407113,-0.052120725,-0.068961062,-0.139745515,0.48083987832069397,-0.41189610958099365,0.6979913711547852,0.9899150133132935,0.004140428267419338,-0.0403323769569397,-0.13573682308197021
redkitchen,test,seq-06,redkitchen/seq-06/frame-000504.color.png,0.43638057,-0.59542358,0.78322023,0.986650497,-0.052221238,-0.069722682,-0.13759537,0.47470247745513916,-0.4047863483428955,0.7047837972640991,0.9890459775924683,-0.0057437121868133545,-0.05799286440014839,-0.1356169879436493
redkitchen,test,seq-06,redkitchen/seq-06/frame-000505.color.png,0.45543128,-0.59380955,0.78518605,0.986729436,-0.050001935,-0.073428134,-0.135915912,0.46867823600769043,-0.39834076166152954,0.6920665502548218,0.9887421727180481,-0.005600015167146921,-0.058874018490314484,-0.1374460756778717
redkitchen,test,seq-06,redkitchen/seq-06/frame-000506.color.png,0.458561,-0.59314901,0.78541374,0.986784801,-0.049700313,-0.073692682,-0.135480716,0.46867823600769043,-0.39834076166152954,0.6920665502548218,0.9887421727180481,-0.005600015167146921,-0.058874018490314484,-0.1374460756778717
redkitchen,test,seq-06,redkitchen/seq-06/frame-000507.color.png,0.47570291,-0.59244204,0.78765565,0.986708913,-0.048598905,-0.076159032,-0.135068388,0.4508453905582428,-0.4051985740661621,0.694046139717102,0.9889795184135437,-0.002081760438159108,-0.061510007828474045,-0.1346542239189148
redkitchen,test,seq-06,redkitchen/seq-06/frame-000508.color.png,0.49015003,-0.59098834,0.78945142,0.986760637,-0.04779208,-0.077200115,-0.134385656,0.5170134902000427,-0.40796536207199097,0.6865013241767883,0.989031970500946,-0.005227542482316494,-0.04611003026366234,-0.14022210240364075
redkitchen,test,seq-06,redkitchen/seq-06/frame-000509.color.png,0.50764036,-0.58888704,0.79059708,0.986838754,-0.046465256,-0.078136704,-0.133734473,0.5095198750495911,-0.41306132078170776,0.6957213282585144,0.9887769222259521,-0.004049711395055056,-0.03993082046508789,-0.14390701055526733
redkitchen,test,seq-06,redkitchen/seq-06/frame-000510.color.png,0.52624577,-0.58858442,0.79257083,0.986574133,-0.045071698,-0.081376703,-0.134230603,0.5291117429733276,-0.3985321521759033,0.7104085683822632,0.9886140823364258,-0.002405123319476843,-0.04423961415886879,-0.1438027322292328
redkitchen,test,seq-06,redkitchen/seq-06/frame-000511.color.png,0.54524904,-0.58744287,0.79367828,0.986383495,-0.043168905,-0.084542764,-0.134300291,0.5436376333236694,-0.3811136484146118,0.7241912484169006,0.9878601431846619,0.002931011840701103,-0.05224469304084778,-0.14626769721508026
redkitchen,test,seq-06,redkitchen/seq-06/frame-000512.color.png,0.54431307,-0.58715135,0.79373842,0.986408348,-0.042998644,-0.084776717,-0.134024612,0.5436376333236694,-0.3811136484146118,0.7241912484169006,0.9878601431846619,0.002931011840701103,-0.05224469304084778,-0.14626769721508026
redkitchen,test,seq-06,redkitchen/seq-06/frame-000513.color.png,0.56006837,-0.58416575,0.79495531,0.986073844,-0.040890389,-0.087239869,-0.135556469,0.5802770853042603,-0.4073683023452759,0.7040865421295166,0.986565351486206,-0.0020246899221092463,-0.05566060170531273,-0.15357917547225952
redkitchen,test,seq-06,redkitchen/seq-06/frame-000514.color.png,0.57650268,-0.58197069,0.79679161,0.985331308,-0.040120549,-0.089963906,-0.139352252,0.582310676574707,-0.40832608938217163,0.7167457938194275,0.9874083995819092,0.0011314703151583672,-0.04419121518731117,-0.1518893837928772
redkitchen,test,seq-06,redkitchen/seq-06/frame-000515.color.png,0.59693944,-0.58043772,0.79830819,0.984504829,-0.039687568,-0.094180545,-0.142496191,0.6210892200469971,-0.41787397861480713,0.7069295048713684,0.9863921999931335,-0.0019128627609461546,-0.05836523696780205,-0.153688445687294
redkitchen,test,seq-06,redkitchen/seq-06/frame-000516.color.png,0.61084813,-0.57828742,0.80053717,0.9835938,-0.039228482,-0.099170416,-0.14549774,0.5967292189598083,-0.40009987354278564,0.7088570594787598,0.9864980578422546,-0.0004044132074341178,-0.061929985880851746,-0.15161144733428955
redkitchen,test,seq-06,redkitchen/seq-06/frame-000517.color.png,0.62173611,-0.57680696,0.80280113,0.982129062,-0.040254012,-0.103036052,-0.152268488,0.640653669834137,-0.39636170864105225,0.7059075236320496,0.987394392490387,0.0007266823085956275,-0.05120445787906647,-0.1497662514448166
redkitchen,test,seq-06,redkitchen/seq-06/frame-000518.color.png,0.63412219,-0.57699037,0.80504733,0.980318565,-0.041752249,-0.10892877,-0.159269535,0.738923966884613,-0.42842090129852295,0.7116631269454956,0.9862346649169922,0.0016470880946144462,-0.04855654388666153,-0.15805266797542572
redkitchen,test,seq-06,redkitchen/seq-06/frame-000519.color.png,0.63382548,-0.57569969,0.80446905,0.980349861,-0.041257697,-0.109172002,-0.159039073,0.738923966884613,-0.42842090129852295,0.7116631269454956,0.9862346649169922,0.0016470880946144462,-0.04855654388666153,-0.15805266797542572
redkitchen,test,seq-06,redkitchen/seq-06/frame-000520.color.png,0.64935899,-0.57719475,0.806741,0.97879709,-0.042420115,-0.116213938,-0.163251683,0.6989724636077881,-0.4440898895263672,0.7460318207740784,0.9852349162101746,0.008619168773293495,-0.05651949346065521,-0.16137924790382385
redkitchen,test,seq-06,redkitchen/seq-06/frame-000521.color.png,0.66575998,-0.57800204,0.80974799,0.977096703,-0.043933434,-0.12376018,-0.167437461,0.7316190004348755,-0.4529728889465332,0.7431429624557495,0.9852652549743652,0.0022903147619217634,-0.05642670765519142,-0.16144110262393951
redkitchen,test,seq-06,redkitchen/seq-06/frame-000522.color.png,0.67883694,-0.57879025,0.81235725,0.975357522,-0.045569447,-0.131703513,-0.171041847,0.7811952829360962,-0.44852668046951294,0.7472429275512695,0.9850314855575562,-0.0006035966798663139,-0.057883258908987045,-0.16236470639705658
redkitchen,test,seq-06,redkitchen/seq-06/frame-000523.color.png,0.68989003,-0.58131677,0.81498772,0.973409643,-0.047963338,-0.139765189,-0.175039646,0.8355220556259155,-0.46216028928756714,0.7367678284645081,0.9840753078460693,-0.012092908844351768,-0.0732734426856041,-0.16149471700191498
redkitchen,test,seq-06,redkitchen/seq-06/frame-000524.color.png,0.70387918,-0.58417422,0.81708735,0.971438091,-0.048880785,-0.147295727,-0.179506747,0.8814254403114319,-0.4592496156692505,0.7577613592147827,0.982966423034668,-0.004199855029582977,-0.07739753276109695,-0.16664020717144012
redkitchen,test,seq-06,redkitchen/seq-06/frame-000525.color.png,0.72049332,-0.58333635,0.81839108,0.96991499,-0.048258693,-0.153488422,-0.182694593,0.8968520164489746,-0.4728834629058838,0.769664466381073,0.9821260571479797,-0.0023480502422899008,-0.08112075179815292,-0.16983027756214142
redkitchen,test,seq-06,redkitchen/seq-06/frame-000526.color.png,0.71809667,-0.58468378,0.81875968,0.969864053,-0.048755371,-0.153348979,-0.182950055,0.9076867699623108,-0.4836219549179077,0.7878018617630005,0.9814028143882751,-0.002508381614461541,-0.08786758780479431,-0.17065030336380005
redkitchen,test,seq-06,redkitchen/seq-06/frame-000527.color.png,0.73082006,-0.58241636,0.81926596,0.968360843,-0.048511532,-0.157825228,-0.187123238,0.9076867699623108,-0.4836219549179077,0.7878018617630005,0.9814028143882751,-0.002508381614461541,-0.08786758780479431,-0.17065030336380005
redkitchen,test,seq-06,redkitchen/seq-06/frame-000528.color.png,0.74245167,-0.5833258,0.82101601,0.966541786,-0.049549402,-0.163357228,-0.191458216,0.8505988121032715,-0.4802854657173157,0.7693728804588318,0.9825382232666016,-0.0029357706662267447,-0.0816764384508133,-0.16714997589588165
redkitchen,test,seq-06,redkitchen/seq-06/frame-000529.color.png,0.75764322,-0.58342904,0.82191759,0.965018784,-0.050330734,-0.168887039,-0.194120405,0.8873427510261536,-0.4731642007827759,0.7604348659515381,0.9791267514228821,0.0008148138294927776,-0.10841650515794754,-0.17191864550113678
redkitchen,test,seq-06,redkitchen/seq-06/frame-000530.color.png,0.77220547,-0.58274597,0.82262653,0.964178042,-0.050096605,-0.173459322,-0.194326781,0.8788565397262573,-0.4874139428138733,0.7807345986366272,0.9767271280288696,0.0027244805824011564,-0.12423072010278702,-0.17482420802116394
redkitchen,test,seq-06,redkitchen/seq-06/frame-000531.color.png,0.78219008,-0.58205307,0.82365799,0.963290615,-0.050527723,-0.177451332,-0.195010681,0.9431103467941284,-0.49374067783355713,0.7910990715026855,0.977073073387146,-0.0039750030264258385,-0.12437450885772705,-0.1727519929409027
redkitchen,test,seq-06,redkitchen/seq-06/frame-000532.color.png,0.79499501,-0.58212149,0.82434344,0.962462203,-0.05185329,-0.180884605,-0.19559781,0.9152560234069824,-0.49417948722839355,0.8066422939300537,0.9751657247543335,-0.00442182132974267,-0.1339637041091919,-0.1763121783733368
redkitchen,test,seq-06,redkitchen/seq-06/frame-000533.color.png,0.8078382,-0.58264375,0.82451141,0.962538858,-0.053313808,-0.181363765,-0.194380477,0.9420139789581299,-0.4841151833534241,0.7862823009490967,0.9769420027732849,-0.003582641715183854,-0.12071464955806732,-0.17606668174266815
redkitchen,test,seq-06,redkitchen/seq-06/frame-000534.color.png,0.81754905,-0.58286434,0.82477498,0.962583225,-0.054705966,-0.180980543,-0.194130976,0.9489944577217102,-0.5028398036956787,0.7807799577713013,0.974199652671814,-0.009547606110572815,-0.12973825633525848,-0.18442346155643463
redkitchen,test,seq-06,redkitchen/seq-06/frame-000535.color.png,0.82895863,-0.58189499,0.82521594,0.962158362,-0.054803518,-0.182547497,-0.194741552,0.9314199686050415,-0.4936102628707886,0.7661402821540833,0.9741605520248413,-0.010165383107960224,-0.1255253255367279,-0.18748675286769867
redkitchen,test,seq-06,redkitchen/seq-06/frame-000536.color.png,0.82934922,-0.58224082,0.82520169,0.962171061,-0.055018676,-0.182436488,-0.19472217,0.9149901270866394,-0.4992077946662903,0.7638610601425171,0.973517656326294,-0.013620661571621895,-0.1279127597808838,-0.18898729979991913
redkitchen,test,seq-06,redkitchen/seq-06/frame-000537.color.png,0.83951855,-0.58073527,0.82463372,0.961838008,-0.055189386,-0.183768293,-0.195066637,0.8432862162590027,-0.46815580129623413,0.7026976943016052,0.9762669801712036,-0.009730624966323376,-0.10688968002796173,-0.1881028115749359
redkitchen,test,seq-06,redkitchen/seq-06/frame-000538.color.png,0.84700215,-0.57902431,0.8238194,0.961794215,-0.056120318,-0.183094958,-0.195649262,0.8432862162590027,-0.46815580129623413,0.7026976943016052,0.9762669801712036,-0.009730624966323376,-0.10688968002796173,-0.1881028115749359
redkitchen,test,seq-06,redkitchen/seq-06/frame-000539.color.png,0.85482997,-0.58072537,0.82412374,0.961665439,-0.058067277,-0.182194894,-0.196552273,0.851539134979248,-0.46412068605422974,0.7175236940383911,0.9766283631324768,-0.018139686435461044,-0.1108148992061615,-0.18327070772647858
redkitchen,test,seq-06,redkitchen/seq-06/frame-000540.color.png,0.86683172,-0.58165956,0.82462245,0.961672319,-0.057808013,-0.184232989,-0.194686389,0.8795170187950134,-0.47297126054763794,0.7406054735183716,0.9758011698722839,-0.021815504878759384,-0.12669701874256134,-0.17687314748764038
redkitchen,test,seq-06,redkitchen/seq-06/frame-000541.color.png,0.8742792,-0.57671434,0.82325518,0.961894456,-0.056482461,-0.18564253,-0.192628236,0.9481660723686218,-0.4655349850654602,0.7279961109161377,0.9746386408805847,-0.02253534644842148,-0.14074233174324036,-0.1725204437971115
redkitchen,test,seq-06,redkitchen/seq-06/frame-000542.color.png,0.88364321,-0.57548082,0.82246822,0.961498436,-0.057308757,-0.183998148,-0.195911066,0.9833981990814209,-0.46885550022125244,0.713335394859314,0.9777923226356506,-0.019443996250629425,-0.11610930413007736,-0.17338627576828003
redkitchen,test,seq-06,redkitchen/seq-06/frame-000543.color.png,0.89179355,-0.57381922,0.82082599,0.961860455,-0.057710144,-0.180127043,-0.197606309,0.9442570209503174,-0.45550990104675293,0.738820493221283,0.9791166186332703,-0.014170719310641289,-0.10723018646240234,-0.1721382886171341
redkitchen,test,seq-06,redkitchen/seq-06/frame-000544.color.png,0.90133405,-0.57350868,0.81991833,0.962347949,-0.056572502,-0.178805707,-0.196759996,0.9966475963592529,-0.4725043773651123,0.7442693710327148,0.976658046245575,-0.022615579888224602,-0.12134071439504623,-0.1757955402135849
redkitchen,test,seq-06,redkitchen/seq-06/frame-000545.color.png,0.909253,-0.57113695,0.81855029,0.962263228,-0.054422352,-0.180019478,-0.196674033,1.0376344919204712,-0.4714834690093994,0.7543290853500366,0.9768278002738953,-0.01812625490128994,-0.11585738509893417,-0.17904184758663177
redkitchen,test,seq-06,redkitchen/seq-06/frame-000546.color.png,0.9207257,-0.56986731,0.81781316,0.96169953,-0.051939213,-0.182277226,-0.198018546,1.1052273511886597,-0.47038209438323975,0.7865027785301208,0.9760178327560425,-0.012785797007381916,-0.12243195623159409,-0.17954424023628235
redkitchen,test,seq-06,redkitchen/seq-06/frame-000547.color.png,0.93039918,-0.56617445,0.81579357,0.961924973,-0.047668992,-0.181749256,-0.198482295,1.098313808441162,-0.46220648288726807,0.7715042233467102,0.9771501421928406,-0.010409507900476456,-0.10792803764343262,-0.18281324207782745
redkitchen,test,seq-06,redkitchen/seq-06/frame-000548.color.png,0.92983055,-0.56758595,0.81649816,0.961837673,-0.048110412,-0.181853423,-0.198703325,1.098313808441162,-0.46220648288726807,0.7715042233467102,0.9771501421928406,-0.010409507900476456,-0.10792803764343262,-0.18281324207782745
redkitchen,test,seq-06,redkitchen/seq-06/frame-000549.color.png,0.9415133,-0.56269699,0.81568861,0.961774991,-0.044438829,-0.179247238,-0.20219912,1.0787549018859863,-0.45196855068206787,0.7669291496276855,0.979148268699646,0.002953022951260209,-0.09631121158599854,-0.17884105443954468
redkitchen,test,seq-06,redkitchen/seq-06/frame-000550.color.png,0.95076698,-0.56393242,0.81610769,0.961728063,-0.042590086,-0.176930388,-0.204843492,1.0155471563339233,-0.43097954988479614,0.7483958601951599,0.9786192178726196,0.0010414361022412777,-0.0947149321436882,-0.18257193267345428
redkitchen,test,seq-06,redkitchen/seq-06/frame-000551.color.png,0.96005255,-0.56253052,0.81645173,0.961947112,-0.040116142,-0.17601417,-0.205103538,1.085253119468689,-0.41986364126205444,0.7694018483161926,0.9779567718505859,-0.000554898229893297,-0.10795093327760696,-0.17873668670654297
redkitchen,test,seq-06,redkitchen/seq-06/frame-000552.color.png,0.97407788,-0.56404161,0.82004607,0.961527754,-0.038656417,-0.176370555,-0.20703499,1.0709912776947021,-0.44963765144348145,0.7735729217529297,0.9753785729408264,-0.005198942497372627,-0.10829672962427139,-0.1920454055070877
redkitchen,test,seq-06,redkitchen/seq-06/frame-000553.color.png,0.98411769,-0.56630015,0.82192433,0.960865648,-0.037934205,-0.177083465,-0.209617865,1.0695922374725342,-0.4524043798446655,0.801765501499176,0.9734479784965515,-0.009939792566001415,-0.11829453706741333,-0.19572076201438904
redkitchen,test,seq-06,redkitchen/seq-06/frame-000554.color.png,0.99397266,-0.56777298,0.82435107,0.960337289,-0.036191184,-0.179633395,-0.210176908,1.077112078666687,-0.4457460045814514,0.7927320599555969,0.9742666482925415,-0.003984707873314619,-0.10978569090366364,-0.19681388139724731
redkitchen,test,seq-06,redkitchen/seq-06/frame-000555.color.png,1.0054348,-0.56887347,0.82708311,0.959851037,-0.03399469,-0.182172626,-0.210578923,1.1562644243240356,-0.44292569160461426,0.803570032119751,0.9724206328392029,-0.0006748583982698619,-0.12000327557325363,-0.19999180734157562
redkitchen,test,seq-06,redkitchen/seq-06/frame-000556.color.png,1.0172981,-0.56874132,0.82996064,0.959669166,-0.031698562,-0.183061559,-0.210994689,1.1542195081710815,-0.43870168924331665,0.7906060218811035,0.9735170602798462,0.0033771574962884188,-0.11411160975694656,-0.19806967675685883
redkitchen,test,seq-06,redkitchen/seq-06/frame-000557.color.png,1.0275491,-0.5687719,0.83270186,0.959981382,-0.030155886,-0.182510467,-0.210276719,1.1590746641159058,-0.4246092438697815,0.7943846583366394,0.9744119644165039,0.004164753947407007,-0.11006948351860046,-0.1959305703639984
redkitchen,test,seq-06,redkitchen/seq-06/frame-000558.color.png,1.038079,-0.56993479,0.83615834,0.960281401,-0.029237908,-0.182751881,-0.208821754,1.1654654741287231,-0.42126768827438354,0.7955312132835388,0.9753177762031555,0.002397211967036128,-0.10610619187355042,-0.19362561404705048
redkitchen,test,seq-06,redkitchen/seq-06/frame-000559.color.png,1.048923,-0.56819695,0.83873737,0.961015956,-0.027572386,-0.182828636,-0.205576716,1.2451494932174683,-0.4120286703109741,0.7915194630622864,0.9764824509620667,0.008167324587702751,-0.10193981975317001,-0.1897987574338913
redkitchen,test,seq-06,redkitchen/seq-06/frame-000560.color.png,1.0614166,-0.56790978,0.84220064,0.961594648,-0.026400816,-0.182793787,-0.203039802,1.2354719638824463,-0.419108510017395,0.7923957109451294,0.9771631360054016,0.007608854211866856,-0.10004948824644089,-0.18730822205543518
redkitchen,test,seq-06,redkitchen/seq-06/frame-000561.color.png,1.0729415,-0.56467646,0.844033,0.961988929,-0.023910091,-0.18294679,-0.201335739,1.25180184841156,-0.42034393548965454,0.7999063730239868,0.9771273732185364,0.005453596357256174,-0.10920924693346024,-0.18238863348960876
redkitchen,test,seq-06,redkitchen/seq-06/frame-000562.color.png,1.0847454,-0.56567472,0.84907526,0.962152014,-0.022672484,-0.185169411,-0.198649818,1.25180184841156,-0.42034393548965454,0.7999063730239868,0.9771273732185364,0.005453596357256174,-0.10920924693346024,-0.18238863348960876
redkitchen,test,seq-06,redkitchen/seq-06/frame-000563.color.png,1.0832659,-0.56631386,0.84912854,0.962169478,-0.0229382,-0.185096197,-0.198602952,1.2372719049453735,-0.42180150747299194,0.8002035021781921,0.9771250486373901,0.006983343046158552,-0.11415012925863266,-0.17929789423942566
redkitchen,test,seq-06,redkitchen/seq-06/frame-000564.color.png,1.0935214,-0.56346202,0.8532095,0.962347176,-0.022032051,-0.188342865,-0.194754889,1.2859077453613281,-0.4170539379119873,0.7961962223052979,0.9760950803756714,0.008746051229536533,-0.11983414739370346,-0.18111252784729004
redkitchen,test,seq-06,redkitchen/seq-06/frame-000565.color.png,1.1019415,-0.56263846,0.85707831,0.961961667,-0.023661906,-0.190870706,-0.194005769,1.266943335533142,-0.40815019607543945,0.7932751178741455,0.9765867590904236,0.004180983640253544,-0.12524133920669556,-0.1748582273721695
redkitchen,test,seq-06,redkitchen/seq-06/frame-000566.color.png,1.1105012,-0.56349713,0.85993999,0.961858383,-0.026682491,-0.191629821,-0.193376597,1.2389063835144043,-0.39951497316360474,0.8008162975311279,0.9773761034011841,0.003283455967903137,-0.12175312638282776,-0.1729201376438141
redkitchen,test,seq-06,redkitchen/seq-06/frame-000567.color.png,1.1199892,-0.56385475,0.86208457,0.962306144,-0.029126588,-0.191525381,-0.190883616,1.308732509613037,-0.4137672185897827,0.8476366996765137,0.97711580991745,0.0002937929821200669,-0.12678499519824982,-0.17079296708106995
redkitchen,test,seq-06,redkitchen/seq-06/frame-000568.color.png,1.1265111,-0.56334502,0.86331481,0.962262422,-0.030684986,-0.191873302,-0.190510103,1.3641281127929688,-0.4191386103630066,0.8439785242080688,0.9777860641479492,0.0018402120331302285,-0.12549099326133728,-0.1678781807422638
redkitchen,test,seq-06,redkitchen/seq-06/frame-000569.color.png,1.136718,-0.56392181,0.86535579,0.961745293,-0.031579887,-0.193421936,-0.191407046,1.3547488451004028,-0.421339750289917,0.8691229820251465,0.9767064452171326,-0.0024037829134613276,-0.13072055578231812,-0.17014969885349274
redkitchen,test,seq-06,redkitchen/seq-06/frame-000570.color.png,1.1456327,-0.56378847,0.86665833,0.961800096,-0.032015312,-0.193850858,-0.190623817,1.3758894205093384,-0.4351465106010437,0.8766489028930664,0.9765148162841797,-0.006335095036774874,-0.1324954777956009,-0.16977505385875702
redkitchen,test,seq-06,redkitchen/seq-06/frame-000571.color.png,1.1538426,-0.56155413,0.86671096,0.961787811,-0.031929678,-0.194196137,-0.190348527,1.3217734098434448,-0.4332829713821411,0.8879236578941345,0.976036548614502,-0.008220945484936237,-0.13579422235488892,-0.16983817517757416
redkitchen,test,seq-06,redkitchen/seq-06/frame-000572.color.png,1.1631092,-0.56312537,0.86788553,0.961322754,-0.031976587,-0.195782679,-0.191063347,1.3403539657592773,-0.42887866497039795,0.8922703862190247,0.9755761623382568,-0.006920027080923319,-0.13755787909030914,-0.17111720144748688
redkitchen,test,seq-06,redkitchen/seq-06/frame-000573.color.png,1.1714963,-0.56290531,0.86862713,0.960603064,-0.030018011,-0.198532349,-0.192160292,1.3377741575241089,-0.4288976788520813,0.8916394114494324,0.9758113622665405,-0.0061586578376591206,-0.13633359968662262,-0.17078475654125214
redkitchen,test,seq-06,redkitchen/seq-06/frame-000574.color.png,1.1819943,-0.56089973,0.86952358,0.959565003,-0.026446912,-0.201559007,-0.194703706,1.3614193201065063,-0.41095978021621704,0.8721578121185303,0.9772284626960754,0.0024358578957617283,-0.1230548843741417,-0.17284704744815826
redkitchen,test,seq-06,redkitchen/seq-06/frame-000575.color.png,1.1906606,-0.55905741,0.8715682,0.958429203,-0.023654698,-0.205807795,-0.196206703,1.3758901357650757,-0.45109546184539795,0.9090135097503662,0.9755297899246216,0.0027608813252300024,-0.12733197212219238,-0.17922194302082062
redkitchen,test,seq-06,redkitchen/seq-06/frame-000576.color.png,1.1974055,-0.55881268,0.87428719,0.957134188,-0.023133867,-0.210580346,-0.197521869,1.4243780374526978,-0.455117404460907,0.9069450497627258,0.9754382371902466,0.0050875642336905,-0.13326476514339447,-0.17531345784664154
redkitchen,test,seq-06,redkitchen/seq-06/frame-000577.color.png,1.205677,-0.55808473,0.87754947,0.955460423,-0.023391674,-0.215470161,-0.200301823,1.518675446510315,-0.4498685598373413,0.9351173639297485,0.9744047522544861,0.004425367806106806,-0.1461443156003952,-0.17075605690479279
redkitchen,test,seq-06,redkitchen/seq-06/frame-000578.color.png,1.2102921,-0.55755484,0.88040805,0.953509498,-0.025306723,-0.219441153,-0.204999483,1.4954967498779297,-0.45486533641815186,0.9270449876785278,0.9720085859298706,-0.0006151313427835703,-0.1497233808040619,-0.1810576170682907
redkitchen,test,seq-06,redkitchen/seq-06/frame-000579.color.png,1.217685,-0.55894333,0.8840782,0.951837204,-0.027927457,-0.222760727,-0.208814879,1.432117223739624,-0.49818694591522217,0.9607681035995483,0.9688119292259216,-0.009846203960478306,-0.15863606333732605,-0.19010795652866364
redkitchen,test,seq-06,redkitchen/seq-06/frame-000580.color.png,1.2234799,-0.5619545,0.88700938,0.950495517,-0.030473832,-0.225996394,-0.211081141,1.4519543647766113,-0.5190578103065491,1.0164731740951538,0.967093825340271,-0.007795868907123804,-0.16919925808906555,-0.18984313309192657
redkitchen,test,seq-06,redkitchen/seq-06/frame-000581.color.png,1.2281853,-0.56426883,0.89052874,0.949158017,-0.031531953,-0.230204756,-0.212392478,1.5051013231277466,-0.5411360859870911,1.008495807647705,0.9649651646614075,-0.0031646445859223604,-0.17939651012420654,-0.19143980741500854
redkitchen,test,seq-06,redkitchen/seq-06/frame-000582.color.png,1.2327765,-0.56590807,0.89425784,0.947413995,-0.030908613,-0.236015202,-0.213888297,1.544265866279602,-0.5400129556655884,1.0008710622787476,0.9660552144050598,-0.0019319477723911405,-0.1765407919883728,-0.18859225511550903
redkitchen,test,seq-06,redkitchen/seq-06/frame-000583.color.png,1.2358356,-0.56592202,0.89688557,0.944967567,-0.028631126,-0.243024913,-0.217153049,1.3986153602600098,-0.5222749710083008,0.9477236270904541,0.9669262766838074,-0.0009421177674084902,-0.1715591698884964,-0.18873295187950134
redkitchen,test,seq-06,redkitchen/seq-06/frame-000584.color.png,1.2414261,-0.57062286,0.90274596,0.941908703,-0.026141861,-0.251280454,-0.221320427,1.4183874130249023,-0.5116065144538879,0.9256886839866638,0.9661689400672913,-5.010296808904968e-05,-0.18073374032974243,-0.18399158120155334
redkitchen,test,seq-06,redkitchen/seq-06/frame-000585.color.png,1.2476801,-0.57101172,0.90755737,0.939614333,-0.022534217,-0.259599165,-0.22186795,1.4673199653625488,-0.5402200222015381,0.9210031032562256,0.9598830342292786,0.0016927769174799323,-0.2029280811548233,-0.1934989094734192
redkitchen,test,seq-06,redkitchen/seq-06/frame-000586.color.png,1.2508841,-0.57351536,0.91216832,0.936902618,-0.020099651,-0.268303346,-0.223210224,1.4690505266189575,-0.5058644413948059,0.9487929344177246,0.9550462365150452,0.006588509771972895,-0.22160018980503082,-0.19681619107723236
redkitchen,test,seq-06,redkitchen/seq-06/frame-000587.color.png,1.256927,-0.5754689,0.91594666,0.933809562,-0.016594037,-0.277143593,-0.225645227,1.3625949621200562,-0.49952811002731323,0.911099374294281,0.9521306157112122,0.0036179320886731148,-0.2181188017129898,-0.21414557099342346
redkitchen,test,seq-06,redkitchen/seq-06/frame-000588.color.png,1.2633412,-0.57610971,0.92183256,0.930726326,-0.011758247,-0.285783618,-0.227899044,1.310068964958191,-0.519246518611908,0.8962140083312988,0.9499695301055908,0.0021676213946193457,-0.234251469373703,-0.20659002661705017
redkitchen,test,seq-06,redkitchen/seq-06/frame-000589.color.png,1.2682964,-0.57511324,0.92615712,0.927722224,-0.007778282,-0.292820934,-0.231358755,1.4277757406234741,-0.5170026421546936,0.969153106212616,0.940405011177063,0.013230439275503159,-0.2679639756679535,-0.2089466154575348
redkitchen,test,seq-06,redkitchen/seq-06/frame-000590.color.png,1.2715842,-0.57868761,0.93077683,0.923696575,-0.005193551,-0.301527986,-0.236301794,1.3533902168273926,-0.5350268483161926,0.9304561018943787,0.9336385726928711,0.00828242115676403,-0.2784273624420166,-0.2252301424741745
redkitchen,test,seq-06,redkitchen/seq-06/frame-000591.color.png,1.2772899,-0.58026296,0.93587184,0.919350465,-0.002409035,-0.312658092,-0.238817579,1.302329659461975,-0.5226081013679504,0.9245815873146057,0.9197442531585693,0.008521181531250477,-0.3112737834453583,-0.23896950483322144
redkitchen,test,seq-06,redkitchen/seq-06/frame-000592.color.png,1.2832087,-0.5828262,0.94356841,0.914923593,-0.000257057,-0.323572941,-0.241278479,1.3094264268875122,-0.5498016476631165,0.9596151113510132,0.903504490852356,0.001702435896731913,-0.36031022667884827,-0.23206311464309692
redkitchen,test,seq-06,redkitchen/seq-06/frame-000593.color.png,1.287727,-0.58248019,0.94762963,0.910880254,0.001816987,-0.332547384,-0.244348316,1.2930326461791992,-0.5749106407165527,0.9560493230819702,0.8921520113945007,-0.013057950884103775,-0.3769366145133972,-0.2486223727464676
redkitchen,test,seq-06,redkitchen/seq-06/frame-000594.color.png,1.2910326,-0.58553267,0.95249909,0.906560007,0.003029287,-0.34103936,-0.248660274,1.267508625984192,-0.6058904528617859,0.9351163506507874,0.8827447295188904,-0.015970708802342415,-0.3826614022254944,-0.27217066287994385
redkitchen,test,seq-06,redkitchen/seq-06/frame-000595.color.png,1.2942997,-0.59038156,0.95716876,0.902398723,0.004342893,-0.349480872,-0.25203334,1.286987066268921,-0.5989857912063599,0.944509744644165,0.8764320611953735,-0.01561263483017683,-0.3942349851131439,-0.27604711055755615
redkitchen,test,seq-06,redkitchen/seq-06/frame-000596.color.png,1.3001893,-0.59328896,0.96247858,0.898060713,0.007707348,-0.358479594,-0.254793903,1.3190011978149414,-0.5892688035964966,0.9582012891769409,0.8713886141777039,-0.012299930676817894,-0.40445759892463684,-0.27738887071609497
redkitchen,test,seq-06,redkitchen/seq-06/frame-000597.color.png,1.3029424,-0.5954181,0.96488476,0.893952314,0.011832103,-0.36759082,-0.256098126,1.2124158143997192,-0.5977704524993896,0.984551727771759,0.86748206615448,0.00615422148257494,-0.4106513559818268,-0.28071773052215576
redkitchen,test,seq-06,redkitchen/seq-06/frame-000598.color.png,1.312135,-0.59465283,0.97204077,0.889265708,0.016997377,-0.378463006,-0.256287618,1.2622766494750977,-0.5992769002914429,1.0051565170288086,0.8678745031356812,0.010620702058076859,-0.4188478887081146,-0.2669221758842468
redkitchen,test,seq-06,redkitchen/seq-06/frame-000599.color.png,1.3143494,-0.59749377,0.97434783,0.885044105,0.020560454,-0.386490918,-0.258648352,1.3329633474349976,-0.5955470204353333,0.9988114833831787,0.8681773543357849,0.010621098801493645,-0.4221363663673401,-0.26068392395973206
redkitchen,test,seq-06,redkitchen/seq-06/frame-000600.color.png,1.3197626,-0.60298914,0.97956371,0.881367116,0.024431756,-0.393904915,-0.259680601,1.4016485214233398,-0.6481733322143555,1.0090076923370361,0.8586994409561157,0.017524266615509987,-0.43610262870788574,-0.2685939371585846
redkitchen,test,seq-06,redkitchen/seq-06/frame-000601.color.png,1.3211999,-0.60751373,0.98294371,0.878773515,0.028582196,-0.400345284,-0.25819338,1.4145087003707886,-0.6937140822410583,1.053558588027954,0.8567375540733337,0.024830646812915802,-0.44015052914619446,-0.2676781415939331
redkitchen,test,seq-06,redkitchen/seq-06/frame-000602.color.png,1.3233355,-0.60833746,0.98485601,0.875981237,0.03334573,-0.407228334,-0.256339655,1.4872660636901855,-0.6942289471626282,1.1245973110198975,0.8512871265411377,0.027326595038175583,-0.45876166224479675,-0.2531822919845581
redkitchen,test,seq-06,redkitchen/seq-06/frame-000603.color.png,1.3300942,-0.61302972,0.99126619,0.872079733,0.038441424,-0.415424382,-0.255776816,1.4323673248291016,-0.6967027187347412,1.037348985671997,0.8540086150169373,0.030527107417583466,-0.44918546080589294,-0.2607102394104004
redkitchen,test,seq-06,redkitchen/seq-06/frame-000604.color.png,1.3303738,-0.61578637,0.9939537,0.869929309,0.044234215,-0.421047884,-0.252952588,1.4623252153396606,-0.6959012746810913,1.0457179546356201,0.851868212223053,0.03624621778726578,-0.4601518213748932,-0.2475218027830124
redkitchen,test,seq-06,redkitchen/seq-06/frame-000605.color.png,1.3368818,-0.61503714,0.99892294,0.867915902,0.051036976,-0.426495761,-0.249436523,1.5163068771362305,-0.7260341048240662,1.0896804332733154,0.8598610162734985,0.0541180744767189,-0.4460448920726776,-0.2423926144838333
redkitchen,test,seq-06,redkitchen/seq-06/frame-000606.color.png,1.3367889,-0.61652368,1.0013776,0.865514847,0.056323578,-0.432169349,-0.246863034,1.486952781677246,-0.6754800081253052,1.08424711227417,0.8611471056938171,0.07148708403110504,-0.444657564163208,-0.23578576743602753
redkitchen,test,seq-06,redkitchen/seq-06/frame-000607.color.png,1.3395703,-0.61868936,1.0054681,0.863086574,0.060490873,-0.438922308,-0.242424477,1.5605740547180176,-0.6773819923400879,1.1312271356582642,0.860149085521698,0.07477592676877975,-0.44822242856025696,-0.23162201046943665
redkitchen,test,seq-06,redkitchen/seq-06/frame-000608.color.png,1.3459866,-0.61744672,1.0146425,0.859987977,0.067273468,-0.446952552,-0.236914281,1.5539894104003906,-0.7234257459640503,1.1362061500549316,0.8533892631530762,0.07138887047767639,-0.46258488297462463,-0.229446142911911
redkitchen,test,seq-06,redkitchen/seq-06/frame-000609.color.png,1.3504586,-0.6090529,1.0243703,0.856754864,0.075364814,-0.453933432,-0.232885566,1.6344588994979858,-0.6740601658821106,1.2168134450912476,0.852822482585907,0.08802302181720734,-0.4685385823249817,-0.2131132036447525
redkitchen,test,seq-06,redkitchen/seq-06/frame-000610.color.png,1.3545026,-0.61149222,1.0350323,0.852641781,0.079615323,-0.461354974,-0.231980563,1.5734381675720215,-0.6484043002128601,1.171626329421997,0.8539370894432068,0.09331619739532471,-0.46676239371299744,-0.21027712523937225
redkitchen,test,seq-06,redkitchen/seq-06/frame-000611.color.png,1.3517541,-0.61342114,1.0387894,0.850076195,0.082607683,-0.467093532,-0.228845069,1.542189121246338,-0.6490091681480408,1.1941313743591309,0.8548154830932617,0.08730977773666382,-0.46716412901878357,-0.20838694274425507
redkitchen,test,seq-06,redkitchen/seq-06/frame-000612.color.png,1.3490525,-0.60747826,1.0426137,0.847723267,0.087532038,-0.471561832,-0.226567524,1.550624966621399,-0.6862249970436096,1.2459025382995605,0.8597712516784668,0.08860893547534943,-0.45998138189315796,-0.20336903631687164
redkitchen,test,seq-06,redkitchen/seq-06/frame-000613.color.png,1.3389932,-0.61101073,1.048562,0.841806713,0.093718948,-0.480997586,-0.22631734,1.4367940425872803,-0.6466501355171204,1.258901834487915,0.8547558784484863,0.10390886664390564,-0.4665386974811554,-0.2023288607597351
redkitchen,test,seq-06,redkitchen/seq-06/frame-000614.color.png,1.3311346,-0.60602188,1.0496913,0.84044435,0.099501257,-0.484112551,-0.222233733,1.491748571395874,-0.639382004737854,1.3255888223648071,0.8513540029525757,0.11752250045537949,-0.46924281120300293,-0.20296812057495117
redkitchen,test,seq-06,redkitchen/seq-06/frame-000615.color.png,1.324226,-0.60128021,1.0500827,0.839099571,0.103843702,-0.486938116,-0.219133903,1.4290605783462524,-0.6681601405143738,1.3692864179611206,0.8563838005065918,0.12035232782363892,-0.4609546661376953,-0.19910548627376556
redkitchen,test,seq-06,redkitchen/seq-06/frame-000616.color.png,1.3058971,-0.59974968,1.0469013,0.836539587,0.110744528,-0.492013802,-0.21414852,1.4474892616271973,-0.6629258394241333,1.4179655313491821,0.8476035594940186,0.12375831604003906,-0.4761972427368164,-0.19871681928634644
redkitchen,test,seq-06,redkitchen/seq-06/frame-000617.color.png,1.2952198,-0.59706324,1.0426033,0.836712212,0.114367859,-0.492172099,-0.211185445,1.404409408569336,-0.7210880517959595,1.4723855257034302,0.841931164264679,0.13385550677776337,-0.48430198431015015,-0.19668814539909363
redkitchen,test,seq-06,redkitchen/seq-06/frame-000618.color.png,1.2861041,-0.59092665,1.0416043,0.836803886,0.118355163,-0.493676036,-0.205025079,1.3931161165237427,-0.7078661918640137,1.507800817489624,0.8399124145507812,0.14219459891319275,-0.48512378334999084,-0.19744066894054413
redkitchen,test,seq-06,redkitchen/seq-06/frame-000619.color.png,1.2768219,-0.58458734,1.0456567,0.835432451,0.122004375,-0.497876555,-0.198208196,1.3419349193572998,-0.6758935451507568,1.4593027830123901,0.8431808352470398,0.13911126554012299,-0.4823794960975647,-0.19236452877521515
redkitchen,test,seq-06,redkitchen/seq-06/frame-000620.color.png,1.2500988,-0.57512051,1.0418159,0.832579802,0.128256014,-0.503301764,-0.192480133,1.3407409191131592,-0.6658385396003723,1.4189070463180542,0.8501076102256775,0.13687893748283386,-0.47135403752326965,-0.19080497324466705
redkitchen,test,seq-06,redkitchen/seq-06/frame-000621.color.png,1.232959,-0.57022071,1.0374653,0.832572152,0.130205291,-0.503501656,-0.190673218,1.2893117666244507,-0.6703017950057983,1.4126790761947632,0.8524766564369202,0.13737420737743378,-0.467193067073822,-0.19011211395263672
redkitchen,test,seq-06,redkitchen/seq-06/frame-000622.color.png,1.2163366,-0.56962585,1.0322258,0.832543615,0.131111349,-0.503307201,-0.19069034,1.2856446504592896,-0.700037956237793,1.4301093816757202,0.8521085977554321,0.13052256405353546,-0.46965911984443665,-0.19051294028759003
redkitchen,test,seq-06,redkitchen/seq-06/frame-000623.color.png,1.1839983,-0.57004738,1.0270332,0.829793872,0.134411829,-0.508375254,-0.186896203,1.175500750541687,-0.6556432247161865,1.4267997741699219,0.8493142127990723,0.14233963191509247,-0.4714801013469696,-0.1900295615196228
redkitchen,test,seq-06,redkitchen/seq-06/frame-000624.color.png,1.1684999,-0.57030052,1.0261726,0.827649828,0.13702671,-0.512036064,-0.184495291,1.1526004076004028,-0.633009672164917,1.437759280204773,0.8373867869377136,0.14775203168392181,-0.4917928874492645,-0.1873297393321991
redkitchen,test,seq-06,redkitchen/seq-06/frame-000625.color.png,1.1367828,-0.56510121,1.0247018,0.824972642,0.139278688,-0.517168647,-0.180438847,1.1798712015151978,-0.6371884346008301,1.4881033897399902,0.8395749926567078,0.14506419003009796,-0.4926120936870575,-0.1772104650735855
redkitchen,test,seq-06,redkitchen/seq-06/frame-000626.color.png,1.1195959,-0.56620896,1.0219946,0.823904979,0.139633487,-0.519643519,-0.177914833,1.0954726934432983,-0.6349138617515564,1.46281099319458,0.8381049036979675,0.14507004618644714,-0.49622294306755066,-0.17406228184700012
redkitchen,test,seq-06,redkitchen/seq-06/frame-000627.color.png,1.0888054,-0.55924839,1.0223804,0.820694692,0.141180046,-0.526898968,-0.170017335,1.0853221416473389,-0.6244213581085205,1.471773386001587,0.8344971537590027,0.1426609754562378,-0.5048294067382812,-0.16855159401893616
redkitchen,test,seq-06,redkitchen/seq-06/frame-000628.color.png,1.0722098,-0.5567233,1.0210028,0.817053436,0.143506506,-0.531682567,-0.170713834,1.0114014148712158,-0.6383090019226074,1.4945578575134277,0.8313724398612976,0.1403987854719162,-0.5108508467674255,-0.16774806380271912
redkitchen,test,seq-06,redkitchen/seq-06/frame-000629.color.png,1.040956,-0.56377649,1.023893,0.811777062,0.144303962,-0.538719026,-0.173136302,0.9385738372802734,-0.6370862722396851,1.4916515350341797,0.8382033705711365,0.1463361531496048,-0.4980565011501312,-0.16715463995933533
redkitchen,test,seq-06,redkitchen/seq-06/frame-000630.color.png,1.024164,-0.56912792,1.0202688,0.810113119,0.142768435,-0.541339596,-0.174026867,0.8946784734725952,-0.6099810600280762,1.4488753080368042,0.827965497970581,0.14507779479026794,-0.5141361355781555,-0.17055641114711761
redkitchen,test,seq-06,redkitchen/seq-06/frame-000631.color.png,0.98769808,-0.56991458,1.0112212,0.807740918,0.143645835,-0.544467075,-0.174574019,0.955294132232666,-0.6127301454544067,1.433642029762268,0.8280255198478699,0.13820265233516693,-0.5146137475967407,-0.17448970675468445
redkitchen,test,seq-06,redkitchen/seq-06/frame-000632.color.png,0.96956778,-0.57330018,1.0040315,0.807456135,0.143556161,-0.544257127,-0.176608036,0.9108081459999084,-0.610083281993866,1.3940678834915161,0.8272889256477356,0.13454294204711914,-0.5165727734565735,-0.17505380511283875
redkitchen,test,seq-06,redkitchen/seq-06/frame-000633.color.png,0.9379335,-0.57654727,0.99732661,0.805203473,0.14409277,-0.54680013,-0.178589636,0.8969895839691162,-0.6053829789161682,1.4203529357910156,0.8271046280860901,0.13502433896064758,-0.5168280601501465,-0.17480017244815826
redkitchen,test,seq-06,redkitchen/seq-06/frame-000634.color.png,0.92595297,-0.57856405,1.0001965,0.802397528,0.143298874,-0.550777391,-0.179632696,0.7908369898796082,-0.6158361434936523,1.3580663204193115,0.8195533156394958,0.13036644458770752,-0.5278552174568176,-0.18084751069545746
redkitchen,test,seq-06,redkitchen/seq-06/frame-000635.color.png,0.89547151,-0.58682597,1.0048362,0.796238399,0.143298306,-0.557524557,-0.186108504,0.7765077352523804,-0.5936955213546753,1.2835948467254639,0.8192089796066284,0.12903864681720734,-0.5299876928329468,-0.1770838350057602
redkitchen,test,seq-06,redkitchen/seq-06/frame-000636.color.png,0.85963219,-0.58936381,1.0006628,0.794174412,0.140970765,-0.56017051,-0.188741217,0.7570338249206543,-0.5819687247276306,1.2813613414764404,0.8164578080177307,0.13536107540130615,-0.5317543745040894,-0.17975357174873352
redkitchen,test,seq-06,redkitchen/seq-06/frame-000637.color.png,0.84591013,-0.59044337,1.0029846,0.792598172,0.139262834,-0.56302664,-0.188135598,0.6651703715324402,-0.5723557472229004,1.2485358715057373,0.8168358206748962,0.13630330562591553,-0.5316964983940125,-0.17748114466667175
redkitchen,test,seq-06,redkitchen/seq-06/frame-000638.color.png,0.81553763,-0.59204739,1.0044854,0.790733965,0.138720403,-0.564951056,-0.190595779,0.6774803996086121,-0.5594851970672607,1.2501184940338135,0.8305053114891052,0.13557474315166473,-0.5129166841506958,-0.16969628632068634
redkitchen,test,seq-06,redkitchen/seq-06/frame-000639.color.png,0.80090392,-0.59211367,1.0021031,0.790841067,0.139061149,-0.564149256,-0.192270696,0.6458241939544678,-0.5693219900131226,1.256952166557312,0.8306518793106079,0.13574320077896118,-0.5112646222114563,-0.17378070950508118
redkitchen,test,seq-06,redkitchen/seq-06/frame-000640.color.png,0.769629,-0.59217322,0.99253589,0.791489463,0.135730607,-0.563767141,-0.193101639,0.65097975730896,-0.5907189846038818,1.2795964479446411,0.8215191960334778,0.13478431105613708,-0.5247567892074585,-0.17767897248268127
redkitchen,test,seq-06,redkitchen/seq-06/frame-000641.color.png,0.75219786,-0.59377772,0.98862201,0.791463581,0.134397365,-0.564099981,-0.193168214,0.5962104201316833,-0.5746409893035889,1.2386410236358643,0.8274285197257996,0.13457591831684113,-0.5165597796440125,-0.1744055449962616
redkitchen,test,seq-06,redkitchen/seq-06/frame-000642.color.png,0.72440171,-0.5871312,0.98236912,0.795773138,0.131762679,-0.559985188,-0.189209671,0.591001570224762,-0.5788882970809937,1.2402743101119995,0.8327033519744873,0.12009868025779724,-0.5149143934249878,-0.1644524335861206
redkitchen,test,seq-06,redkitchen/seq-06/frame-000643.color.png,0.71436745,-0.58321887,0.98289436,0.798633392,0.128105988,-0.558274393,-0.184670687,0.6297284960746765,-0.5759291648864746,1.2671563625335693,0.8246372938156128,0.12183958292007446,-0.5262653827667236,-0.16784879565238953
redkitchen,test,seq-06,redkitchen/seq-06/frame-000644.color.png,0.69949418,-0.57820135,0.97373909,0.802798241,0.123250812,-0.553487798,-0.184324384,0.6268393993377686,-0.5453699231147766,1.2267210483551025,0.8187993764877319,0.11169880628585815,-0.5378091931343079,-0.16688978672027588
redkitchen,test,seq-06,redkitchen/seq-06/frame-000645.color.png,0.66466475,-0.57743204,0.94123262,0.813764433,0.115323112,-0.538475549,-0.185828174,0.5617418885231018,-0.5868088006973267,1.2983434200286865,0.8198489546775818,0.10176947712898254,-0.5390366315841675,-0.16410399973392487
redkitchen,test,seq-06,redkitchen/seq-06/frame-000646.color.png,0.64819592,-0.57449812,0.92960465,0.818332705,0.112370166,-0.531951316,-0.18636611,0.6556740403175354,-0.5842850208282471,1.289533257484436,0.8255841732025146,0.10028398036956787,-0.531220018863678,-0.16173791885375977
redkitchen,test,seq-06,redkitchen/seq-06/frame-000647.color.png,0.63264686,-0.56990999,0.92023182,0.822180172,0.110060658,-0.526857936,-0.185275824,0.7061735391616821,-0.6045058369636536,1.3362243175506592,0.8261440396308899,0.10082223266363144,-0.5300445556640625,-0.16239970922470093
redkitchen,test,seq-06,redkitchen/seq-06/frame-000648.color.png,0.6050052,-0.56972402,0.90634745,0.828783412,0.107589253,-0.517546816,-0.183542646,0.7657615542411804,-0.5966557264328003,1.3125851154327393,0.8303050398826599,0.09733902662992477,-0.525651216506958,-0.15751035511493683
redkitchen,test,seq-06,redkitchen/seq-06/frame-000649.color.png,0.58990467,-0.5656141,0.89849937,0.832229745,0.106972915,-0.512694077,-0.181920946,0.7403818368911743,-0.5939435958862305,1.3244130611419678,0.8229660391807556,0.09555049985647202,-0.5357789397239685,-0.16290462017059326
redkitchen,test,seq-06,redkitchen/seq-06/frame-000650.color.png,0.5746991,-0.56554079,0.89152473,0.835087454,0.103678585,-0.510084944,-0.178025407,0.7159605622291565,-0.6010904312133789,1.3027673959732056,0.819743812084198,0.095481738448143,-0.5398543477058411,-0.1657121181488037
redkitchen,test,seq-06,redkitchen/seq-06/frame-000651.color.png,0.54505479,-0.56714779,0.87923473,0.838875839,0.100244091,-0.504173169,-0.179019172,0.7395410537719727,-0.6248698234558105,1.3149327039718628,0.8211758732795715,0.09314515441656113,-0.5394778847694397,-0.16111426055431366
redkitchen,test,seq-06,redkitchen/seq-06/frame-000652.color.png,0.53200388,-0.5667308,0.87311083,0.841436001,0.097912218,-0.500286407,-0.179198674,0.6932066082954407,-0.6148777604103088,1.2550214529037476,0.8254950046539307,0.09904143959283829,-0.5313774347305298,-0.16244010627269745
redkitchen,test,seq-06,redkitchen/seq-06/frame-000653.color.png,0.51955813,-0.57029718,0.86722028,0.843574982,0.093292492,-0.498185077,-0.177452502,0.6748272180557251,-0.5997453331947327,1.2498059272766113,0.8220789432525635,0.10086103528738022,-0.5344955325126648,-0.1683083325624466
redkitchen,test,seq-06,redkitchen/seq-06/frame-000654.color.png,0.50531179,-0.57328922,0.86150056,0.844759342,0.092403233,-0.496266881,-0.17765832,0.632053554058075,-0.5979911684989929,1.2509335279464722,0.821389377117157,0.09990454465150833,-0.5348595976829529,-0.17106668651103973
redkitchen,test,seq-06,redkitchen/seq-06/frame-000655.color.png,0.47637838,-0.56688219,0.85490698,0.84795341,0.098779297,-0.491310213,-0.172719252,0.6291059255599976,-0.5986173152923584,1.239529013633728,0.813735842704773,0.10909231752157211,-0.5438655614852905,-0.17361798882484436
redkitchen,test,seq-06,redkitchen/seq-06/frame-000656.color.png,0.46051198,-0.55862594,0.84717011,0.85077384,0.100698471,-0.487285627,-0.169104729,0.5900019407272339,-0.584389865398407,1.2613216638565063,0.8230999708175659,0.09614621102809906,-0.5372939109802246,-0.156772181391716
redkitchen,test,seq-06,redkitchen/seq-06/frame-000657.color.png,0.44578844,-0.55589694,0.8417449,0.853223135,0.099832375,-0.484674896,-0.164724084,0.5672294497489929,-0.5856513977050781,1.2637852430343628,0.8215434551239014,0.09848208725452423,-0.5382376313209534,-0.16021205484867096
redkitchen,test,seq-06,redkitchen/seq-06/frame-000658.color.png,0.43111464,-0.54958081,0.83954579,0.854751809,0.100819162,-0.483294451,-0.160191498,0.6195564866065979,-0.5641374588012695,1.266637921333313,0.8241732120513916,0.09783461689949036,-0.5377482771873474,-0.14830243587493896
redkitchen,test,seq-06,redkitchen/seq-06/frame-000659.color.png,0.41763741,-0.54294193,0.83893335,0.855647894,0.102425439,-0.482161479,-0.157784724,0.5932245850563049,-0.5659306049346924,1.2715694904327393,0.8203039169311523,0.09167265146970749,-0.544378399848938,-0.14949849247932434
redkitchen,test,seq-06,redkitchen/seq-06/frame-000660.color.png,0.40194717,-0.53518498,0.83584839,0.857420366,0.102464947,-0.480029973,-0.154604258,0.5805221796035767,-0.5470601916313171,1.261427402496338,0.8272654414176941,0.08942528069019318,-0.5357914566993713,-0.14339622855186462
redkitchen,test,seq-06,redkitchen/seq-06/frame-000661.color.png,0.37196559,-0.5162757,0.83215052,0.862348256,0.099169941,-0.473946769,-0.1479705,0.5138846039772034,-0.5388497710227966,1.2567505836486816,0.8340705633163452,0.09129074215888977,-0.5271614193916321,-0.13451112806797028
redkitchen,test,seq-06,redkitchen/seq-06/frame-000662.color.png,0.3573961,-0.5082038,0.82992113,0.865830555,0.095501212,-0.469575801,-0.143928927,0.42524453997612,-0.5204305648803711,1.1886471509933472,0.850678563117981,0.08864440023899078,-0.5028933882713318,-0.12484534084796906
redkitchen,test,seq-06,redkitchen/seq-06/frame-000663.color.png,0.34032261,-0.50047648,0.82451701,0.869388285,0.092368835,-0.464998493,-0.139314067,0.4422668218612671,-0.5155542492866516,1.1894164085388184,0.8568301796913147,0.09167731553316116,-0.4931403398513794,-0.11937306076288223
redkitchen,test,seq-06,redkitchen/seq-06/frame-000664.color.png,0.32531258,-0.48993269,0.82365084,0.872613226,0.090481832,-0.460428225,-0.135517692,0.4524172842502594,-0.5109303593635559,1.1649689674377441,0.860760509967804,0.08831772953271866,-0.48740971088409424,-0.11714538186788559
redkitchen,test,seq-06,redkitchen/seq-06/frame-000665.color.png,0.31091395,-0.48040146,0.8216266,0.875884845,0.087972088,-0.455896041,-0.131321934,0.40908539295196533,-0.5109041929244995,1.124016284942627,0.8642216920852661,0.08558492362499237,-0.48135367035865784,-0.11872106790542603
redkitchen,test,seq-06,redkitchen/seq-06/frame-000666.color.png,0.28373605,-0.46836889,0.82264566,0.879055891,0.086647128,-0.451197269,-0.127177199,0.40141570568084717,-0.5117697715759277,1.0987093448638916,0.867612898349762,0.08612837642431259,-0.4764389097690582,-0.11329470574855804
redkitchen,test,seq-06,redkitchen/seq-06/frame-000667.color.png,0.27233794,-0.46079496,0.82658875,0.879324912,0.087221269,-0.451467403,-0.12392471,0.4025819003582001,-0.49390721321105957,1.0997564792633057,0.8673893809318542,0.08838147670030594,-0.47657135128974915,-0.1127128079533577
redkitchen,test,seq-06,redkitchen/seq-06/frame-000668.color.png,0.2588326,-0.45203698,0.82585478,0.879747315,0.087324451,-0.451330142,-0.121326849,0.3342738449573517,-0.4745718240737915,1.0798447132110596,0.8719775676727295,0.08567382395267487,-0.4685283899307251,-0.11312097311019897
redkitchen,test,seq-06,redkitchen/seq-06/frame-000669.color.png,0.24818285,-0.44738936,0.82925731,0.879544774,0.08673207,-0.452065898,-0.120478061,0.33777758479118347,-0.4867611527442932,1.0820159912109375,0.8733745813369751,0.08413638919591904,-0.46682268381118774,-0.11051956564188004
redkitchen,test,seq-06,redkitchen/seq-06/frame-000670.color.png,0.23596659,-0.43942103,0.83120441,0.879351917,0.088194219,-0.452087713,-0.120742227,0.2967109680175781,-0.48061442375183105,1.0722020864486694,0.8775039315223694,0.08564207702875137,-0.4593680500984192,-0.10785747319459915
redkitchen,test,seq-06,redkitchen/seq-06/frame-000671.color.png,0.22423927,-0.43252552,0.83285064,0.879446741,0.089486767,-0.45178723,-0.120224151,0.280807763338089,-0.4787309765815735,1.0737688541412354,0.8753185272216797,0.0874374508857727,-0.4626857042312622,-0.10997282713651657
redkitchen,test,seq-06,redkitchen/seq-06/frame-000672.color.png,0.21284708,-0.42868868,0.83332282,0.87939084,0.090847652,-0.45232519,-0.117560105,0.31262388825416565,-0.47242122888565063,1.095259428024292,0.8752104640007019,0.08631061762571335,-0.4638465642929077,-0.1067868247628212
redkitchen,test,seq-06,redkitchen/seq-06/frame-000673.color.png,0.18813066,-0.40838063,0.83543718,0.87817273,0.09786765,-0.453436192,-0.116748439,0.2644968628883362,-0.4867890477180481,1.1702295541763306,0.8677790760993958,0.09171236306428909,-0.47524455189704895,-0.11265353858470917
redkitchen,test,seq-06,redkitchen/seq-06/frame-000674.color.png,0.17659657,-0.40104958,0.83535987,0.878528536,0.09851941,-0.453101533,-0.114806525,0.21426887810230255,-0.48614275455474854,1.1605347394943237,0.8664574027061462,0.09184405952692032,-0.4766467809677124,-0.1167220026254654
redkitchen,test,seq-06,redkitchen/seq-06/frame-000675.color.png,0.16549414,-0.39241159,0.83847809,0.878322104,0.102761337,-0.453368764,-0.111566809,0.20809845626354218,-0.47086256742477417,1.1177103519439697,0.8739716410636902,0.08737079799175262,-0.46559688448905945,-0.10844110697507858
redkitchen,test,seq-06,redkitchen/seq-06/frame-000676.color.png,0.15107076,-0.38024601,0.83592671,0.879718273,0.108104223,-0.450007347,-0.109099152,0.23831890523433685,-0.46528518199920654,1.1341813802719116,0.8739089965820312,0.0855337381362915,-0.46752527356147766,-0.10191721469163895
redkitchen,test,seq-06,redkitchen/seq-06/frame-000677.color.png,0.13779047,-0.36877921,0.83320117,0.881631444,0.112246979,-0.446228654,-0.104912349,0.2670154571533203,-0.4704875349998474,1.1504557132720947,0.8749932050704956,0.08464297652244568,-0.46652498841285706,-0.0978623703122139
redkitchen,test,seq-06,redkitchen/seq-06/frame-000678.color.png,0.1247333,-0.36078712,0.83086407,0.882898579,0.11535793,-0.444194249,-0.099368584,0.24297036230564117,-0.4726012349128723,1.1406946182250977,0.875259280204773,0.08455328643321991,-0.4656153917312622,-0.09987103193998337
redkitchen,test,seq-06,redkitchen/seq-06/frame-000679.color.png,0.11222116,-0.34816208,0.83164382,0.883179158,0.121226354,-0.443037792,-0.094953995,0.23662690818309784,-0.5003309845924377,1.1631261110305786,0.8780219554901123,0.08520489931106567,-0.4617767333984375,-0.09262720495462418
redkitchen,test,seq-06,redkitchen/seq-06/frame-000680.color.png,0.099671438,-0.33646902,0.83071357,0.884303585,0.126396744,-0.440157246,-0.091063888,0.22827154397964478,-0.49108338356018066,1.185457706451416,0.8762325048446655,0.08908337354660034,-0.4639063775539398,-0.0952446386218071
redkitchen,test,seq-06,redkitchen/seq-06/frame-000681.color.png,0.087269731,-0.32398653,0.8289451,0.885818719,0.130267518,-0.436461967,-0.088637024,0.15599806606769562,-0.46490007638931274,1.1862341165542603,0.8793218731880188,0.08621607720851898,-0.4587053954601288,-0.09460040181875229
redkitchen,test,seq-06,redkitchen/seq-06/frame-000682.color.png,0.070398107,-0.31063119,0.82146341,0.887722782,0.135488398,-0.431299261,-0.087017833,0.16854606568813324,-0.44134950637817383,1.1245635747909546,0.8829308748245239,0.08929028362035751,-0.45294758677482605,-0.08543267101049423
redkitchen,test,seq-06,redkitchen/seq-06/frame-000683.color.png,0.045219626,-0.29034039,0.81866914,0.890439758,0.143366394,-0.42431291,-0.080756851,0.14782662689685822,-0.4493950605392456,1.0800137519836426,0.885874330997467,0.09092975407838821,-0.44703295826911926,-0.0843803733587265
redkitchen,test,seq-06,redkitchen/seq-06/frame-000684.color.png,0.033664431,-0.27987155,0.81892562,0.890894779,0.146305771,-0.422917891,-0.077727552,0.1325637400150299,-0.4471610188484192,1.0771377086639404,0.8900429606437683,0.09535045176744461,-0.43858954310417175,-0.07981793582439423
redkitchen,test,seq-06,redkitchen/seq-06/frame-000685.color.png,0.021676108,-0.27163425,0.81794101,0.891583312,0.148934741,-0.420609667,-0.077363748,0.12127751857042313,-0.45053529739379883,1.0816227197647095,0.888493001461029,0.09270405024290085,-0.44205543398857117,-0.08107542991638184
redkitchen,test,seq-06,redkitchen/seq-06/frame-000686.color.png,0.01005922,-0.25851679,0.81944728,0.892371294,0.15277076,-0.417670356,-0.076720548,0.12393517047166824,-0.45139575004577637,1.0705676078796387,0.8905795216560364,0.10227428376674652,-0.435526967048645,-0.08200269937515259
redkitchen,test,seq-06,redkitchen/seq-06/frame-000687.color.png,-0.001314111,-0.25136495,0.81714654,0.893024416,0.15418909,-0.41609082,-0.074843477,0.10804250091314316,-0.4597212076187134,1.067800760269165,0.8950143456459045,0.10569585859775543,-0.42596787214279175,-0.07955560088157654
redkitchen,test,seq-06,redkitchen/seq-06/frame-000688.color.png,-0.012015617,-0.24426965,0.8163653,0.892698918,0.153096213,-0.417441169,-0.07343747,0.13627201318740845,-0.4409301280975342,1.0891629457473755,0.8884251117706299,0.0957343801856041,-0.44278043508529663,-0.07403630018234253
redkitchen,test,seq-06,redkitchen/seq-06/frame-000689.color.png,-0.022018332,-0.2405792,0.8153972,0.892282801,0.152565404,-0.418342515,-0.074463015,0.08189190179109573,-0.42341893911361694,1.0484929084777832,0.9017702341079712,0.09339641034603119,-0.4162522256374359,-0.06943782418966293
redkitchen,test,seq-06,redkitchen/seq-06/frame-000690.color.png,-0.033556271,-0.23221581,0.81299555,0.893537997,0.152855948,-0.415139715,-0.076706735,0.08094143867492676,-0.42002391815185547,1.057680606842041,0.9012898802757263,0.10312680155038834,-0.4147326946258545,-0.0709795281291008
redkitchen,test,seq-06,redkitchen/seq-06/frame-000691.color.png,-0.045822576,-0.22383738,0.81105435,0.895815797,0.153582134,-0.409868883,-0.077033004,0.16411325335502625,-0.4384750723838806,1.0848519802093506,0.8938128352165222,0.10053522139787674,-0.4303453266620636,-0.07611916214227676
redkitchen,test,seq-06,redkitchen/seq-06/frame-000692.color.png,-0.058396969,-0.21527381,0.80721486,0.898244312,0.153031077,-0.404832052,-0.076483036,0.10216084867715836,-0.43734490871429443,1.1046333312988281,0.9021061062812805,0.09797310829162598,-0.4131850600242615,-0.07670705020427704
redkitchen,test,seq-06,redkitchen/seq-06/frame-000693.color.png,-0.081648909,-0.20574535,0.80047065,0.902059182,0.145647212,-0.399310508,-0.075014938,0.12155898660421371,-0.4164777994155884,1.0820832252502441,0.9040603637695312,0.10354894399642944,-0.4073985517024994,-0.07732332497835159
redkitchen,test,seq-06,redkitchen/seq-06/frame-000694.color.png,-0.092535093,-0.20334288,0.7978195,0.903433439,0.139871166,-0.397753852,-0.077691381,0.15409967303276062,-0.4117507338523865,1.0878126621246338,0.9092345237731934,0.08750332146883011,-0.4022567868232727,-0.061848439276218414
redkitchen,test,seq-06,redkitchen/seq-06/frame-000695.color.png,-0.10332956,-0.19755459,0.79630178,0.904721943,0.135971988,-0.395525296,-0.08092938,0.12096080929040909,-0.3806527256965637,1.022806167602539,0.9126290082931519,0.08792857080698013,-0.3934820890426636,-0.06744498014450073
redkitchen,test,seq-06,redkitchen/seq-06/frame-000696.color.png,-0.11398745,-0.1948871,0.79434323,0.906137043,0.131300556,-0.393322407,-0.083506336,0.14092803001403809,-0.37678396701812744,0.9948962330818176,0.9126051068305969,0.08459644019603729,-0.39378592371940613,-0.07019927352666855
redkitchen,test,seq-06,redkitchen/seq-06/frame-000697.color.png,-0.12516381,-0.19233567,0.79122782,0.907421586,0.129615622,-0.390539911,-0.08523165,0.12230756133794785,-0.38650232553482056,1.0073148012161255,0.909227728843689,0.09683407098054886,-0.39740243554115295,-0.07745593041181564
redkitchen,test,seq-06,redkitchen/seq-06/frame-000698.color.png,-0.13772164,-0.18587884,0.78814024,0.908741846,0.131155048,-0.386661519,-0.08648399,0.07984224706888199,-0.39756834506988525,0.9833061695098877,0.9031603336334229,0.09688445180654526,-0.4101037383079529,-0.08203492313623428
redkitchen,test,seq-06,redkitchen/seq-06/frame-000699.color.png,-0.14912619,-0.18139678,0.78616935,0.910368973,0.130950593,-0.382677321,-0.08739761,0.07139027863740921,-0.36378413438796997,0.9633115530014038,0.9133298993110657,0.09738302230834961,-0.38825756311416626,-0.07484064996242523
redkitchen,test,seq-06,redkitchen/seq-06/frame-000700.color.png,-0.15880477,-0.17680615,0.7848376,0.911544123,0.130479029,-0.380114712,-0.087036434,0.028008392080664635,-0.35750138759613037,0.9483893513679504,0.9210952520370483,0.10302058607339859,-0.36875051259994507,-0.07066310197114944
redkitchen,test,seq-06,redkitchen/seq-06/frame-000701.color.png,-0.16953753,-0.17237405,0.78375328,0.912228202,0.127937611,-0.379198332,-0.087637326,0.019328178837895393,-0.369689404964447,0.9368289709091187,0.919319212436676,0.0989709198474884,-0.3732052743434906,-0.07599163800477982
redkitchen,test,seq-06,redkitchen/seq-06/frame-000702.color.png,-0.18021798,-0.16750288,0.78168195,0.912712874,0.125778081,-0.378660818,-0.088040155,0.01668664440512657,-0.34667885303497314,0.9317432045936584,0.9173390865325928,0.10057543963193893,-0.37703126668930054,-0.07887285947799683
redkitchen,test,seq-06,redkitchen/seq-06/frame-000703.color.png,-0.19107309,-0.1640678,0.78050321,0.913669565,0.124594268,-0.376865324,-0.087502693,-0.010480175726115704,-0.3414536118507385,0.9353376030921936,0.9166306853294373,0.09901260584592819,-0.3789602220058441,-0.07983700931072235
redkitchen,test,seq-06,redkitchen/seq-06/frame-000704.color.png,-0.20330845,-0.16100813,0.77712274,0.915512002,0.122744141,-0.373367022,-0.08584123,0.017238084226846695,-0.34450095891952515,0.935707688331604,0.9197229146957397,0.09153003245592117,-0.3749338388442993,-0.07181024551391602
redkitchen,test,seq-06,redkitchen/seq-06/frame-000705.color.png,-0.21344599,-0.15887851,0.77537906,0.916615659,0.122064121,-0.371190999,-0.084459024,-0.008129519410431385,-0.3444697856903076,0.9414801597595215,0.9208700060844421,0.09198246151208878,-0.37220078706741333,-0.07074084877967834
redkitchen,test,seq-06,redkitchen/seq-06/frame-000706.color.png,-0.22581896,-0.15213291,0.77330029,0.917520099,0.123602765,-0.368384882,-0.084686503,-0.037255145609378815,-0.33165764808654785,0.930894136428833,0.9256947636604309,0.09487804770469666,-0.3599494397640228,-0.06725840270519257
redkitchen,test,seq-06,redkitchen/seq-06/frame-000707.color.png,-0.23833226,-0.14940755,0.77138144,0.918509443,0.124261774,-0.36581698,-0.084127004,-0.08103226125240326,-0.337266743183136,0.9474424123764038,0.9260889887809753,0.09305079281330109,-0.3597745895385742,-0.06529226899147034
redkitchen,test,seq-06,redkitchen/seq-06/frame-000708.color.png,-0.24944243,-0.14635998,0.77055579,0.919122671,0.125266995,-0.363784651,-0.08474918,-0.05073418468236923,-0.3397495746612549,0.9154571294784546,0.9245219230651855,0.09225287288427353,-0.3626185655593872,-0.07250037789344788
redkitchen,test,seq-06,redkitchen/seq-06/frame-000709.color.png,-0.26107281,-0.1402946,0.76830566,0.919525676,0.126041301,-0.362732353,-0.083733879,-0.054233819246292114,-0.35920190811157227,0.9408646821975708,0.9234552979469299,0.09522343426942825,-0.36485162377357483,-0.07103580981492996
redkitchen,test,seq-06,redkitchen/seq-06/frame-000710.color.png,-0.27024221,-0.1376283,0.76791686,0.919276892,0.124720653,-0.364045721,-0.082737341,-0.04122326523065567,-0.35317981243133545,0.9093421697616577,0.9211832284927368,0.09800543636083603,-0.3692476451396942,-0.07397691160440445
redkitchen,test,seq-06,redkitchen/seq-06/frame-000711.color.png,-0.27961668,-0.13493355,0.76683617,0.919289708,0.120935379,-0.365241463,-0.082944201,-0.07809443026781082,-0.3215479254722595,0.8761199712753296,0.9226441383361816,0.09232129901647568,-0.3669998049736023,-0.07426796853542328
redkitchen,test,seq-06,redkitchen/seq-06/frame-000712.color.png,-0.29993871,-0.13232216,0.76286811,0.918509423,0.119281284,-0.367975505,-0.08189288,-0.1205562874674797,-0.31242144107818604,0.8838048577308655,0.9237017035484314,0.08963186293840408,-0.36637309193611145,-0.06717187166213989
redkitchen,test,seq-06,redkitchen/seq-06/frame-000713.color.png,-0.31096497,-0.12716292,0.76000291,0.918969114,0.119982603,-0.366513626,-0.082266061,-0.16667160391807556,-0.3091764748096466,0.9068042635917664,0.922661304473877,0.09196959435939789,-0.3687115013599396,-0.0654950812458992
redkitchen,test,seq-06,redkitchen/seq-06/frame-000714.color.png,-0.3198241,-0.1269438,0.75693643,0.91965224,0.117749271,-0.366050502,-0.079886772,-0.17166809737682343,-0.31431329250335693,0.9192671179771423,0.9249475002288818,0.09196174144744873,-0.3631511926651001,-0.06431439518928528
redkitchen,test,seq-06,redkitchen/seq-06/frame-000715.color.png,-0.32750493,-0.12655616,0.75550008,0.919504933,0.116975144,-0.36723318,-0.077248209,-0.2040415108203888,-0.3194729685783386,0.9020105600357056,0.9307898283004761,0.09246422350406647,-0.34847185015678406,-0.060399129986763
redkitchen,test,seq-06,redkitchen/seq-06/frame-000716.color.png,-0.3363063,-0.12420232,0.75354177,0.919446806,0.116687864,-0.367447626,-0.077354737,-0.18084630370140076,-0.32361888885498047,0.915969729423523,0.9281614422798157,0.09146641194820404,-0.3563741147518158,-0.05610406771302223
redkitchen,test,seq-06,redkitchen/seq-06/frame-000717.color.png,-0.34651101,-0.12165668,0.74967974,0.920378288,0.116763574,-0.365050252,-0.077513794,-0.1885993480682373,-0.318739116191864,0.8920950293540955,0.9273035526275635,0.09354031085968018,-0.3579671382904053,-0.0567256398499012
redkitchen,test,seq-06,redkitchen/seq-06/frame-000718.color.png,-0.35495546,-0.1204908,0.74713856,0.921288657,0.117027369,-0.363170482,-0.07509332,-0.21775193512439728,-0.3155450224876404,0.9093700051307678,0.9345523118972778,0.09171890467405319,-0.3395332396030426,-0.05400661379098892
redkitchen,test,seq-06,redkitchen/seq-06/frame-000719.color.png,-0.36320966,-0.11705243,0.7449851,0.921805849,0.117342674,-0.361833862,-0.074705618,-0.22322696447372437,-0.3129958510398865,0.9090678691864014,0.9355655908584595,0.09532614052295685,-0.3360349237918854,-0.05206207558512688
redkitchen,test,seq-06,redkitchen/seq-06/frame-000720.color.png,-0.37262535,-0.11420019,0.74251449,0.922746744,0.117689802,-0.359168636,-0.07540191,-0.2293338179588318,-0.3162968158721924,0.9316891431808472,0.9335458874702454,0.09350939840078354,-0.3423954248428345,-0.050135448575019836
redkitchen,test,seq-06,redkitchen/seq-06/frame-000721.color.png,-0.38060603,-0.11223321,0.73902172,0.923932232,0.11881071,-0.355319605,-0.077338366,-0.21641960740089417,-0.3158953785896301,0.9239462018013,0.9317663908004761,0.09685282409191132,-0.34533706307411194,-0.056331388652324677
redkitchen,test,seq-06,redkitchen/seq-06/frame-000722.color.png,-0.39045206,-0.10665811,0.73507357,0.925611268,0.120940785,-0.349533822,-0.080269641,-0.24010761082172394,-0.3056853413581848,0.9152407050132751,0.9339820742607117,0.09323020279407501,-0.33987098932266235,-0.05893498659133911
redkitchen,test,seq-06,redkitchen/seq-06/frame-000723.color.png,-0.3998771,-0.10443665,0.73125345,0.927649818,0.118222176,-0.344927612,-0.080711059,-0.30904024839401245,-0.2830623388290405,0.8575223684310913,0.9398377537727356,0.09415673464536667,-0.3219239115715027,-0.0648423433303833
redkitchen,test,seq-06,redkitchen/seq-06/frame-000724.color.png,-0.4081659,-0.1043526,0.72756809,0.928811875,0.11429622,-0.34301,-0.081172746,-0.2762743830680847,-0.3108941316604614,0.887130618095398,0.9342969059944153,0.09796766191720963,-0.33646106719970703,-0.06546379625797272
redkitchen,test,seq-06,redkitchen/seq-06/frame-000725.color.png,-0.41579735,-0.10596418,0.72350913,0.929686596,0.110679468,-0.341246929,-0.083566876,-0.313770592212677,-0.2938541769981384,0.8437360525131226,0.9401652216911316,0.09393806755542755,-0.3213116228580475,-0.0634344071149826
redkitchen,test,seq-06,redkitchen/seq-06/frame-000726.color.png,-0.42375514,-0.10287296,0.71965724,0.930714048,0.10972732,-0.338055768,-0.086310917,-0.3245522975921631,-0.29063624143600464,0.8365591764450073,0.9421413540840149,0.09114602208137512,-0.31624385714530945,-0.06365503370761871
redkitchen,test,seq-06,redkitchen/seq-06/frame-000727.color.png,-0.43161973,-0.09900751,0.71601611,0.93188273,0.111037894,-0.333934459,-0.088050786,-0.2573736310005188,-0.30574238300323486,0.8455165028572083,0.9356660842895508,0.08837492763996124,-0.3344208300113678,-0.06986894458532333
redkitchen,test,seq-06,redkitchen/seq-06/frame-000728.color.png,-0.43881983,-0.093909256,0.71236295,0.933128106,0.111103956,-0.329884138,-0.090023913,-0.34247860312461853,-0.281455934047699,0.7967708706855774,0.9446697235107422,0.09408970177173615,-0.30711808800697327,-0.06651841104030609
redkitchen,test,seq-06,redkitchen/seq-06/frame-000729.color.png,-0.4469786,-0.08902324,0.70779055,0.934241387,0.109668996,-0.32735752,-0.089458346,-0.3094344139099121,-0.2839246392250061,0.7776236534118652,0.9406014680862427,0.08601837605237961,-0.32057520747184753,-0.0714227706193924
redkitchen,test,seq-06,redkitchen/seq-06/frame-000730.color.png,-0.45228162,-0.085976191,0.70467907,0.934492431,0.108533759,-0.326645949,-0.090811587,-0.3084929287433624,-0.2970789074897766,0.8025496006011963,0.942041277885437,0.07757329195737839,-0.3186819851398468,-0.07058598846197128
redkitchen,test,seq-06,redkitchen/seq-06/frame-000731.color.png,-0.46218833,-0.081329092,0.69895852,0.935773903,0.107350856,-0.322125844,-0.095068067,-0.31146082282066345,-0.27554240822792053,0.7601507306098938,0.9455558657646179,0.07559438794851303,-0.30749160051345825,-0.07522369176149368
redkitchen,test,seq-06,redkitchen/seq-06/frame-000732.color.png,-0.47293741,-0.075393349,0.69201314,0.938190726,0.105225836,-0.315541953,-0.095702463,-0.2995404005050659,-0.25447094440460205,0.7548332810401917,0.9404314160346985,0.07025119662284851,-0.32278209924697876,-0.08040668815374374
redkitchen,test,seq-06,redkitchen/seq-06/frame-000733.color.png,-0.48424876,-0.070578516,0.68476772,0.940522327,0.101338983,-0.310288571,-0.094176246,-0.2567767798900604,-0.24671632051467896,0.7313053011894226,0.9400327205657959,0.06630261987447739,-0.3248491585254669,-0.08009688556194305
redkitchen,test,seq-06,redkitchen/seq-06/frame-000734.color.png,-0.49418208,-0.063598625,0.67803019,0.942148049,0.098892627,-0.306597855,-0.092601609,-0.2664712965488434,-0.24735358357429504,0.7081358432769775,0.9438431262969971,0.0648251548409462,-0.3138144612312317,-0.08048772811889648
redkitchen,test,seq-06,redkitchen/seq-06/frame-000735.color.png,-0.50533408,-0.05729593,0.67055809,0.944226446,0.09543864,-0.301137248,-0.092974417,-0.2931109368801117,-0.20692618191242218,0.6788367629051208,0.9481439590454102,0.07026344537734985,-0.2990339994430542,-0.08163762092590332
redkitchen,test,seq-06,redkitchen/seq-06/frame-000736.color.png,-0.51565552,-0.053821929,0.6623432,0.946623451,0.091743836,-0.295565458,-0.090156364,-0.32639601826667786,-0.20884814858436584,0.6964312195777893,0.9458893537521362,0.06394779682159424,-0.30723902583122253,-0.08251132071018219
redkitchen,test,seq-06,redkitchen/seq-06/frame-000737.color.png,-0.52612346,-0.051181827,0.65256912,0.948475751,0.08975517,-0.291038834,-0.08737366,-0.31256112456321716,-0.22874467074871063,0.713005542755127,0.9529088735580444,0.05934024974703789,-0.28758877515792847,-0.07573609054088593
redkitchen,test,seq-06,redkitchen/seq-06/frame-000738.color.png,-0.53598022,-0.045285575,0.64257574,0.950324058,0.089191102,-0.284752437,-0.088573034,-0.32895955443382263,-0.20699794590473175,0.696110725402832,0.9484168291091919,0.060521114617586136,-0.30055952072143555,-0.08066437393426895
redkitchen,test,seq-06,redkitchen/seq-06/frame-000739.color.png,-0.54773891,-0.039371323,0.6319226,0.952960561,0.089115919,-0.276665612,-0.085910778,-0.40843114256858826,-0.17338187992572784,0.6600439548492432,0.9592224359512329,0.0518278144299984,-0.26555106043815613,-0.08178525418043137
redkitchen,test,seq-06,redkitchen/seq-06/frame-000740.color.png,-0.55983263,-0.032748342,0.62012488,0.955393022,0.08815646,-0.269816908,-0.081556417,-0.40786808729171753,-0.17091944813728333,0.6588668823242188,0.9590829014778137,0.05875029042363167,-0.26605188846588135,-0.0769730806350708
redkitchen,test,seq-06,redkitchen/seq-06/frame-000741.color.png,-0.56988358,-0.025005016,0.60928595,0.957251956,0.085105177,-0.265017049,-0.078687773,-0.45937877893447876,-0.15934385359287262,0.5792129635810852,0.9644361734390259,0.05447017401456833,-0.2480827122926712,-0.07314902544021606
redkitchen,test,seq-06,redkitchen/seq-06/frame-000742.color.png,-0.58027053,-0.020700008,0.59778637,0.959207175,0.079621789,-0.260287847,-0.076368854,-0.4794791340827942,-0.14422963559627533,0.5928137898445129,0.9634565114974976,0.04539117217063904,-0.2527013421058655,-0.07637592405080795
redkitchen,test,seq-06,redkitchen/seq-06/frame-000743.color.png,-0.59102118,-0.019865405,0.58461088,0.961560358,0.073579835,-0.253834913,-0.074535377,-0.506593644618988,-0.10443557798862457,0.5584206581115723,0.9687875509262085,0.04919421300292015,-0.22996659576892853,-0.07839550077915192
redkitchen,test,seq-06,redkitchen/seq-06/frame-000744.color.png,-0.60368836,-0.012405583,0.57130837,0.963863114,0.071625469,-0.245454695,-0.074764183,-0.5448671579360962,-0.10108906030654907,0.5471985340118408,0.974580705165863,0.046826884150505066,-0.20728497207164764,-0.07094123959541321
redkitchen,test,seq-06,redkitchen/seq-06/frame-000745.color.png,-0.61492872,-0.006040053,0.55960375,0.966184526,0.068829751,-0.237126923,-0.074301744,-0.6028521656990051,-0.06867276132106781,0.52214515209198,0.9760218262672424,0.04591495916247368,-0.1969345360994339,-0.08056040108203888
redkitchen,test,seq-06,redkitchen/seq-06/frame-000746.color.png,-0.62517762,-0.002194399,0.5472104,0.968426368,0.065514894,-0.22899807,-0.073607421,-0.5816798210144043,-0.07747821509838104,0.5249693989753723,0.9780821800231934,0.04608600586652756,-0.18828968703746796,-0.07601580023765564
redkitchen,test,seq-06,redkitchen/seq-06/frame-000747.color.png,-0.63547736,0.005780423,0.5350225,0.970699849,0.064130619,-0.219701201,-0.073215092,-0.612345814704895,-0.06372357159852982,0.46781057119369507,0.980564296245575,0.03662972152233124,-0.17483225464820862,-0.081150583922863
redkitchen,test,seq-06,redkitchen/seq-06/frame-000748.color.png,-0.64767122,0.015164132,0.52217734,0.973163405,0.061311989,-0.209941966,-0.071541586,-0.6340941190719604,-0.03249254822731018,0.4116072654724121,0.9809333086013794,0.032445043325424194,-0.1714440882205963,-0.08558157086372375
redkitchen,test,seq-06,redkitchen/seq-06/frame-000749.color.png,-0.65956819,0.020557404,0.50908273,0.975286012,0.055670759,-0.20246778,-0.068736887,-0.6090092062950134,-0.058827515691518784,0.45994919538497925,0.9793378710746765,0.02353520877659321,-0.18470825254917145,-0.07890713214874268
redkitchen,test,seq-06,redkitchen/seq-06/frame-000750.color.png,-0.66768706,0.02555201,0.49652842,0.976660803,0.050614605,-0.197360838,-0.067974536,-0.6252235770225525,-0.04599129036068916,0.4597499966621399,0.9824283719062805,0.020889898762106895,-0.16798177361488342,-0.07861410081386566
redkitchen,test,seq-06,redkitchen/seq-06/frame-000751.color.png,-0.67472911,0.033426117,0.48463479,0.978188183,0.046628852,-0.190863969,-0.067413452,-0.6263431310653687,-0.023200318217277527,0.4555858373641968,0.9830601811408997,0.01870889775454998,-0.163053497672081,-0.08158547431230545
redkitchen,test,seq-06,redkitchen/seq-06/frame-000752.color.png,-0.68383884,0.038554065,0.47340444,0.97962817,0.042832803,-0.184459851,-0.066847306,-0.6059296131134033,-0.030662935227155685,0.4173937737941742,0.9853569865226746,0.009509389288723469,-0.15099579095840454,-0.07862232625484467
redkitchen,test,seq-06,redkitchen/seq-06/frame-000753.color.png,-0.69177651,0.046139106,0.46150252,0.980598226,0.041487441,-0.178954186,-0.06842011,-0.611807107925415,-0.019729208201169968,0.3980482518672943,0.9868875741958618,0.01066499762237072,-0.1435105949640274,-0.07310144603252411
redkitchen,test,seq-06,redkitchen/seq-06/frame-000754.color.png,-0.69152826,0.048326269,0.45257542,0.981570273,0.039315072,-0.173958981,-0.068646898,-0.6956496834754944,-0.007106386125087738,0.365730881690979,0.9882047176361084,0.006946629844605923,-0.13530686497688293,-0.07138080149888992
redkitchen,test,seq-06,redkitchen/seq-06/frame-000755.color.png,-0.69630826,0.056688584,0.44179559,0.983137261,0.039748581,-0.165126696,-0.067781642,-0.7989028692245483,0.00572948157787323,0.34574955701828003,0.9905218482017517,0.001975143561139703,-0.12210127711296082,-0.06287941336631775
redkitchen,test,seq-06,redkitchen/seq-06/frame-000756.color.png,-0.70486462,0.065269113,0.43054184,0.984832235,0.039971355,-0.154903498,-0.067176379,-0.8036227822303772,0.025145485997200012,0.36689823865890503,0.9921305775642395,0.010131333954632282,-0.11173002421855927,-0.05559403449296951
redkitchen,test,seq-06,redkitchen/seq-06/frame-000757.color.png,-0.7105884,0.070409358,0.42004472,0.985959183,0.038807183,-0.147549558,-0.067879457,-0.7540624141693115,0.04750815033912659,0.40858983993530273,0.9899448752403259,0.0210478063672781,-0.12599338591098785,-0.06075982376933098
redkitchen,test,seq-06,redkitchen/seq-06/frame-000758.color.png,-0.71406311,0.080254197,0.41196039,0.986700134,0.038160997,-0.141944117,-0.069415072,-0.7540876269340515,0.0657048374414444,0.3211745321750641,0.9881643056869507,0.02072722837328911,-0.1339207887649536,-0.07188137620687485
redkitchen,test,seq-06,redkitchen/seq-06/frame-000759.color.png,-0.71903718,0.091273136,0.40213624,0.987548045,0.0357021,-0.135806586,-0.070928063,-0.7084872722625732,0.07224611937999725,0.2654789388179779,0.9881482720375061,0.01677658036351204,-0.13063794374465942,-0.07883650809526443
redkitchen,test,seq-06,redkitchen/seq-06/frame-000760.color.png,-0.72063488,0.10026659,0.39369774,0.988475593,0.031043064,-0.128849953,-0.073143831,-0.72813880443573,0.09176971018314362,0.23361736536026,0.986320436000824,0.01895333081483841,-0.1367318332195282,-0.090095154941082
redkitchen,test,seq-06,redkitchen/seq-06/frame-000761.color.png,-0.72470349,0.11265238,0.38363528,0.989807711,0.02691117,-0.119033281,-0.073400022,-0.7641720771789551,0.1228596568107605,0.16094234585762024,0.9858897924423218,0.019960131496191025,-0.13104191422462463,-0.10222973674535751
redkitchen,test,seq-06,redkitchen/seq-06/frame-000762.color.png,-0.72739124,0.12094181,0.37355861,0.991100241,0.022046847,-0.109382177,-0.072593304,-0.759069561958313,0.11283102631568909,0.16284114122390747,0.9874202609062195,0.012627684511244297,-0.12837448716163635,-0.0914427861571312
redkitchen,test,seq-06,redkitchen/seq-06/frame-000763.color.png,-0.72819263,0.12614572,0.3644715,0.992198542,0.01751241,-0.100851399,-0.071164341,-0.7285476922988892,0.1513368934392929,0.19439688324928284,0.9900986552238464,0.009664235636591911,-0.11499805748462677,-0.07991719990968704
redkitchen,test,seq-06,redkitchen/seq-06/frame-000764.color.png,-0.73207933,0.13628973,0.35527503,0.993087644,0.013797211,-0.092122288,-0.071414655,-0.6838706135749817,0.18564371764659882,0.16095542907714844,0.9879778027534485,0.006827466189861298,-0.12756666541099548,-0.08706408739089966
redkitchen,test,seq-06,redkitchen/seq-06/frame-000765.color.png,-0.73436081,0.13879435,0.34644729,0.994109399,0.005612393,-0.083722217,-0.068597327,-0.7593330144882202,0.15346981585025787,0.18071943521499634,0.9906250834465027,0.002929618349298835,-0.10711466521024704,-0.0847330093383789
redkitchen,test,seq-06,redkitchen/seq-06/frame-000766.color.png,-0.73499179,0.13891,0.33513641,0.995049079,-0.002312496,-0.077179294,-0.062572666,-0.7632988095283508,0.16951221227645874,0.2552731931209564,0.9921668171882629,0.0002787909470498562,-0.09478916972875595,-0.0813630223274231
redkitchen,test,seq-06,redkitchen/seq-06/frame-000767.color.png,-0.73524404,0.14245097,0.32366771,0.99569666,-0.006908415,-0.071483856,-0.058570417,-0.7626593112945557,0.17247314751148224,0.24631905555725098,0.9934283494949341,-0.0016696266829967499,-0.09037709981203079,-0.07020998001098633
redkitchen,test,seq-06,redkitchen/seq-06/frame-000768.color.png,-0.73197705,0.14837246,0.31167978,0.996353667,-0.01062207,-0.064157509,-0.055230035,-0.7793951034545898,0.14023660123348236,0.187706857919693,0.9937003254890442,-0.007528070360422134,-0.08851290494203568,-0.06832657009363174
redkitchen,test,seq-06,redkitchen/seq-06/frame-000769.color.png,-0.73291445,0.15123099,0.30020404,0.997115018,-0.016033426,-0.056104526,-0.04854742,-0.6792178153991699,0.112392857670784,0.15468266606330872,0.9958031177520752,-0.010747303254902363,-0.06688892841339111,-0.06153447553515434
redkitchen,test,seq-06,redkitchen/seq-06/frame-000770.color.png,-0.73125589,0.15806803,0.28953287,0.997612766,-0.019217623,-0.050976058,-0.042436928,-0.6647858619689941,0.10819531977176666,0.1637306809425354,0.9973534345626831,-0.01627582125365734,-0.05387882515788078,-0.046023882925510406
redkitchen,test,seq-06,redkitchen/seq-06/frame-000771.color.png,-0.72777092,0.16448084,0.2794677,0.998088077,-0.02356182,-0.044243949,-0.036159436,-0.7288010120391846,0.12831084430217743,0.08938881754875183,0.9972832798957825,-0.028582287952303886,-0.051992304623126984,-0.04365818575024605
redkitchen,test,seq-06,redkitchen/seq-06/frame-000772.color.png,-0.72498167,0.17035604,0.26923746,0.998481272,-0.028580311,-0.036875792,-0.029300036,-0.5686993598937988,0.05606091022491455,0.1891942024230957,0.9981392621994019,-0.03757712244987488,-0.039571214467287064,-0.027205193415284157
redkitchen,test,seq-06,redkitchen/seq-06/frame-000773.color.png,-0.72063512,0.1778653,0.26090479,0.998725036,-0.031213225,-0.031067609,-0.024674682,-0.6476112008094788,0.0573219358921051,0.2187008559703827,0.9991450309753418,-0.031018201261758804,-0.021672986447811127,-0.01665259525179863
redkitchen,test,seq-06,redkitchen/seq-06/frame-000774.color.png,-0.71980375,0.1837285,0.25221944,0.998930854,-0.034376183,-0.022399331,-0.021300151,-0.5459273457527161,0.06467816233634949,0.17615756392478943,0.9987326860427856,-0.049005571752786636,-0.010260224342346191,-0.005114824511110783
redkitchen,test,seq-06,redkitchen/seq-06/frame-000775.color.png,-0.71777135,0.18925467,0.24442986,0.999075288,-0.038322679,-0.01189134,-0.015444673,-0.3526742160320282,-0.004431717097759247,0.22438058257102966,0.9977205991744995,-0.06660832464694977,0.010754507966339588,0.0011163312010467052
redkitchen,test,seq-06,redkitchen/seq-06/frame-000776.color.png,-0.71307939,0.19602552,0.23694362,0.999005308,-0.043699813,-0.003648174,-0.008087702,-0.41203099489212036,0.016906388103961945,0.17331385612487793,0.9970921874046326,-0.06714186817407608,0.03526340052485466,0.0074636926874518394
redkitchen,test,seq-06,redkitchen/seq-06/frame-000777.color.png,-0.71345389,0.19971877,0.22983491,0.998699444,-0.050707745,0.005155783,0.00124997,-0.398361474275589,-0.004787370562553406,0.20968428254127502,0.9970044493675232,-0.06847040355205536,0.03577903285622597,0.0037075153086334467
redkitchen,test,seq-06,redkitchen/seq-06/frame-000778.color.png,-0.70516616,0.19922121,0.22366062,0.998280116,-0.056442984,0.012718707,0.009446375,-0.30193376541137695,-0.08891227841377258,0.2670474350452423,0.9943197965621948,-0.08284509927034378,0.06355837732553482,0.020618828013539314
redkitchen,test,seq-06,redkitchen/seq-06/frame-000779.color.png,-0.70315796,0.20036973,0.21726987,0.997747059,-0.060167108,0.023799636,0.017728559,-0.24095050990581512,-0.1040637344121933,0.3000233471393585,0.99360191822052,-0.08127959817647934,0.07651831209659576,0.01714063622057438
redkitchen,test,seq-06,redkitchen/seq-06/frame-000780.color.png,-0.70277607,0.19984734,0.21738814,0.997736297,-0.060316981,0.023902945,0.017685943,-0.24095050990581512,-0.1040637344121933,0.3000233471393585,0.99360191822052,-0.08127959817647934,0.07651831209659576,0.01714063622057438
redkitchen,test,seq-06,redkitchen/seq-06/frame-000781.color.png,-0.69979781,0.20319057,0.21108796,0.997113163,-0.062827737,0.034801823,0.024634284,-0.17525310814380646,-0.060946255922317505,0.24796786904335022,0.9937357306480408,-0.08647377789020538,0.06961549073457718,0.01285545527935028
redkitchen,test,seq-06,redkitchen/seq-06/frame-000782.color.png,-0.69381076,0.20569894,0.2047369,0.996529547,-0.064995127,0.042403124,0.030107648,-0.10470845550298691,-0.0760217159986496,0.3096068799495697,0.993753969669342,-0.09148330986499786,0.06183341145515442,0.016137683764100075
redkitchen,test,seq-06,redkitchen/seq-06/frame-000783.color.png,-0.6871922,0.20891562,0.19891138,0.995917007,-0.066549672,0.050173975,0.034684711,-0.09119885414838791,-0.08630141615867615,0.3822842836380005,0.9922776818275452,-0.09908390045166016,0.07155001908540726,0.021166596561670303
redkitchen,test,seq-06,redkitchen/seq-06/frame-000784.color.png,-0.68648219,0.20944704,0.19871096,0.995955744,-0.066353764,0.049861187,0.034397606,-0.09119885414838791,-0.08630141615867615,0.3822842836380005,0.9922776818275452,-0.09908390045166016,0.07155001908540726,0.021166596561670303
redkitchen,test,seq-06,redkitchen/seq-06/frame-000785.color.png,-0.68487769,0.21356975,0.19251367,0.995207416,-0.067821164,0.059219117,0.038152138,-0.1375807374715805,-0.06206158176064491,0.37258094549179077,0.9909217357635498,-0.10608220100402832,0.07462724298238754,0.03537654131650925
redkitchen,test,seq-06,redkitchen/seq-06/frame-000786.color.png,-0.67641181,0.21839267,0.18655568,0.994369718,-0.06993359,0.067896004,0.041572699,-0.15189538896083832,-0.06609193980693817,0.4053793251514435,0.9875288605690002,-0.11432009935379028,0.0978342592716217,0.046327076852321625
redkitchen,test,seq-06,redkitchen/seq-06/frame-000787.color.png,-0.66624427,0.21945779,0.18116891,0.993577892,-0.072638138,0.074130855,0.045069824,-0.13242818415164948,-0.10712879151105881,0.4517020583152771,0.9871547222137451,-0.12536200881004333,0.08663590997457504,0.04800020530819893
redkitchen,test,seq-06,redkitchen/seq-06/frame-000788.color.png,-0.66445994,0.21947058,0.18078718,0.993623324,-0.072694223,0.073712582,0.04466202,-0.13242818415164948,-0.10712879151105881,0.4517020583152771,0.9871547222137451,-0.12536200881004333,0.08663590997457504,0.04800020530819893
redkitchen,test,seq-06,redkitchen/seq-06/frame-000789.color.png,-0.66185904,0.22088909,0.17582729,0.992838545,-0.074537682,0.080189107,0.047806526,-0.16271716356277466,-0.046760108321905136,0.39493799209594727,0.9836875796318054,-0.13538858294487,0.1043693795800209,0.055997561663389206
redkitchen,test,seq-06,redkitchen/seq-06/frame-000790.color.png,-0.658764,0.22351027,0.17062108,0.991977503,-0.076071287,0.087557378,0.050274235,-0.1231839507818222,0.013616219162940979,0.3992076814174652,0.9821617603302002,-0.132129967212677,0.12073703855276108,0.05764083191752434
redkitchen,test,seq-06,redkitchen/seq-06/frame-000791.color.png,-0.65718216,0.22637683,0.16467053,0.991122622,-0.077571206,0.093912336,0.05328348,-0.09579085558652878,0.0007784813642501831,0.4322117269039154,0.9793092012405396,-0.1392219364643097,0.1285756230354309,0.07098636031150818
redkitchen,test,seq-06,redkitchen/seq-06/frame-000792.color.png,-0.65923482,0.22878288,0.15963693,0.990299709,-0.078349286,0.099452415,0.057245905,-0.09294389933347702,-0.015412762761116028,0.4330058991909027,0.978366494178772,-0.13961611688137054,0.13039393723011017,0.07939626276493073
redkitchen,test,seq-06,redkitchen/seq-06/frame-000793.color.png,-0.65892923,0.22878286,0.15972969,0.990282564,-0.078365812,0.099593103,0.057275264,-0.09294389933347702,-0.015412762761116028,0.4330058991909027,0.978366494178772,-0.13961611688137054,0.13039393723011017,0.07939626276493073
redkitchen,test,seq-06,redkitchen/seq-06/frame-000794.color.png,-0.66245437,0.23241997,0.15476757,0.989488169,-0.079058158,0.104992096,0.060329357,-0.07198469340801239,-0.049078021198511124,0.4621555805206299,0.9788368940353394,-0.13727553188800812,0.12809889018535614,0.08139055222272873
redkitchen,test,seq-06,redkitchen/seq-06/frame-000795.color.png,-0.66572988,0.23528551,0.1510857,0.988285025,-0.080640969,0.11278915,0.063783626,-0.008274095132946968,-0.0418483205139637,0.4630682170391083,0.9764565825462341,-0.14780382812023163,0.13533803820610046,0.07981419563293457
redkitchen,test,seq-06,redkitchen/seq-06/frame-000796.color.png,-0.67007113,0.23735654,0.14729759,0.987077622,-0.082602684,0.119221521,0.068123375,-0.030866099521517754,-0.04957200586795807,0.44992756843566895,0.9755034446716309,-0.15213343501091003,0.13724128901958466,0.0800827294588089
redkitchen,test,seq-06,redkitchen/seq-06/frame-000797.color.png,-0.66922766,0.23706445,0.14740998,0.987097011,-0.082679304,0.119014228,0.068111947,-0.030866099521517754,-0.04957200586795807,0.44992756843566895,0.9755034446716309,-0.15213343501091003,0.13724128901958466,0.0800827294588089
redkitchen,test,seq-06,redkitchen/seq-06/frame-000798.color.png,-0.67560554,0.23649926,0.14343648,0.986094438,-0.084886059,0.123379287,0.072039342,-0.04641236364841461,-0.05190935730934143,0.5061301589012146,0.9755445718765259,-0.14818666875362396,0.13770388066768646,0.08597096800804138
redkitchen,test,seq-06,redkitchen/seq-06/frame-000799.color.png,-0.68196982,0.23600878,0.13995828,0.985038651,-0.086022302,0.129530919,0.074301815,-0.025731077417731285,-0.10014017671346664,0.575295627117157,0.9763447046279907,-0.15268227458000183,0.13004446029663086,0.08079338818788528
redkitchen,test,seq-06,redkitchen/seq-06/frame-000800.color.png,-0.68824059,0.23830397,0.13629559,0.983772587,-0.086263551,0.137388904,0.076644549,0.040802761912345886,-0.10069169849157333,0.5598571300506592,0.9769974946975708,-0.15674252808094025,0.13052180409431458,0.06222376972436905
redkitchen,test,seq-06,redkitchen/seq-06/frame-000801.color.png,-0.68855613,0.23800609,0.13631642,0.983777673,-0.086381749,0.137315278,0.076578052,0.03975263983011246,-0.10623187571763992,0.579231858253479,0.9764983654022217,-0.15609228610992432,0.1372094452381134,0.05709439143538475
redkitchen,test,seq-06,redkitchen/seq-06/frame-000802.color.png,-0.69519746,0.24162705,0.13302921,0.982685695,-0.085973404,0.143034187,0.080489875,0.03975263983011246,-0.10623187571763992,0.579231858253479,0.9764983654022217,-0.15609228610992432,0.1372094452381134,0.05709439143538475
redkitchen,test,seq-06,redkitchen/seq-06/frame-000803.color.png,-0.70238793,0.24369167,0.12930205,0.981662375,-0.086706463,0.147225096,0.084532488,0.015833796933293343,-0.09726529568433762,0.5516052842140198,0.9780328869819641,-0.15213699638843536,0.12974819540977478,0.058918025344610214
redkitchen,test,seq-06,redkitchen/seq-06/frame-000804.color.png,-0.70893431,0.24305494,0.12631911,0.980376372,-0.088003591,0.153247041,0.087366367,-0.022696563974022865,-0.11492316424846649,0.6199536919593811,0.9776664972305298,-0.15338458120822906,0.1289529800415039,0.06334416568279266
redkitchen,test,seq-06,redkitchen/seq-06/frame-000805.color.png,-0.71778637,0.24532312,0.12384054,0.978841933,-0.088164436,0.160986515,0.090436965,0.03290537744760513,-0.13917607069015503,0.6494210958480835,0.9804275035858154,-0.15219300985336304,0.11624538153409958,0.04567454010248184
redkitchen,test,seq-06,redkitchen/seq-06/frame-000806.color.png,-0.72704148,0.24946737,0.1216486,0.977206986,-0.088109349,0.168123556,0.095066921,0.03466463088989258,-0.11352923512458801,0.6178436875343323,0.981654703617096,-0.15448139607906342,0.10535266250371933,0.03728689253330231
redkitchen,test,seq-06,redkitchen/seq-06/frame-000807.color.png,-0.72642243,0.24951211,0.12176245,0.977204018,-0.088104423,0.168179236,0.095003486,0.05828999727964401,-0.12354061007499695,0.5917101502418518,0.980542004108429,-0.1625867336988449,0.10567708313465118,0.030584199354052544
redkitchen,test,seq-06,redkitchen/seq-06/frame-000808.color.png,-0.73582023,0.25167888,0.11973076,0.975784286,-0.089270813,0.172610231,0.10040646,0.05828999727964401,-0.12354061007499695,0.5917101502418518,0.980542004108429,-0.1625867336988449,0.10567708313465118,0.030584199354052544
redkitchen,test,seq-06,redkitchen/seq-06/frame-000809.color.png,-0.74482733,0.24961255,0.11823129,0.974010462,-0.091764034,0.177723911,0.106288257,0.09291968494653702,-0.11962398886680603,0.5536412596702576,0.9803071022033691,-0.17324481904506683,0.09223254770040512,0.021848265081644058
redkitchen,test,seq-06,redkitchen/seq-06/frame-000810.color.png,-0.75322741,0.24620685,0.11750433,0.972325668,-0.093506582,0.183441967,0.110400905,0.1091751679778099,-0.13704916834831238,0.5610878467559814,0.9825337529182434,-0.16803649067878723,0.07840972393751144,0.015589375980198383
redkitchen,test,seq-06,redkitchen/seq-06/frame-000811.color.png,-0.76413888,0.24328089,0.11680702,0.970498049,-0.094156364,0.190599903,0.113753211,0.15998750925064087,-0.12348920851945877,0.5889642238616943,0.9832967519760132,-0.17224813997745514,0.058615848422050476,0.004722462501376867
redkitchen,test,seq-06,redkitchen/seq-06/frame-000812.color.png,-0.77532798,0.24347949,0.11653412,0.968622601,-0.09275342,0.198067729,0.118051827,0.23212085664272308,-0.10345537215471268,0.5600011944770813,0.9844636917114258,-0.17373843491077423,0.024928314611315727,-0.004967749118804932
redkitchen,test,seq-06,redkitchen/seq-06/frame-000813.color.png,-0.78481346,0.24773344,0.11554778,0.966848493,-0.091100305,0.204082549,0.123511291,0.21527938544750214,-0.15313999354839325,0.556281328201294,0.9850320816040039,-0.17193301022052765,0.011122116819024086,-0.005210233852267265
redkitchen,test,seq-06,redkitchen/seq-06/frame-000814.color.png,-0.7857998,0.2474086,0.11578593,0.966827194,-0.091167219,0.204124319,0.123559613,0.26040396094322205,-0.199647456407547,0.5820847153663635,0.9836085438728333,-0.17938494682312012,-0.012256890535354614,-0.013604637235403061
redkitchen,test,seq-06,redkitchen/seq-06/frame-000815.color.png,-0.79675967,0.24307163,0.11468979,0.964690295,-0.093334826,0.209937618,0.128792243,0.26040396094322205,-0.199647456407547,0.5820847153663635,0.9836085438728333,-0.17938494682312012,-0.012256890535354614,-0.013604637235403061
redkitchen,test,seq-06,redkitchen/seq-06/frame-000816.color.png,-0.80714595,0.24072723,0.11452054,0.962528449,-0.093481452,0.217144185,0.132848055,0.28287574648857117,-0.1982763111591339,0.5854094624519348,0.9812573790550232,-0.18817740678787231,-0.034911952912807465,-0.022456098347902298
redkitchen,test,seq-06,redkitchen/seq-06/frame-000817.color.png,-0.82094717,0.24611908,0.11358767,0.960215785,-0.091813133,0.224502121,0.138400839,0.21574178338050842,-0.2037816345691681,0.5642479658126831,0.9812358617782593,-0.192086860537529,-0.016656778752803802,0.0011501407716423273
redkitchen,test,seq-06,redkitchen/seq-06/frame-000818.color.png,-0.83255863,0.2465263,0.11283186,0.958150006,-0.093387974,0.228459393,0.145029509,0.2985161244869232,-0.21577821671962738,0.565819501876831,0.9754925966262817,-0.1914202719926834,-0.10509669780731201,-0.026966845616698265
redkitchen,test,seq-06,redkitchen/seq-06/frame-000819.color.png,-0.84356171,0.24025011,0.11334597,0.956647351,-0.096716916,0.230366031,0.149676905,0.38212814927101135,-0.16545772552490234,0.5951048135757446,0.9757569432258606,-0.1838536262512207,-0.1088896319270134,-0.047320928424596786
redkitchen,test,seq-06,redkitchen/seq-06/frame-000820.color.png,-0.8555432,0.23507659,0.11428129,0.954960446,-0.098526143,0.234718319,0.152481002,0.4028213918209076,-0.17081491649150848,0.6385495662689209,0.9765917062759399,-0.17795123159885406,-0.11161129921674728,-0.04631197080016136
redkitchen,test,seq-06,redkitchen/seq-06/frame-000821.color.png,-0.86783177,0.23442213,0.11497543,0.953261138,-0.098568691,0.240082504,0.154718476,0.41988807916641235,-0.1737486720085144,0.6563213467597961,0.9714130759239197,-0.18456947803497314,-0.14030806720256805,-0.05103261396288872
redkitchen,test,seq-06,redkitchen/seq-06/frame-000822.color.png,-0.88117576,0.23069513,0.11618516,0.951835098,-0.099558937,0.243559215,0.157406713,0.3950404226779938,-0.1810702681541443,0.7277683019638062,0.9745737910270691,-0.18523962795734406,-0.11615023016929626,-0.049003470689058304
redkitchen,test,seq-06,redkitchen/seq-06/frame-000823.color.png,-0.89087993,0.23093046,0.11656337,0.951014828,-0.098599275,0.244845304,0.160934016,0.41453418135643005,-0.15903541445732117,0.7197112441062927,0.9735506772994995,-0.18500715494155884,-0.12564924359321594,-0.04673008993268013
redkitchen,test,seq-06,redkitchen/seq-06/frame-000824.color.png,-0.90019739,0.22568202,0.11781313,0.948714143,-0.099807304,0.249286429,0.166842,0.44079551100730896,-0.1773192137479782,0.7536040544509888,0.9717559814453125,-0.1845441460609436,-0.13571691513061523,-0.05669825151562691
redkitchen,test,seq-06,redkitchen/seq-06/frame-000825.color.png,-0.91147548,0.21287738,0.12140942,0.945980726,-0.101265017,0.255460422,0.172063464,0.4771488904953003,-0.2046860307455063,0.8303236365318298,0.9704218506813049,-0.18554477393627167,-0.14003242552280426,-0.06515795737504959
redkitchen,test,seq-06,redkitchen/seq-06/frame-000826.color.png,-0.92330015,0.20975411,0.1233265,0.944368068,-0.09817629,0.260258067,0.175488198,0.48435211181640625,-0.196358323097229,0.7867696285247803,0.9680891633033752,-0.186135396361351,-0.15464311838150024,-0.06513523310422897
redkitchen,test,seq-06,redkitchen/seq-06/frame-000827.color.png,-0.93330675,0.20498565,0.124975,0.94297677,-0.095342135,0.263306618,0.179928632,0.494545578956604,-0.20001257956027985,0.7429333925247192,0.9675127863883972,-0.19182083010673523,-0.15492816269397736,-0.05586690828204155
redkitchen,test,seq-06,redkitchen/seq-06/frame-000828.color.png,-0.94368684,0.19968966,0.12772898,0.942126293,-0.092396109,0.265464074,0.18272885,0.5031459927558899,-0.18306885659694672,0.7770261764526367,0.9692996144294739,-0.17857399582862854,-0.15707163512706757,-0.06243351846933365
redkitchen,test,seq-06,redkitchen/seq-06/frame-000829.color.png,-0.95455915,0.19775099,0.1307068,0.941179734,-0.088934556,0.268360028,0.185079031,0.509316623210907,-0.16186517477035522,0.7947729229927063,0.9713631868362427,-0.17867271602153778,-0.14958219230175018,-0.04641885682940483
redkitchen,test,seq-06,redkitchen/seq-06/frame-000830.color.png,-0.96530467,0.19525458,0.13409074,0.940972636,-0.085898703,0.268130527,0.187877437,0.5236923098564148,-0.19629701972007751,0.8163965344429016,0.9705160856246948,-0.18502351641654968,-0.14960645139217377,-0.0385051928460598
redkitchen,test,seq-06,redkitchen/seq-06/frame-000831.color.png,-0.97302181,0.1972874,0.13615794,0.942448332,-0.082672811,0.263227614,0.188858599,0.3970310091972351,-0.18386077880859375,0.8734630346298218,0.9793333411216736,-0.16741850972175598,-0.11017562448978424,-0.02717781998217106
redkitchen,test,seq-06,redkitchen/seq-06/frame-000832.color.png,-0.98106748,0.19272397,0.1400039,0.942655678,-0.083479004,0.260371606,0.191410962,0.32647505402565,-0.11039072275161743,0.8673017024993896,0.9824168682098389,-0.17161770164966583,-0.07324855029582977,0.00625482015311718
redkitchen,test,seq-06,redkitchen/seq-06/frame-000833.color.png,-0.98603058,0.18155326,0.14577034,0.942664527,-0.084621121,0.258369564,0.193566586,0.3314272165298462,-0.11152413487434387,0.7706772685050964,0.9793565273284912,-0.18669463694095612,-0.07675588876008987,0.010690417140722275
redkitchen,test,seq-06,redkitchen/seq-06/frame-000834.color.png,-0.9941572,0.1781278,0.15182255,0.94320797,-0.081940648,0.256193352,0.194960053,0.19748222827911377,-0.11263434588909149,0.8505403995513916,0.9817399382591248,-0.1734292358160019,-0.07544298470020294,0.020429814234375954
redkitchen,test,seq-06,redkitchen/seq-06/frame-000835.color.png,-1.0010506,0.17438111,0.15793039,0.943693816,-0.079872779,0.253029684,0.197581122,0.23227116465568542,-0.1283072531223297,0.8613995313644409,0.980513870716095,-0.17298248410224915,-0.09082495421171188,0.020503340288996696
redkitchen,test,seq-06,redkitchen/seq-06/frame-000836.color.png,-1.0072309,0.17292458,0.1634599,0.944023821,-0.079143267,0.249598679,0.200638649,0.12325354665517807,-0.1601334810256958,0.913142740726471,0.9832309484481812,-0.17048557102680206,-0.05285552516579628,0.03738866001367569
redkitchen,test,seq-06,redkitchen/seq-06/frame-000837.color.png,-1.0121546,0.16184026,0.17115508,0.943199403,-0.082024323,0.24817644,0.205074015,0.07766308635473251,-0.11982691287994385,0.8612618446350098,0.9825860261917114,-0.1733393371105194,-0.03435484692454338,0.05742732062935829
redkitchen,test,seq-06,redkitchen/seq-06/frame-000838.color.png,-1.0177612,0.14597532,0.18078758,0.942046524,-0.083421341,0.248667295,0.209174099,0.13030897080898285,-0.09220868349075317,0.7746270298957825,0.982808530330658,-0.17057034373283386,-0.0242429468780756,0.0663728415966034
redkitchen,test,seq-06,redkitchen/seq-06/frame-000839.color.png,-1.0259668,0.13557941,0.19027908,0.941474373,-0.080664247,0.250237856,0.210950942,0.03272037208080292,-0.10557141155004501,0.7376711368560791,0.9820666909217834,-0.16586622595787048,0.021154984831809998,0.08709672093391418
redkitchen,test,seq-06,redkitchen/seq-06/frame-000840.color.png,-1.0311046,0.13186003,0.19808221,0.941380832,-0.076821074,0.251207951,0.211648807,-0.12823531031608582,-0.11946173012256622,0.7337337732315063,0.9794068932533264,-0.15924009680747986,0.050885338336229324,0.1132049486041069
redkitchen,test,seq-06,redkitchen/seq-06/frame-000841.color.png,-1.0405196,0.12151989,0.20849352,0.940171724,-0.075128095,0.254352494,0.213863758,-0.24388845264911652,-0.12059590965509415,0.7297143340110779,0.9772127866744995,-0.1469256430864334,0.06690452992916107,0.1378106325864792
redkitchen,test,seq-06,redkitchen/seq-06/frame-000842.color.png,-1.0471796,0.11197542,0.21858506,0.939969628,-0.071521343,0.254527204,0.215772332,-0.12479711323976517,-0.055760011076927185,0.670861542224884,0.9771000742912292,-0.15798959136009216,0.06913892924785614,0.1246378943324089
redkitchen,test,seq-06,redkitchen/seq-06/frame-000843.color.png,-1.0545604,0.11076437,0.22720623,0.939976338,-0.066576748,0.253805977,0.218161746,-0.2981754541397095,-0.09689502418041229,0.6925931572914124,0.9734306335449219,-0.1576850861310959,0.0761331096291542,0.14755301177501678
redkitchen,test,seq-06,redkitchen/seq-06/frame-000844.color.png,-1.0593412,0.10583845,0.23622313,0.93900293,-0.066270488,0.254952673,0.221090149,-0.33799540996551514,-0.12716959416866302,0.656177282333374,0.9752997159957886,-0.1487397998571396,0.06862537562847137,0.14818036556243896
redkitchen,test,seq-06,redkitchen/seq-06/frame-000845.color.png,-1.0660195,0.099674761,0.24488826,0.938279043,-0.066893757,0.255813396,0.222973471,-0.4140653610229492,-0.11837060749530792,0.6415397524833679,0.9725363254547119,-0.1435435563325882,0.08706122636795044,0.1612101048231125
redkitchen,test,seq-06,redkitchen/seq-06/frame-000846.color.png,-1.0709814,0.097126901,0.25345701,0.937888821,-0.066917456,0.254775708,0.225778545,-0.4482875466346741,-0.16987508535385132,0.7092316150665283,0.9746496677398682,-0.1410272717475891,0.07676204293966293,0.15581071376800537
redkitchen,test,seq-06,redkitchen/seq-06/frame-000847.color.png,-1.075734,0.089509711,0.26255661,0.937238622,-0.069556548,0.253052871,0.229586361,-0.3447808623313904,-0.15799829363822937,0.7510179281234741,0.9759324789047241,-0.1423073410987854,0.0532226487994194,0.1564347892999649
redkitchen,test,seq-06,redkitchen/seq-06/frame-000848.color.png,-1.0775958,0.079527274,0.27058387,0.937060554,-0.0725557,0.250971511,0.231660287,-0.3934687376022339,-0.12479578703641891,0.7237836122512817,0.9744096994400024,-0.14171148836612701,0.04489991068840027,0.16860505938529968
redkitchen,test,seq-06,redkitchen/seq-06/frame-000849.color.png,-1.0821769,0.068809234,0.27955064,0.936223589,-0.074071842,0.251937492,0.233508572,-0.45018020272254944,-0.11897853761911392,0.7456438541412354,0.9737263321876526,-0.13255158066749573,0.05729158967733383,0.17608165740966797
redkitchen,test,seq-06,redkitchen/seq-06/frame-000850.color.png,-1.0882025,0.063349254,0.28657699,0.935701721,-0.073166495,0.25233241,0.235451286,-0.5976895093917847,-0.08818092942237854,0.7020009756088257,0.9683377742767334,-0.12781187891960144,0.08574250340461731,0.19655591249465942
redkitchen,test,seq-06,redkitchen/seq-06/frame-000851.color.png,-1.0897024,0.056667663,0.29303953,0.936018792,-0.072998386,0.249950721,0.236779843,-0.8016780614852905,-0.07288983464241028,0.6571277379989624,0.9642306566238403,-0.11789445579051971,0.10865647345781326,0.21107809245586395
redkitchen,test,seq-06,redkitchen/seq-06/frame-000852.color.png,-1.0951066,0.050737742,0.299514,0.936615178,-0.072095276,0.247002964,0.237789435,-0.8332778215408325,-0.04107489064335823,0.5920499563217163,0.9624518156051636,-0.11224342882633209,0.10685201734304428,0.22286921739578247
redkitchen,test,seq-06,redkitchen/seq-06/frame-000853.color.png,-1.1007298,0.04772735,0.30375916,0.937119767,-0.07172874,0.245420752,0.237550385,-0.8717886209487915,-0.024239879101514816,0.559733510017395,0.9622625708580017,-0.10469021648168564,0.10585780441761017,0.22778235375881195
redkitchen,test,seq-06,redkitchen/seq-06/frame-000854.color.png,-1.1056107,0.043095976,0.30855355,0.936318764,-0.073075681,0.247821944,0.237805386,-0.9233764410018921,-0.03293819725513458,0.5779891610145569,0.9604752659797668,-0.10652581602334976,0.11206191778182983,0.23147694766521454
redkitchen,test,seq-06,redkitchen/seq-06/frame-000855.color.png,-1.1124699,0.035369266,0.31426913,0.935557558,-0.074247021,0.249736115,0.238435123,-0.9717609882354736,-0.022245492786169052,0.5562232136726379,0.9588459134101868,-0.10118579864501953,0.11688000708818436,0.23814909160137177
redkitchen,test,seq-06,redkitchen/seq-06/frame-000856.color.png,-1.1109535,0.030625053,0.31796873,0.936881241,-0.074257711,0.247195537,0.235867969,-1.0624982118606567,-0.01757793128490448,0.5077964067459106,0.9582926630973816,-0.09769003093242645,0.12335220724344254,0.23857098817825317
redkitchen,test,seq-06,redkitchen/seq-06/frame-000857.color.png,-1.1135769,0.02569492,0.32276669,0.937391845,-0.073852576,0.247098248,0.234061493,-1.073232889175415,-0.06727094948291779,0.5018844604492188,0.9602571129798889,-0.09698951989412308,0.12907516956329346,0.22768184542655945
redkitchen,test,seq-06,redkitchen/seq-06/frame-000858.color.png,-1.119903,0.020676648,0.32733926,0.937458133,-0.072885307,0.248520471,0.232588814,-1.0605322122573853,-0.05800139904022217,0.48122692108154297,0.9611893892288208,-0.09415245801210403,0.12225449830293655,0.22870105504989624
redkitchen,test,seq-06,redkitchen/seq-06/frame-000859.color.png,-1.1221532,0.018908745,0.33102298,0.93790923,-0.071056034,0.24889012,0.230935111,-1.0108797550201416,-0.039263591170310974,0.4210038185119629,0.9652613401412964,-0.08780258893966675,0.10854887962341309,0.22085827589035034
redkitchen,test,seq-06,redkitchen/seq-06/frame-000860.color.png,-1.12514,0.017442109,0.33501676,0.938074629,-0.069072095,0.248823508,0.230936998,-1.0386769771575928,-0.038194864988327026,0.4234009087085724,0.9664167165756226,-0.08700462430715561,0.10189670324325562,0.21928523480892181
redkitchen,test,seq-06,redkitchen/seq-06/frame-000861.color.png,-1.1310711,0.016019821,0.33890957,0.937825279,-0.067772126,0.24936363,0.23175087,-1.066454529762268,-0.041812919080257416,0.43528369069099426,0.9662350416183472,-0.08569259196519852,0.09664277732372284,0.22295024991035461
redkitchen,test,seq-06,redkitchen/seq-06/frame-000862.color.png,-1.1346968,0.011348912,0.34348786,0.937121829,-0.067642561,0.251463108,0.232364944,-1.1093416213989258,-0.06393713504076004,0.43135714530944824,0.9641942977905273,-0.08867620676755905,0.1110561415553093,0.22390267252922058
redkitchen,test,seq-06,redkitchen/seq-06/frame-000863.color.png,-1.1390723,0.010985278,0.3470715,0.936732882,-0.065723276,0.253502021,0.23226856,-1.0945817232131958,-0.08134955912828445,0.4367193877696991,0.9651916027069092,-0.08959808200597763,0.1172575056552887,0.21593530476093292
redkitchen,test,seq-06,redkitchen/seq-06/frame-000864.color.png,-1.1446911,0.011626745,0.35038623,0.935636014,-0.064474806,0.256357054,0.233900212,-1.090279459953308,-0.05603940784931183,0.4124048948287964,0.9649571776390076,-0.08960064500570297,0.11269241571426392,0.21938493847846985
redkitchen,test,seq-06,redkitchen/seq-06/frame-000865.color.png,-1.1495709,0.006908499,0.35384646,0.934470059,-0.065168237,0.258625025,0.235864169,-1.0671210289001465,-0.062423042953014374,0.42529478669166565,0.9644456505775452,-0.0899098813533783,0.11426979303359985,0.22068792581558228
redkitchen,test,seq-06,redkitchen/seq-06/frame-000866.color.png,-1.1541204,0.000857154,0.35826001,0.933110003,-0.064629267,0.26175036,0.237940181,-1.1431790590286255,-0.09426193684339523,0.4292142391204834,0.9637817144393921,-0.08998847752809525,0.12472837418317795,0.21787557005882263
redkitchen,test,seq-06,redkitchen/seq-06/frame-000867.color.png,-1.1607705,-0.001697459,0.36069432,0.932075249,-0.062300062,0.265279145,0.238707789,-1.0912094116210938,-0.0802256166934967,0.42492616176605225,0.9619939923286438,-0.09209848195314407,0.13236349821090698,0.2203756421804428
redkitchen,test,seq-06,redkitchen/seq-06/frame-000868.color.png,-1.1684477,0.001173079,0.36224517,0.93172401,-0.059230469,0.268085919,0.237722657,-1.0296120643615723,-0.07901809364557266,0.4014321267604828,0.964384138584137,-0.08597629517316818,0.12817537784576416,0.2148076444864273
redkitchen,test,seq-06,redkitchen/seq-06/frame-000869.color.png,-1.1779958,0.003792576,0.36515635,0.930775364,-0.058047339,0.270851419,0.238594293,-1.081891655921936,-0.09017100930213928,0.432184100151062,0.9640161395072937,-0.08472269773483276,0.13245272636413574,0.21436214447021484
redkitchen,test,seq-06,redkitchen/seq-06/frame-000870.color.png,-1.1834828,-0.001437123,0.36819509,0.929694433,-0.059402689,0.272021442,0.241130496,-0.976651132106781,-0.08917117118835449,0.40673136711120605,0.9674932956695557,-0.08581181615591049,0.11585846543312073,0.20777356624603271
redkitchen,test,seq-06,redkitchen/seq-06/frame-000871.color.png,-1.1897358,-0.006400632,0.37044221,0.929137471,-0.059828534,0.273407464,0.241603943,-0.980018138885498,-0.09549865871667862,0.4082764983177185,0.9669520854949951,-0.08907878398895264,0.11666849255561829,0.20846383273601532
redkitchen,test,seq-06,redkitchen/seq-06/frame-000872.color.png,-1.1964848,-0.011119991,0.37211472,0.928160092,-0.059293097,0.27673566,0.241703429,-1.0129647254943848,-0.08790679275989532,0.4019537568092346,0.9655256867408752,-0.08649002015590668,0.12319904565811157,0.212371364235878
redkitchen,test,seq-06,redkitchen/seq-06/frame-000873.color.png,-1.203648,-0.017477786,0.3737742,0.927601252,-0.057285247,0.279158977,0.241546234,-1.031396746635437,-0.032230742275714874,0.3878116011619568,0.9659579992294312,-0.08406687527894974,0.12798288464546204,0.20851461589336395
redkitchen,test,seq-06,redkitchen/seq-06/frame-000874.color.png,-1.2108574,-0.01776344,0.37266862,0.927938642,-0.052269313,0.279965548,0.240451839,-1.1010068655014038,-0.07112835347652435,0.46189582347869873,0.9640671610832214,-0.08441005647182465,0.13280411064624786,0.21403847634792328
redkitchen,test,seq-06,redkitchen/seq-06/frame-000875.color.png,-1.2164922,-0.016443992,0.36993557,0.928005937,-0.048213418,0.281388536,0.239376144,-1.0918900966644287,-0.10136798769235611,0.4415220320224762,0.964556872844696,-0.08498896658420563,0.13470548391342163,0.21038386225700378
redkitchen,test,seq-06,redkitchen/seq-06/frame-000876.color.png,-1.2248622,-0.018215511,0.36915344,0.927338919,-0.046037926,0.284811978,0.238338366,-1.0795565843582153,-0.09999647736549377,0.44208359718322754,0.9646316170692444,-0.08462950587272644,0.13343575596809387,0.21099436283111572
redkitchen,test,seq-06,redkitchen/seq-06/frame-000877.color.png,-1.2339215,-0.020343935,0.36847448,0.927376468,-0.043591047,0.287024049,0.235987079,-1.106507420539856,-0.07762174308300018,0.4445176422595978,0.9644113779067993,-0.08488112688064575,0.13066044449806213,0.21362048387527466
redkitchen,test,seq-06,redkitchen/seq-06/frame-000878.color.png,-1.2435811,-0.0180133,0.36603826,0.927954758,-0.039959211,0.287757436,0.233449967,-1.1054917573928833,-0.0934872254729271,0.4526002109050751,0.963217556476593,-0.07875516265630722,0.13972537219524384,0.21560725569725037
redkitchen,test,seq-06,redkitchen/seq-06/frame-000879.color.png,-1.2471547,-0.018486066,0.36093673,0.928218845,-0.038885119,0.28831176,0.231892328,-1.0582373142242432,-0.12260406464338303,0.4570901691913605,0.964788019657135,-0.07687593996524811,0.14683307707309723,0.20424054563045502
redkitchen,test,seq-06,redkitchen/seq-06/frame-000880.color.png,-1.2549436,-0.024437001,0.36079556,0.927573604,-0.038249216,0.292270432,0.229613155,-1.0784811973571777,-0.13237717747688293,0.47001737356185913,0.9626908302307129,-0.0779879167675972,0.15914234519004822,0.20449422299861908
redkitchen,test,seq-06,redkitchen/seq-06/frame-000881.color.png,-1.2623081,-0.022183191,0.35686147,0.927944879,-0.034683832,0.294615115,0.225648548,-1.034836769104004,-0.1395551860332489,0.49168121814727783,0.9636300206184387,-0.07505392283201218,0.16983534395694733,0.19219809770584106
redkitchen,test,seq-06,redkitchen/seq-06/frame-000882.color.png,-1.2700546,-0.017491762,0.35315371,0.9278221,-0.030857448,0.296885979,0.223724574,-0.9836217164993286,-0.1626388430595398,0.4330607056617737,0.9685223698616028,-0.07010379433631897,0.15600112080574036,0.18086881935596466
redkitchen,test,seq-06,redkitchen/seq-06/frame-000883.color.png,-1.2779683,-0.017428549,0.35050562,0.92772001,-0.029208439,0.29808552,0.222772246,-0.8840433359146118,-0.16444922983646393,0.4441945254802704,0.9694820642471313,-0.06448507308959961,0.15127864480018616,0.1818263828754425
redkitchen,test,seq-06,redkitchen/seq-06/frame-000884.color.png,-1.2820218,-0.021879416,0.34622601,0.928762804,-0.02921464,0.297230947,0.219544809,-0.9363774061203003,-0.16666105389595032,0.44075220823287964,0.969547688961029,-0.06471309810876846,0.15405115485191345,0.17904667556285858
redkitchen,test,seq-06,redkitchen/seq-06/frame-000885.color.png,-1.2873931,-0.022333359,0.34208545,0.929585238,-0.02738088,0.29764526,0.215705521,-0.8372880816459656,-0.2103925198316574,0.443397581577301,0.9715078473091125,-0.06482522934675217,0.1621820330619812,0.16020984947681427
redkitchen,test,seq-06,redkitchen/seq-06/frame-000886.color.png,-1.2926284,-0.023252757,0.337273,0.929506875,-0.025033093,0.30007974,0.212937701,-0.8342767357826233,-0.2014857828617096,0.451413631439209,0.9727770090103149,-0.062217265367507935,0.15593591332435608,0.15974323451519012
redkitchen,test,seq-06,redkitchen/seq-06/frame-000887.color.png,-1.2995572,-0.023192022,0.33231542,0.929157407,-0.021922663,0.303453646,0.210004273,-0.8800909519195557,-0.20251554250717163,0.42709580063819885,0.9735987186431885,-0.05848916247487068,0.15172195434570312,0.16020336747169495
redkitchen,test,seq-06,redkitchen/seq-06/frame-000888.color.png,-1.3072531,-0.018227389,0.32710391,0.929498031,-0.018292947,0.304728311,0.206976893,-0.7911984920501709,-0.21653608977794647,0.3908015787601471,0.9768614172935486,-0.05797985941171646,0.15013600885868073,0.14085225760936737
redkitchen,test,seq-06,redkitchen/seq-06/frame-000889.color.png,-1.3140249,-0.018602282,0.32259998,0.929426488,-0.016094268,0.305441591,0.206428711,-0.7833810448646545,-0.22984766960144043,0.3711555004119873,0.9779521822929382,-0.057900115847587585,0.14547163248062134,0.13818477094173431
redkitchen,test,seq-06,redkitchen/seq-06/frame-000890.color.png,-1.3190726,-0.014339262,0.31624857,0.929572876,-0.013266876,0.305449033,0.205959092,-0.7710723280906677,-0.23263894021511078,0.3662412464618683,0.9813792705535889,-0.05297226831316948,0.13065607845783234,0.13045136630535126
redkitchen,test,seq-06,redkitchen/seq-06/frame-000891.color.png,-1.3236125,-0.014738086,0.31036696,0.929229681,-0.01308971,0.305825041,0.206958702,-0.7593371868133545,-0.2357136458158493,0.38043850660324097,0.981508195400238,-0.053603395819664,0.1309477686882019,0.1289224773645401
redkitchen,test,seq-06,redkitchen/seq-06/frame-000892.color.png,-1.3257996,-0.023031611,0.30579466,0.929008673,-0.014635231,0.306231875,0.20724559,-0.7272725105285645,-0.21505571901798248,0.3668593764305115,0.9828532934188843,-0.05045905336737633,0.12139547616243362,0.12929217517375946
redkitchen,test,seq-06,redkitchen/seq-06/frame-000893.color.png,-1.3314346,-0.029218722,0.30061549,0.928533665,-0.013810225,0.308687207,0.205783182,-0.7957126498222351,-0.24048031866550446,0.4318964183330536,0.9796931743621826,-0.05381446331739426,0.13964998722076416,0.1334291249513626
redkitchen,test,seq-06,redkitchen/seq-06/frame-000894.color.png,-1.3400415,-0.035354462,0.29635194,0.927500485,-0.010433469,0.313128089,0.203923496,-0.8806496262550354,-0.24968859553337097,0.4787392020225525,0.9774754047393799,-0.05546331778168678,0.15213914215564728,0.13534872233867645
redkitchen,test,seq-06,redkitchen/seq-06/frame-000895.color.png,-1.3561664,-0.029661467,0.28157726,0.928074057,0.002370032,0.314753433,0.199005536,-0.7835845351219177,-0.189184308052063,0.3750459551811218,0.9783992171287537,-0.04938896745443344,0.15237300097942352,0.1306835412979126
redkitchen,test,seq-06,redkitchen/seq-06/frame-000896.color.png,-1.3698652,-0.030633347,0.27839273,0.926910588,0.006641249,0.317206698,0.200430952,-0.7734229564666748,-0.20359627902507782,0.33464428782463074,0.977778971195221,-0.04315408691763878,0.1662481278181076,0.120198093354702
redkitchen,test,seq-06,redkitchen/seq-06/frame-000897.color.png,-1.3733468,-0.040126316,0.27170628,0.926871353,0.008701648,0.317475073,0.200108357,-0.6550432443618774,-0.20771487057209015,0.37448954582214355,0.9784887433052063,-0.04087486118078232,0.16927126049995422,0.11061811447143555
redkitchen,test,seq-06,redkitchen/seq-06/frame-000898.color.png,-1.3843414,-0.045118365,0.26543143,0.926067711,0.014094328,0.321306396,0.19738831,-0.7664738297462463,-0.2747167944908142,0.407967746257782,0.9762244820594788,-0.04342864081263542,0.1802019625902176,0.11237003654241562
redkitchen,test,seq-06,redkitchen/seq-06/frame-000899.color.png,-1.3988787,-0.036000073,0.25009558,0.924142093,0.024645617,0.32920656,0.192294114,-0.5888857245445251,-0.24277381598949432,0.24028629064559937,0.9841718673706055,-0.02655545249581337,0.14992362260818481,0.09068353474140167
redkitchen,test,seq-06,redkitchen/seq-06/frame-000900.color.png,-1.4012848,-0.035837937,0.24209999,0.924031796,0.027506715,0.329679704,0.191624409,-0.6245630979537964,-0.2422032207250595,0.2610524594783783,0.9830929040908813,-0.024420831352472305,0.15650701522827148,0.09185539186000824
redkitchen,test,seq-06,redkitchen/seq-06/frame-000901.color.png,-1.4045084,-0.030925697,0.23296064,0.924401247,0.028991199,0.328961585,0.190856282,-0.5831136107444763,-0.22729697823524475,0.26326581835746765,0.985457718372345,-0.01735980622470379,0.1470813900232315,0.08329896628856659
redkitchen,test,seq-06,redkitchen/seq-06/frame-000902.color.png,-1.4113954,-0.035893116,0.21978116,0.924101515,0.027522713,0.329215767,0.192082974,-0.5771679878234863,-0.22589197754859924,0.2699602246284485,0.9859381318092346,-0.017480680719017982,0.14330893754959106,0.0841597467660904
redkitchen,test,seq-06,redkitchen/seq-06/frame-000903.color.png,-1.4195768,-0.033845276,0.2139857,0.924309789,0.027961688,0.328300841,0.192582748,-0.5644745826721191,-0.23381079733371735,0.26317960023880005,0.9860821962356567,-0.015614067204296589,0.1427489072084427,0.0837908610701561
redkitchen,test,seq-06,redkitchen/seq-06/frame-000904.color.png,-1.4213395,-0.037796158,0.20879538,0.924326296,0.026361671,0.327396866,0.194260787,-0.5474669337272644,-0.2384824901819229,0.2669338881969452,0.9857560396194458,-0.018847018480300903,0.1422996073961258,0.08763915300369263
redkitchen,test,seq-06,redkitchen/seq-06/frame-000905.color.png,-1.4281994,-0.043125499,0.19937019,0.924075947,0.025393984,0.327783786,0.194927113,-0.5734504461288452,-0.2512918710708618,0.2805614471435547,0.9837318062782288,-0.019575245678424835,0.15423470735549927,0.09000127762556076
redkitchen,test,seq-06,redkitchen/seq-06/frame-000906.color.png,-1.4347633,-0.046260986,0.19505115,0.923889235,0.023972624,0.327054221,0.197204288,-0.5772107839584351,-0.240952268242836,0.261773943901062,0.984861433506012,-0.01992426998913288,0.1465703248977661,0.09037759155035019
redkitchen,test,seq-06,redkitchen/seq-06/frame-000907.color.png,-1.4371217,-0.058072913,0.19178495,0.923339839,0.022691707,0.326868531,0.200213862,-0.5477194786071777,-0.24486032128334045,0.2796066403388977,0.9855050444602966,-0.02296396903693676,0.14366275072097778,0.08725472539663315
redkitchen,test,seq-06,redkitchen/seq-06/frame-000908.color.png,-1.4508835,-0.05910451,0.18612047,0.922486279,0.025139986,0.327915869,0.202134187,-0.5275957584381104,-0.2541821002960205,0.28821519017219543,0.9868508577346802,-0.02023504301905632,0.13772517442703247,0.08214452117681503
redkitchen,test,seq-06,redkitchen/seq-06/frame-000909.color.png,-1.4554417,-0.061677322,0.18294109,0.923001571,0.024019375,0.324741605,0.205022096,-0.5733514428138733,-0.255786657333374,0.2983006536960602,0.9879483580589294,-0.02088432013988495,0.12555210292339325,0.08808311820030212
redkitchen,test,seq-06,redkitchen/seq-06/frame-000910.color.png,-1.4605167,-0.072382979,0.18325046,0.92393446,0.022696735,0.321761613,0.205668266,-0.6371057629585266,-0.2699371576309204,0.279235303401947,0.9865538477897644,-0.015863345935940742,0.13522884249687195,0.09040553122758865
redkitchen,test,seq-06,redkitchen/seq-06/frame-000911.color.png,-1.469173,-0.074857302,0.1812811,0.926563484,0.022453072,0.314762085,0.204696847,-0.7085623741149902,-0.2764022946357727,0.3029005527496338,0.985447108745575,-0.01613028161227703,0.1422462910413742,0.09165044873952866
redkitchen,test,seq-06,redkitchen/seq-06/frame-000912.color.png,-1.470661,-0.079134583,0.18072633,0.92829313,0.02253148,0.309288336,0.20519484,-0.7146359086036682,-0.2670700252056122,0.32619819045066833,0.9868482947349548,-0.015021063387393951,0.125169038772583,0.10118059068918228
redkitchen,test,seq-06,redkitchen/seq-06/frame-000913.color.png,-1.4677274,-0.083303817,0.17791297,0.929814099,0.021677983,0.30585922,0.203533643,-0.7001124024391174,-0.2633177638053894,0.2746661305427551,0.9837070107460022,-0.01627165824174881,0.14839006960391998,0.10018056631088257
redkitchen,test,seq-06,redkitchen/seq-06/frame-000914.color.png,-1.4993495,-0.090283863,0.19094957,0.930203683,0.024019859,0.303859762,0.204483252,-0.7518559694290161,-0.28387194871902466,0.285561740398407,0.9866495132446289,-0.02345157228410244,0.12844401597976685,0.09733875095844269
redkitchen,test,seq-06,redkitchen/seq-06/frame-000915.color.png,-1.5027232,-0.091651767,0.19249691,0.932321248,0.024114781,0.298879949,0.202154258,-0.7817007303237915,-0.30675217509269714,0.3470548987388611,0.9821130037307739,-0.025961702689528465,0.1529584378004074,0.1066947653889656
redkitchen,test,seq-06,redkitchen/seq-06/frame-000916.color.png,-1.5059966,-0.094375476,0.19703375,0.93387803,0.024346839,0.295458528,0.199958281,-0.8450219035148621,-0.30483031272888184,0.32943108677864075,0.9803818464279175,-0.022930124774575233,0.16152474284172058,0.11061329394578934
redkitchen,test,seq-06,redkitchen/seq-06/frame-000917.color.png,-1.5128826,-0.10164567,0.20825598,0.936111102,0.024166395,0.290953437,0.196107336,-0.7897857427597046,-0.28547513484954834,0.33903947472572327,0.9775372743606567,-0.027617918327450752,0.176810622215271,0.11133767664432526
redkitchen,test,seq-06,redkitchen/seq-06/frame-000918.color.png,-1.5079857,-0.10639283,0.21191822,0.937580195,0.023651928,0.287477035,0.194270222,-0.8430947661399841,-0.30189210176467896,0.32206740975379944,0.9781878590583801,-0.031138822436332703,0.1718980073928833,0.11238301545381546
redkitchen,test,seq-06,redkitchen/seq-06/frame-000919.color.png,-1.5349433,-0.11607296,0.22910027,0.937229338,0.023737413,0.287973064,0.195215823,-0.8017210960388184,-0.30090320110321045,0.3672330379486084,0.9815146327018738,-0.029507756233215332,0.14812836050987244,0.11754262447357178
redkitchen,test,seq-06,redkitchen/seq-06/frame-000920.color.png,-1.5346987,-0.13205642,0.24250945,0.939590836,0.024305504,0.282236423,0.19214813,-0.7977091670036316,-0.2919760048389435,0.370000422000885,0.970221757888794,-0.024545980617403984,0.1919214278459549,0.14571696519851685
redkitchen,test,seq-06,redkitchen/seq-06/frame-000921.color.png,-1.5363492,-0.13727257,0.24976601,0.939492491,0.027296193,0.28250482,0.191832751,-0.7388237714767456,-0.27289289236068726,0.39418676495552063,0.9735788702964783,-0.018321959301829338,0.18174155056476593,0.13703475892543793
redkitchen,test,seq-06,redkitchen/seq-06/frame-000922.color.png,-1.5311674,-0.14286722,0.25579351,0.939316152,0.031738368,0.282533774,0.191970071,-0.7352849841117859,-0.26785916090011597,0.35626062750816345,0.9755152463912964,-0.021802786737680435,0.17971667647361755,0.12488598376512527
redkitchen,test,seq-06,redkitchen/seq-06/frame-000923.color.png,-1.5318925,-0.14237195,0.2622799,0.939157048,0.037347763,0.282678188,0.191526043,-0.8491746783256531,-0.28338727355003357,0.31145334243774414,0.9765478372573853,-0.017815422266721725,0.17424099147319794,0.1252078264951706
redkitchen,test,seq-06,redkitchen/seq-06/frame-000924.color.png,-1.5360545,-0.14876048,0.27297503,0.938729526,0.039776994,0.28290897,0.192787921,-0.8151777982711792,-0.28248971700668335,0.3518654704093933,0.9772734045982361,-0.010327283293008804,0.17128713428974152,0.12446177750825882
redkitchen,test,seq-06,redkitchen/seq-06/frame-000925.color.png,-1.5452297,-0.17202771,0.29766166,0.938682881,0.039416337,0.280458563,0.196631115,-0.7982692122459412,-0.2709703743457794,0.3699168562889099,0.9800251126289368,-0.01124747283756733,0.1628732830286026,0.11356304585933685
redkitchen,test,seq-06,redkitchen/seq-06/frame-000926.color.png,-1.5640479,-0.18127783,0.31137767,0.938548778,0.04028969,0.281890168,0.195040678,-0.7304720282554626,-0.2485569715499878,0.3650384843349457,0.9783362150192261,-0.012636478058993816,0.17695198953151703,0.10670742392539978
redkitchen,test,seq-06,redkitchen/seq-06/frame-000927.color.png,-1.5634209,-0.18939076,0.32029265,0.93803293,0.041858685,0.285005905,0.192649182,-0.7670503258705139,-0.2480572760105133,0.3020875155925751,0.9802836179733276,-0.014343412593007088,0.16534897685050964,0.10722899436950684
redkitchen,test,seq-06,redkitchen/seq-06/frame-000928.color.png,-1.5781513,-0.19301434,0.33250508,0.937244901,0.045558986,0.288171568,0.190928055,-0.7952283024787903,-0.2476213574409485,0.3821718990802765,0.9769437909126282,-0.0071434821002185345,0.18282315135002136,0.11002550274133682
redkitchen,test,seq-06,redkitchen/seq-06/frame-000929.color.png,-1.5942577,-0.19902003,0.35694116,0.939544454,0.04836278,0.283580162,0.18574055,-0.8226409554481506,-0.2714589536190033,0.37907326221466064,0.982465922832489,-0.005657970439642668,0.1555567979812622,0.1026199460029602
redkitchen,test,seq-06,redkitchen/seq-06/frame-000930.color.png,-1.5912209,-0.20366693,0.36660197,0.941475701,0.047294965,0.278811146,0.183442186,-0.8623747825622559,-0.28840476274490356,0.39052605628967285,0.978340208530426,-0.004058682359755039,0.17464791238307953,0.1110493540763855
redkitchen,test,seq-06,redkitchen/seq-06/frame-000931.color.png,-1.5863901,-0.21474621,0.3752085,0.94274707,0.044725627,0.275862895,0.182008914,-0.8661186695098877,-0.2991093397140503,0.369966596364975,0.978679895401001,-0.008605466224253178,0.1730492264032364,0.1102978065609932
redkitchen,test,seq-06,redkitchen/seq-06/frame-000932.color.png,-1.5957794,-0.22196788,0.3858695,0.943207414,0.045463598,0.276106455,0.179047649,-0.9058173894882202,-0.3303210139274597,0.4003799259662628,0.9719064831733704,-0.015186195261776447,0.20171260833740234,0.12032929062843323
redkitchen,test,seq-06,redkitchen/seq-06/frame-000933.color.png,-1.5985221,-0.2266503,0.39695776,0.943158269,0.046823529,0.277918423,0.176128893,-0.9181430339813232,-0.3228567838668823,0.3745257258415222,0.9737364649772644,-0.013573849573731422,0.19358541071414948,0.11907057464122772
redkitchen,test,seq-06,redkitchen/seq-06/frame-000934.color.png,-1.6089662,-0.23189443,0.40788126,0.943316556,0.048135484,0.277911954,0.174933689,-0.863505482673645,-0.3094950020313263,0.3559522032737732,0.9803232550621033,-0.005123704206198454,0.16310489177703857,0.11107172816991806
redkitchen,test,seq-06,redkitchen/seq-06/frame-000935.color.png,-1.6140076,-0.24086426,0.42427847,0.94829504,0.0497544,0.267179221,0.163939871,-0.9565973281860352,-0.3459545969963074,0.4352579414844513,0.9818982481956482,-0.00313223316334188,0.15943732857704163,0.10220460593700409
redkitchen,test,seq-06,redkitchen/seq-06/frame-000936.color.png,-1.6156393,-0.24910952,0.43418691,0.950154107,0.048410209,0.263649712,0.159224542,-1.0378669500350952,-0.38182854652404785,0.45417320728302,0.9747315645217896,-0.0010069651762023568,0.19051256775856018,0.11662890762090683
redkitchen,test,seq-06,redkitchen/seq-06/frame-000937.color.png,-1.6152931,-0.2561591,0.4432613,0.951222028,0.047920631,0.262151255,0.15542518,-1.015587329864502,-0.3872854709625244,0.4599461853504181,0.9745991230010986,-0.005268317647278309,0.19056260585784912,0.11753559112548828
redkitchen,test,seq-06,redkitchen/seq-06/frame-000938.color.png,-1.6182556,-0.25935015,0.45199618,0.951965002,0.047995015,0.261932882,0.151163089,-1.0346184968948364,-0.3785857558250427,0.49995744228363037,0.9725002646446228,0.001381309935823083,0.19957764446735382,0.12004216015338898
redkitchen,test,seq-06,redkitchen/seq-06/frame-000939.color.png,-1.6211106,-0.26600793,0.46330327,0.952361839,0.04762505,0.261732776,0.149113164,-1.0066142082214355,-0.38429200649261475,0.499654620885849,0.9736330509185791,0.005456834100186825,0.1945875883102417,0.11893096566200256
redkitchen,test,seq-06,redkitchen/seq-06/frame-000940.color.png,-1.6190226,-0.27081218,0.4742865,0.953144554,0.048023159,0.259734571,0.147469281,-1.0047025680541992,-0.3764904737472534,0.48906710743904114,0.9778304100036621,0.007966800592839718,0.17872487008571625,0.10881941765546799
redkitchen,test,seq-06,redkitchen/seq-06/frame-000941.color.png,-1.6127585,-0.27418089,0.48229912,0.954594482,0.047710821,0.255712376,0.145204109,-0.9986517429351807,-0.3778260350227356,0.45898839831352234,0.9756737351417542,0.005866999737918377,0.18863138556480408,0.11155559122562408
redkitchen,test,seq-06,redkitchen/seq-06/frame-000942.color.png,-1.610751,-0.27980307,0.49243441,0.955621526,0.046597988,0.253486025,0.142691845,-1.0122588872909546,-0.36612147092819214,0.42567646503448486,0.9670995473861694,0.004557195585221052,0.22820036113262177,0.11234916746616364
redkitchen,test,seq-06,redkitchen/seq-06/frame-000943.color.png,-1.599691,-0.29371426,0.51307833,0.956057662,0.047095581,0.253806745,0.138988812,-1.049232840538025,-0.3758769631385803,0.4717724323272705,0.9667913317680359,0.003173271892592311,0.22891604900360107,0.11358655989170074
redkitchen,test,seq-06,redkitchen/seq-06/frame-000944.color.png,-1.5950378,-0.29852998,0.52306157,0.956657283,0.048312664,0.252603146,0.136617643,-1.0512539148330688,-0.4092419147491455,0.5392141938209534,0.963659942150116,0.0017719868337735534,0.23974625766277313,0.11780526489019394
redkitchen,test,seq-06,redkitchen/seq-06/frame-000945.color.png,-1.5873665,-0.30542451,0.53379416,0.957217398,0.049776205,0.250774886,0.135532798,-1.0444576740264893,-0.39987242221832275,0.5363138318061829,0.9652109742164612,0.0014968902105465531,0.23618005216121674,0.11218100041151047
redkitchen,test,seq-06,redkitchen/seq-06/frame-000946.color.png,-1.5778905,-0.31218427,0.54506898,0.957506582,0.050561901,0.250200064,0.134255607,-1.0354753732681274,-0.3774915933609009,0.5234191417694092,0.9641504883766174,0.005342382937669754,0.2366117537021637,0.12000076472759247
redkitchen,test,seq-06,redkitchen/seq-06/frame-000947.color.png,-1.556271,-0.32370365,0.57032198,0.957102492,0.053246638,0.25337487,0.130079942,-1.0609554052352905,-0.36936628818511963,0.5498833656311035,0.9647511839866638,0.01370948739349842,0.23742784559726715,0.11267342418432236
redkitchen,test,seq-06,redkitchen/seq-06/frame-000948.color.png,-1.5485142,-0.32710099,0.5832445,0.95740819,0.054511053,0.252862657,0.128290991,-1.0894678831100464,-0.3763977289199829,0.5720507502555847,0.9664035439491272,0.012411032803356647,0.234076589345932,0.10544320940971375
redkitchen,test,seq-06,redkitchen/seq-06/frame-000949.color.png,-1.5363603,-0.33442438,0.5943777,0.957767571,0.055466423,0.251163485,0.128536608,-1.0842944383621216,-0.3746802806854248,0.5868607759475708,0.9642219543457031,0.012427479028701782,0.2411915808916092,0.1093079149723053
redkitchen,test,seq-06,redkitchen/seq-06/frame-000950.color.png,-1.5295846,-0.33698025,0.60691863,0.957763354,0.056736477,0.251437018,0.127474527,-1.0650310516357422,-0.3757942318916321,0.6229407787322998,0.9649158716201782,0.016568485647439957,0.23920556902885437,0.10697438567876816
redkitchen,test,seq-06,redkitchen/seq-06/frame-000951.color.png,-1.5188816,-0.34439892,0.61936688,0.957962579,0.055617533,0.251603349,0.126135407,-1.097413182258606,-0.3970768451690674,0.6625264883041382,0.9608381986618042,0.012046502903103828,0.2525753080844879,0.11336050927639008
redkitchen,test,seq-06,redkitchen/seq-06/frame-000952.color.png,-1.4998504,-0.36095017,0.64374334,0.958314539,0.054340048,0.252367375,0.122438198,-1.1025773286819458,-0.39647167921066284,0.660685658454895,0.9607841968536377,0.013861468993127346,0.2536347210407257,0.11122524738311768
redkitchen,test,seq-06,redkitchen/seq-06/frame-000953.color.png,-1.4887817,-0.36598545,0.65626055,0.958231251,0.055837058,0.253036724,0.12102689,-1.0548617839813232,-0.42586296796798706,0.6862862706184387,0.9625512957572937,0.019960930570960045,0.24822817742824554,0.10714186728000641
redkitchen,test,seq-06,redkitchen/seq-06/frame-000954.color.png,-1.4839085,-0.37171039,0.66858536,0.958145919,0.056697153,0.253760268,0.119781291,-1.084442138671875,-0.4503008723258972,0.7121495008468628,0.9619317054748535,0.01940976455807686,0.24984416365623474,0.10903462767601013
redkitchen,test,seq-06,redkitchen/seq-06/frame-000955.color.png,-1.4770566,-0.37570485,0.68159914,0.958229445,0.057549589,0.253619986,0.119001169,-1.0911370515823364,-0.4505283236503601,0.7385653257369995,0.9612613916397095,0.024187233299016953,0.2519570589065552,0.10912909358739853
redkitchen,test,seq-06,redkitchen/seq-06/frame-000956.color.png,-1.4716743,-0.38122386,0.69519889,0.958235903,0.057643842,0.253475915,0.119210328,-1.1287004947662354,-0.4655432105064392,0.7365338802337646,0.9615469574928284,0.01872898079454899,0.2513996958732605,0.10897225141525269
redkitchen,test,seq-06,redkitchen/seq-06/frame-000957.color.png,-1.450403,-0.39401996,0.72050983,0.958259795,0.056050282,0.254231893,0.118163771,-1.1250239610671997,-0.4835883378982544,0.7752436399459839,0.9573276042938232,0.015909835696220398,0.2655077576637268,0.11303307116031647
redkitchen,test,seq-06,redkitchen/seq-06/frame-000958.color.png,-1.4486177,-0.39977643,0.73299259,0.958144939,0.055399122,0.254951572,0.117851218,-1.132174015045166,-0.501840353012085,0.8247771263122559,0.9557772874832153,0.016096580773591995,0.27046850323677063,0.11435674130916595
redkitchen,test,seq-06,redkitchen/seq-06/frame-000959.color.png,-1.4433717,-0.40484548,0.74570835,0.958176633,0.055210826,0.254920627,0.117748797,-1.117966890335083,-0.49998360872268677,0.8250911235809326,0.9566593170166016,0.015702448785305023,0.2673027515411377,0.11448021978139877
redkitchen,test,seq-06,redkitchen/seq-06/frame-000960.color.png,-1.4320719,-0.4148787,0.75715429,0.958204677,0.053899438,0.254165355,0.119743973,-1.1340036392211914,-0.5032750964164734,0.8656734228134155,0.9547890424728394,0.018502870574593544,0.2721421718597412,0.11821208149194717
redkitchen,test,seq-06,redkitchen/seq-06/frame-000961.color.png,-1.4246484,-0.41743186,0.77001631,0.958353086,0.053637903,0.253972081,0.119081991,-1.135051965713501,-0.5013112425804138,0.8655672073364258,0.957176148891449,0.016554715111851692,0.26428067684173584,0.11702714115381241
redkitchen,test,seq-06,redkitchen/seq-06/frame-000962.color.png,-1.4123404,-0.42561194,0.7823419,0.958787912,0.051866425,0.251884143,0.12078904,-1.151817798614502,-0.5210431218147278,0.8894972801208496,0.9586018323898315,0.015541616827249527,0.25881338119506836,0.11771396547555923
redkitchen,test,seq-06,redkitchen/seq-06/frame-000963.color.png,-1.4081997,-0.42887998,0.79513329,0.959607274,0.051137629,0.249030195,0.120510516,-1.168005108833313,-0.5264240503311157,0.878425121307373,0.9589661955833435,0.00857627671211958,0.25926169753074646,0.11442751437425613
redkitchen,test,seq-06,redkitchen/seq-06/frame-000964.color.png,-1.3962241,-0.44122958,0.8233884,0.961432162,0.047172879,0.243301101,0.119279048,-1.135624647140503,-0.5149930119514465,0.9072536826133728,0.9596049785614014,0.012171532027423382,0.25530779361724854,0.117592953145504
redkitchen,test,seq-06,redkitchen/seq-06/frame-000965.color.png,-1.3915581,-0.4480598,0.83606738,0.962038032,0.046391859,0.241412111,0.118536126,-1.1749175786972046,-0.5297517776489258,0.9398252367973328,0.9582110643386841,0.009054867550730705,0.25933387875556946,0.12039712816476822
redkitchen,test,seq-06,redkitchen/seq-06/frame-000966.color.png,-1.3836693,-0.45378178,0.84857249,0.963045614,0.045837135,0.238816781,0.115795718,-1.160317301750183,-0.5504475235939026,0.968477189540863,0.9579846858978271,0.007085680030286312,0.2603834569454193,0.1200648844242096
redkitchen,test,seq-06,redkitchen/seq-06/frame-000967.color.png,-1.3798642,-0.4582786,0.86211306,0.963778396,0.045072619,0.237122263,0.113457901,-1.1675522327423096,-0.5600165128707886,0.9898505806922913,0.9569525122642517,0.00787291582673788,0.2645167410373688,0.11920849233865738
redkitchen,test,seq-06,redkitchen/seq-06/frame-000968.color.png,-1.3736125,-0.46410298,0.87595052,0.964479259,0.043762346,0.234660275,0.113133425,-1.158115029335022,-0.5367804169654846,1.0000735521316528,0.957024335861206,0.014513209462165833,0.2630549669265747,0.12122613936662674
redkitchen,test,seq-06,redkitchen/seq-06/frame-000969.color.png,-1.3706094,-0.46925303,0.88922578,0.965573197,0.042416589,0.23020402,0.113469573,-1.1589961051940918,-0.543280839920044,0.994061291217804,0.9599876999855042,0.008443844504654408,0.2544011175632477,0.11675752699375153
redkitchen,test,seq-06,redkitchen/seq-06/frame-000970.color.png,-1.3651824,-0.47774214,0.90291381,0.966434341,0.040100443,0.226478186,0.114473796,-1.187519907951355,-0.5553773641586304,1.0405993461608887,0.9604099988937378,0.011055798269808292,0.2510891258716583,0.12018588930368423
redkitchen,test,seq-06,redkitchen/seq-06/frame-000971.color.png,-1.3598776,-0.48672056,0.91514915,0.967075055,0.039138044,0.223843269,0.114578542,-1.1801776885986328,-0.5457790493965149,1.0346237421035767,0.9605897665023804,0.014363872818648815,0.2527018189430237,0.11490365117788315
redkitchen,test,seq-06,redkitchen/seq-06/frame-000972.color.png,-1.3585953,-0.49243861,0.92703533,0.967373641,0.039031233,0.223486934,0.112775845,-1.1784636974334717,-0.5486254096031189,1.037784218788147,0.9568278789520264,0.016782542690634727,0.2668079435825348,0.11407133936882019
redkitchen,test,seq-06,redkitchen/seq-06/frame-000973.color.png,-1.3563188,-0.49923232,0.94081694,0.967345084,0.038709561,0.224597864,0.110909233,-1.1867197751998901,-0.546616792678833,1.0378456115722656,0.9587510228157043,0.019110701978206635,0.26093074679374695,0.11111491918563843
redkitchen,test,seq-06,redkitchen/seq-06/frame-000974.color.png,-1.354424,-0.51135129,0.96424568,0.967648629,0.040572811,0.223777909,0.109240215,-1.2406048774719238,-0.533267617225647,1.0881410837173462,0.9602078199386597,0.03105165623128414,0.2547876238822937,0.11009093374013901
redkitchen,test,seq-06,redkitchen/seq-06/frame-000975.color.png,-1.3526956,-0.51569206,0.97650719,0.967849073,0.041631447,0.222921389,0.108816582,-1.2728681564331055,-0.5217135548591614,1.1165584325790405,0.958182692527771,0.03710596635937691,0.25957563519477844,0.11458442360162735
redkitchen,test,seq-06,redkitchen/seq-06/frame-000976.color.png,-1.3452566,-0.52133369,0.99018407,0.968043642,0.041413304,0.221848508,0.109360344,-1.3001433610916138,-0.5284512639045715,1.1487584114074707,0.9593555331230164,0.038536760956048965,0.25654202699661255,0.11107662320137024
redkitchen,test,seq-06,redkitchen/seq-06/frame-000977.color.png,-1.3483902,-0.52623671,1.0027059,0.96868641,0.039913805,0.219946001,0.108061479,-1.2915968894958496,-0.5194822549819946,1.1410058736801147,0.9619410634040833,0.035980723798274994,0.24673353135585785,0.11179188638925552
redkitchen,test,seq-06,redkitchen/seq-06/frame-000978.color.png,-1.3504369,-0.53388906,1.0144614,0.969497325,0.037401045,0.217493223,0.106643311,-1.323456883430481,-0.5349045991897583,1.1790037155151367,0.9603258371353149,0.04031569883227348,0.2518499195575714,0.11278580874204636
redkitchen,test,seq-06,redkitchen/seq-06/frame-000979.color.png,-1.3552258,-0.54185444,1.0271002,0.970030934,0.036426426,0.2157694,0.105625133,-1.3175427913665771,-0.5596874952316284,1.179898977279663,0.9570674300193787,0.03014911711215973,0.26305121183395386,0.1179705411195755
redkitchen,test,seq-06,redkitchen/seq-06/frame-000980.color.png,-1.3658309,-0.5468154,1.0399169,0.970547421,0.037142479,0.214251079,0.103704465,-1.3275706768035889,-0.5568771362304688,1.1786620616912842,0.9569675922393799,0.032547835260629654,0.26430243253707886,0.11531616747379303
redkitchen,test,seq-06,redkitchen/seq-06/frame-000981.color.png,-1.3779148,-0.55397558,1.0512162,0.971197994,0.038638423,0.211318955,0.103081656,-1.3257521390914917,-0.526172399520874,1.1960887908935547,0.9565443396568298,0.036689355969429016,0.2645008862018585,0.11711565405130386
redkitchen,test,seq-06,redkitchen/seq-06/frame-000982.color.png,-1.378849,-0.55862164,1.0621202,0.971842835,0.040248053,0.208533786,0.10205517,-1.3590787649154663,-0.5248216390609741,1.2284132242202759,0.9602158069610596,0.04774171859025955,0.2529241740703583,0.1083318218588829
redkitchen,test,seq-06,redkitchen/seq-06/frame-000983.color.png,-1.3809378,-0.56488651,1.072539,0.972325279,0.041807332,0.205811018,0.102359773,-1.3457274436950684,-0.5122030377388,1.1995943784713745,0.9635213613510132,0.050104476511478424,0.241928368806839,0.10289204120635986
redkitchen,test,seq-06,redkitchen/seq-06/frame-000984.color.png,-1.3741713,-0.56681424,1.0834711,0.973332159,0.043346549,0.20153605,0.100641969,-1.3354456424713135,-0.5467429757118225,1.2685346603393555,0.9619510769844055,0.04680338874459267,0.24846437573432922,0.10356102138757706
redkitchen,test,seq-06,redkitchen/seq-06/frame-000985.color.png,-1.376335,-0.57188845,1.0938413,0.974392023,0.04476625,0.196461765,0.099794508,-1.379274845123291,-0.5664801597595215,1.2727173566818237,0.9669481515884399,0.053565021604299545,0.22755132615566254,0.10179667174816132
redkitchen,test,seq-06,redkitchen/seq-06/frame-000986.color.png,-1.3763233,-0.58256006,1.1128604,0.976051116,0.04739468,0.189304932,0.096133277,-1.4253885746002197,-0.5685543417930603,1.311103105545044,0.9711418151855469,0.056212931871414185,0.2107919156551361,0.09638725966215134
redkitchen,test,seq-06,redkitchen/seq-06/frame-000987.color.png,-1.3737612,-0.58493555,1.1228533,0.976514353,0.048960143,0.187656276,0.093849584,-1.476285457611084,-0.5785230994224548,1.3345245122909546,0.9716834425926208,0.06664737313985825,0.20610076189041138,0.09440303593873978
redkitchen,test,seq-06,redkitchen/seq-06/frame-000988.color.png,-1.3722699,-0.58650678,1.1314187,0.977011871,0.051505286,0.184054914,0.094439392,-1.4465162754058838,-0.5977631211280823,1.3554383516311646,0.9704880118370056,0.06188304349780083,0.21088843047618866,0.09924528002738953
redkitchen,test,seq-06,redkitchen/seq-06/frame-000989.color.png,-1.3678539,-0.59083933,1.1386285,0.977975913,0.052351884,0.176805002,0.097787452,-1.4088672399520874,-0.618780791759491,1.3574496507644653,0.9728205800056458,0.06159893795847893,0.20590107142925262,0.08619999140501022
redkitchen,test,seq-06,redkitchen/seq-06/frame-000990.color.png,-1.3753284,-0.59069788,1.150888,0.97925753,0.05190566,0.17059006,0.096226418,-1.443993091583252,-0.627595067024231,1.3851113319396973,0.9754030704498291,0.04773641377687454,0.1989917904138565,0.08192995935678482
redkitchen,test,seq-06,redkitchen/seq-06/frame-000991.color.png,-1.3780955,-0.59803033,1.1587427,0.980312668,0.049156493,0.166020166,0.094910576,-1.435111165046692,-0.6145206093788147,1.4193497896194458,0.9770426750183105,0.05956823006272316,0.18727511167526245,0.0822630301117897
redkitchen,test,seq-06,redkitchen/seq-06/frame-000992.color.png,-1.3764571,-0.60128844,1.1679517,0.98089384,0.046356199,0.164373544,0.093164994,-1.4910379648208618,-0.5957863926887512,1.4238932132720947,0.9770009517669678,0.06086701899766922,0.18795423209667206,0.08023516833782196
redkitchen,test,seq-06,redkitchen/seq-06/frame-000993.color.png,-1.3730963,-0.60256666,1.1774391,0.981455912,0.044268759,0.162374741,0.091755178,-1.4978537559509277,-0.5854914784431458,1.4297997951507568,0.9765823483467102,0.058086052536964417,0.19089920818805695,0.08043891191482544
redkitchen,test,seq-06,redkitchen/seq-06/frame-000994.color.png,-1.3725098,-0.60233128,1.1857601,0.98224236,0.043415432,0.158871097,0.089861122,-1.5091824531555176,-0.582136332988739,1.40604567527771,0.9779028296470642,0.056376077234745026,0.18551909923553467,0.07816854864358902
redkitchen,test,seq-06,redkitchen/seq-06/frame-000995.color.png,-1.3699496,-0.60318202,1.1941535,0.983162385,0.041769544,0.155254081,0.086851597,-1.5641802549362183,-0.5855065584182739,1.4051564931869507,0.9773551225662231,0.05937840789556503,0.18974781036376953,0.07243630290031433
redkitchen,test,seq-06,redkitchen/seq-06/frame-000996.color.png,-1.3673035,-0.60344034,1.2024344,0.983953062,0.040371444,0.151174876,0.08574774,-1.5612860918045044,-0.5846388339996338,1.4126056432724,0.9767951965332031,0.05704110860824585,0.19246439635753632,0.07466532289981842
redkitchen,test,seq-06,redkitchen/seq-06/frame-000997.color.png,-1.3653076,-0.60374051,1.2093818,0.984814554,0.039409472,0.145796496,0.08561874,-1.4798033237457275,-0.5789340138435364,1.3798668384552002,0.9797205328941345,0.05406149849295616,0.1790618896484375,0.07184567302465439
redkitchen,test,seq-06,redkitchen/seq-06/frame-000998.color.png,-1.3632048,-0.60413432,1.2159393,0.985791916,0.038326157,0.14091868,0.082989932,-1.4540514945983887,-0.6028958559036255,1.3828213214874268,0.9791727066040039,0.04978802055120468,0.1818883866071701,0.07522248476743698
redkitchen,test,seq-06,redkitchen/seq-06/frame-000999.color.png,-1.3595284,-0.60889816,1.2213867,0.986571765,0.036038983,0.136343305,0.082388392,-1.5281826257705688,-0.575740396976471,1.3964992761611938,0.9802401065826416,0.060012925416231155,0.1752689778804779,0.0693439394235611
redkitchen,test,seq-12,redkitchen/seq-12/frame-000000.color.png,0.11199211,-0.095501512,0.2660487,0.994050549,-0.095324349,-0.050394719,-0.015399563,-0.0511251837015152,-0.1273796260356903,0.25194019079208374,0.9934123754501343,-0.07944530248641968,0.0803251788020134,0.019186891615390778
redkitchen,test,seq-12,redkitchen/seq-12/frame-000001.color.png,0.11041109,-0.096176259,0.26742905,0.993979908,-0.095857548,-0.051291179,-0.013582647,-0.054163992404937744,-0.11231963336467743,0.28781959414482117,0.9930206537246704,-0.07863056659698486,0.08470629900693893,0.023495718836784363
redkitchen,test,seq-12,redkitchen/seq-12/frame-000002.color.png,0.10937618,-0.096261069,0.26922953,0.993858247,-0.096164332,-0.053400097,-0.012109304,-0.0372580960392952,-0.11887016147375107,0.2811223566532135,0.9925293326377869,-0.07711414247751236,0.09119132906198502,0.02496352419257164
redkitchen,test,seq-12,redkitchen/seq-12/frame-000003.color.png,0.10858337,-0.094758295,0.27092111,0.993674252,-0.09658591,-0.056104662,-0.011615047,-0.007737802341580391,-0.13030904531478882,0.3026427626609802,0.9923290014266968,-0.07874739170074463,0.0928940400481224,0.02127707004547119
redkitchen,test,seq-12,redkitchen/seq-12/frame-000004.color.png,0.10588407,-0.094967559,0.27280083,0.993380565,-0.097734097,-0.059263514,-0.011442731,-0.004381773993372917,-0.128535658121109,0.29821646213531494,0.993194580078125,-0.07911274582147598,0.08262152969837189,0.021893830969929695
redkitchen,test,seq-12,redkitchen/seq-12/frame-000005.color.png,0.10469233,-0.093583256,0.27469727,0.993131354,-0.098980699,-0.061302922,-0.01161405,-0.012286687269806862,-0.13689398765563965,0.31255924701690674,0.9938028454780579,-0.08288781344890594,0.07165669649839401,0.01872842013835907
redkitchen,test,seq-12,redkitchen/seq-12/frame-000006.color.png,0.10114916,-0.093091778,0.27686387,0.992800551,-0.101148909,-0.062780055,-0.013214725,-0.007530258968472481,-0.1402108073234558,0.3044379651546478,0.9940880537033081,-0.0769132599234581,0.075020432472229,0.015662670135498047
redkitchen,test,seq-12,redkitchen/seq-12/frame-000007.color.png,0.094776556,-0.094860882,0.27977085,0.992451249,-0.103409649,-0.063986525,-0.015896143,0.04175069183111191,-0.13510775566101074,0.2791179418563843,0.995058536529541,-0.07490988075733185,0.06378759443759918,0.013345683924853802
redkitchen,test,seq-12,redkitchen/seq-12/frame-000008.color.png,0.088923395,-0.097059995,0.2831279,0.992241267,-0.103283801,-0.06688375,-0.017784478,-0.009489523246884346,-0.11066222190856934,0.27484413981437683,0.994752824306488,-0.07363004982471466,0.06739448755979538,0.0224374420940876
redkitchen,test,seq-12,redkitchen/seq-12/frame-000009.color.png,0.084101781,-0.096155979,0.28493214,0.992070123,-0.101995084,-0.071510391,-0.016737311,0.022908130660653114,-0.1652839481830597,0.25105923414230347,0.9943349957466125,-0.07982613891363144,0.06701091676950455,0.02086295746266842
redkitchen,test,seq-12,redkitchen/seq-12/frame-000010.color.png,0.084774412,-0.095785461,0.28510472,0.992054328,-0.101834435,-0.071905821,-0.016956139,0.022908130660653114,-0.1652839481830597,0.25105923414230347,0.9943349957466125,-0.07982613891363144,0.06701091676950455,0.02086295746266842
redkitchen,test,seq-12,redkitchen/seq-12/frame-000011.color.png,0.078401387,-0.094795145,0.28664899,0.991750973,-0.101698635,-0.07626982,-0.016441086,0.040759921073913574,-0.18112102150917053,0.2681393325328827,0.9962469935417175,-0.07342271506786346,0.04437138885259628,0.011487825773656368
redkitchen,test,seq-12,redkitchen/seq-12/frame-000012.color.png,0.072236277,-0.09348096,0.28874603,0.991568667,-0.101512492,-0.078488426,-0.018065418,0.02892334572970867,-0.1528858095407486,0.2683410346508026,0.9975061416625977,-0.06714003533124924,0.0217612162232399,0.00042131307418458164
redkitchen,test,seq-12,redkitchen/seq-12/frame-000013.color.png,0.072415024,-0.093631946,0.28891706,0.991545132,-0.101554756,-0.078696014,-0.018215912,0.02892334572970867,-0.1528858095407486,0.2683410346508026,0.9975061416625977,-0.06714003533124924,0.0217612162232399,0.00042131307418458164
redkitchen,test,seq-12,redkitchen/seq-12/frame-000014.color.png,0.065585621,-0.091954574,0.29071862,0.991474997,-0.10183609,-0.079070493,-0.018830792,0.062221527099609375,-0.13923197984695435,0.2723037898540497,0.9973742365837097,-0.07046026736497879,0.0163780078291893,0.003422403708100319
redkitchen,test,seq-12,redkitchen/seq-12/frame-000015.color.png,0.057581458,-0.09272939,0.29291445,0.99131738,-0.102982765,-0.079662544,-0.018392421,0.05086378753185272,-0.13841453194618225,0.2651591897010803,0.9974357485771179,-0.06781862676143646,0.02132091484963894,0.008251908235251904
redkitchen,test,seq-12,redkitchen/seq-12/frame-000016.color.png,0.050227217,-0.095592618,0.29558671,0.99118895,-0.102772653,-0.08128981,-0.019344597,0.0050135161727666855,-0.11432790756225586,0.25649768114089966,0.9977586269378662,-0.06353028118610382,0.017772335559129715,0.011216710321605206
redkitchen,test,seq-12,redkitchen/seq-12/frame-000017.color.png,0.050509725,-0.095210522,0.29543918,0.991204014,-0.102653117,-0.081257702,-0.019342324,-0.03286740183830261,-0.1280064582824707,0.27356934547424316,0.9976255893707275,-0.06469405442476273,0.015088104642927647,0.018170060589909554
redkitchen,test,seq-12,redkitchen/seq-12/frame-000018.color.png,0.042412035,-0.09608195,0.2970843,0.991348484,-0.100403729,-0.082164664,-0.019905849,-0.03286740183830261,-0.1280064582824707,0.27356934547424316,0.9976255893707275,-0.06469405442476273,0.015088104642927647,0.018170060589909554
redkitchen,test,seq-12,redkitchen/seq-12/frame-000019.color.png,0.035731401,-0.094981678,0.29881579,0.99142317,-0.09816709,-0.084152465,-0.01901795,-0.031725525856018066,-0.13296407461166382,0.2514089047908783,0.9975337982177734,-0.060703471302986145,0.025656938552856445,0.02414679154753685
redkitchen,test,seq-12,redkitchen/seq-12/frame-000020.color.png,0.02802016,-0.093662418,0.29987192,0.991401814,-0.096947761,-0.08635379,-0.016327836,-0.004816275089979172,-0.12476847320795059,0.25908854603767395,0.9972423911094666,-0.06239018589258194,0.03131115436553955,0.02519170194864273
redkitchen,test,seq-12,redkitchen/seq-12/frame-000021.color.png,0.02157915,-0.090893462,0.30104396,0.991476285,-0.096920615,-0.085898306,-0.014235569,-0.011194273829460144,-0.08803943544626236,0.28661471605300903,0.9974541664123535,-0.059728581458330154,0.02920452319085598,0.02578401193022728
redkitchen,test,seq-12,redkitchen/seq-12/frame-000022.color.png,0.021816535,-0.091642365,0.30125582,0.991465532,-0.097168849,-0.085733551,-0.014285362,-0.011194273829460144,-0.08803943544626236,0.28661471605300903,0.9974541664123535,-0.059728581458330154,0.02920452319085598,0.02578401193022728
redkitchen,test,seq-12,redkitchen/seq-12/frame-000023.color.png,0.013395457,-0.09041521,0.30311823,0.991532921,-0.098601307,-0.083643013,-0.012003958,-0.004113921895623207,-0.0910319983959198,0.28958672285079956,0.9977113604545593,-0.0571901910007,0.027249014005064964,0.02363935485482216
redkitchen,test,seq-12,redkitchen/seq-12/frame-000024.color.png,0.005339193,-0.092089191,0.30566937,0.991526166,-0.100411006,-0.08196425,-0.008680686,-0.01766972243785858,-0.09865798056125641,0.30350828170776367,0.9973723888397217,-0.060481198132038116,0.027745019644498825,0.02864673361182213
redkitchen,test,seq-12,redkitchen/seq-12/frame-000025.color.png,-0.003647975,-0.096825808,0.30861977,0.991661547,-0.100342384,-0.080580717,-0.006747568,-0.08596370369195938,-0.11013319343328476,0.3294759690761566,0.99779212474823,-0.0549161471426487,0.011198842898011208,0.035630837082862854
redkitchen,test,seq-12,redkitchen/seq-12/frame-000026.color.png,-0.003489064,-0.097520277,0.30882996,0.991648718,-0.100569068,-0.080466169,-0.006624025,-0.08596370369195938,-0.11013319343328476,0.3294759690761566,0.99779212474823,-0.0549161471426487,0.011198842898011208,0.035630837082862854
redkitchen,test,seq-12,redkitchen/seq-12/frame-000027.color.png,-0.012710803,-0.096527249,0.30939886,0.992215302,-0.096686956,-0.078204368,-0.006671055,-0.05950701981782913,-0.11188468337059021,0.3344840407371521,0.9974719882011414,-0.06386248022317886,0.010998660698533058,0.02915973961353302
redkitchen,test,seq-12,redkitchen/seq-12/frame-000028.color.png,-0.021976536,-0.093100317,0.3103053,0.992615799,-0.094682228,-0.07549463,-0.007050659,-0.044474199414253235,-0.11825207620859146,0.3177776336669922,0.9976963996887207,-0.05600181967020035,0.02371549792587757,0.030052540823817253
redkitchen,test,seq-12,redkitchen/seq-12/frame-000029.color.png,-0.022679981,-0.09285786,0.31022459,0.9926136,-0.094611901,-0.075583201,-0.007349125,-0.044474199414253235,-0.11825207620859146,0.3177776336669922,0.9976963996887207,-0.05600181967020035,0.02371549792587757,0.030052540823817253
redkitchen,test,seq-12,redkitchen/seq-12/frame-000030.color.png,-0.032124851,-0.092735417,0.31237876,0.992807054,-0.095071714,-0.072487973,-0.006404437,-0.012639103457331657,-0.10948975384235382,0.34477123618125916,0.9975197911262512,-0.0570947639644146,0.029559068381786346,0.02864670567214489
redkitchen,test,seq-12,redkitchen/seq-12/frame-000031.color.png,-0.043136425,-0.093740836,0.31456888,0.993082021,-0.095390994,-0.068373575,-0.003702875,-0.04318944364786148,-0.12032537162303925,0.35437989234924316,0.9977408051490784,-0.05884094536304474,0.017493510618805885,0.027296165004372597
redkitchen,test,seq-12,redkitchen/seq-12/frame-000032.color.png,-0.054373983,-0.093250521,0.31647986,0.993411541,-0.09519563,-0.063795616,-0.001192422,-0.049939677119255066,-0.10713598132133484,0.33029454946517944,0.9973617792129517,-0.059601906687021255,0.029070280492305756,0.029530566185712814
redkitchen,test,seq-12,redkitchen/seq-12/frame-000033.color.png,-0.053537887,-0.093796201,0.31694713,0.993396527,-0.095313252,-0.063848898,-0.001429359,-0.049939677119255066,-0.10713598132133484,0.33029454946517944,0.9973617792129517,-0.059601906687021255,0.029070280492305756,0.029530566185712814
redkitchen,test,seq-12,redkitchen/seq-12/frame-000034.color.png,-0.066741191,-0.094452389,0.31954598,0.993547858,-0.096181249,-0.060097393,-0.000353951,-0.06591304391622543,-0.11195981502532959,0.3189041316509247,0.9969452023506165,-0.06404583901166916,0.032854147255420685,0.030313219875097275
redkitchen,test,seq-12,redkitchen/seq-12/frame-000035.color.png,-0.079149097,-0.098187782,0.3231799,0.993656816,-0.096490146,-0.057756185,7.97e-05,-0.08116583526134491,-0.1401601880788803,0.30562329292297363,0.9965905547142029,-0.07512810081243515,0.01094572339206934,0.03229860961437225
redkitchen,test,seq-12,redkitchen/seq-12/frame-000036.color.png,-0.092485674,-0.096630909,0.32570717,0.993946155,-0.094949009,-0.055278619,-3.72e-06,-0.0800538882613182,-0.13628341257572174,0.30188554525375366,0.9967954754829407,-0.06765495985746384,0.0238964781165123,0.03536326438188553
redkitchen,test,seq-12,redkitchen/seq-12/frame-000037.color.png,-0.093006618,-0.096771501,0.32579052,0.993954266,-0.095011642,-0.055024554,6.06e-05,-0.0800538882613182,-0.13628341257572174,0.30188554525375366,0.9967954754829407,-0.06765495985746384,0.0238964781165123,0.03536326438188553
redkitchen,test,seq-12,redkitchen/seq-12/frame-000038.color.png,-0.10662845,-0.096656948,0.32954967,0.994025564,-0.095317333,-0.053171043,-0.000789538,-0.1016402319073677,-0.1554797887802124,0.30811622738838196,0.9964920282363892,-0.06983372569084167,0.02149507775902748,0.04080219566822052
redkitchen,test,seq-12,redkitchen/seq-12/frame-000039.color.png,-0.12033136,-0.10133702,0.33448273,0.99405448,-0.095842991,-0.051668026,0.000475595,-0.1062634289264679,-0.15472330152988434,0.3240266740322113,0.9963729977607727,-0.07190453261137009,-0.002420530654489994,0.04543929174542427
redkitchen,test,seq-12,redkitchen/seq-12/frame-000040.color.png,-0.13437203,-0.10305977,0.33762333,0.994377079,-0.093361841,-0.049898885,0.002809434,-0.09391491115093231,-0.15705479681491852,0.2982460856437683,0.9966838955879211,-0.0701628252863884,-0.006272506434470415,0.04073076322674751
redkitchen,test,seq-12,redkitchen/seq-12/frame-000041.color.png,-0.13336003,-0.10282069,0.33793718,0.994389122,-0.093189809,-0.049982431,0.002773195,-0.09391491115093231,-0.15705479681491852,0.2982460856437683,0.9966838955879211,-0.0701628252863884,-0.006272506434470415,0.04073076322674751
redkitchen,test,seq-12,redkitchen/seq-12/frame-000042.color.png,-0.14903218,-0.10413946,0.34114847,0.994659988,-0.091248745,-0.048105625,0.003320198,-0.09283579140901566,-0.1411367952823639,0.32015612721443176,0.99701327085495,-0.06542504578828812,0.007170490920543671,0.04040753096342087
redkitchen,test,seq-12,redkitchen/seq-12/frame-000043.color.png,-0.16495541,-0.10732345,0.345263,0.994849137,-0.089068175,-0.048285095,0.003256418,-0.1700679510831833,-0.15221741795539856,0.3446199893951416,0.996363639831543,-0.06576304137706757,0.0048012095503509045,0.05396028608083725
redkitchen,test,seq-12,redkitchen/seq-12/frame-000044.color.png,-0.17674017,-0.10769974,0.34870329,0.995170783,-0.085062632,-0.048664133,0.005591421,-0.2573302388191223,-0.1572505086660385,0.3516351282596588,0.9968740940093994,-0.05517394840717316,0.008017693646252155,0.055979229509830475
redkitchen,test,seq-12,redkitchen/seq-12/frame-000045.color.png,-0.175778,-0.10769635,0.34925354,0.99515933,-0.084945038,-0.049145392,0.005194091,-0.2573302388191223,-0.1572505086660385,0.3516351282596588,0.9968740940093994,-0.05517394840717316,0.008017693646252155,0.055979229509830475
redkitchen,test,seq-12,redkitchen/seq-12/frame-000046.color.png,-0.18950605,-0.10748983,0.35221237,0.995474911,-0.081936625,-0.047280012,0.008982878,-0.30213576555252075,-0.17695724964141846,0.33183902502059937,0.9969322681427002,-0.054172333329916,0.0220204945653677,0.05202487111091614
redkitchen,test,seq-12,redkitchen/seq-12/frame-000047.color.png,-0.20341204,-0.1082806,0.35604462,0.99571032,-0.079768681,-0.045205957,0.012423282,-0.306009441614151,-0.18131186068058014,0.37375199794769287,0.996531069278717,-0.06181970238685608,0.00899367593228817,0.054983943700790405
redkitchen,test,seq-12,redkitchen/seq-12/frame-000048.color.png,-0.20385243,-0.10711265,0.35563534,0.995738703,-0.079387219,-0.045275402,0.012338683,-0.31456702947616577,-0.19742372632026672,0.387247234582901,0.9966912269592285,-0.06114518269896507,0.013233503326773643,0.05189132317900658
redkitchen,test,seq-12,redkitchen/seq-12/frame-000049.color.png,-0.21613339,-0.10762322,0.35949457,0.99597981,-0.077622305,-0.042259865,0.014597933,-0.31456702947616577,-0.19742372632026672,0.387247234582901,0.9966912269592285,-0.06114518269896507,0.013233503326773643,0.05189132317900658
redkitchen,test,seq-12,redkitchen/seq-12/frame-000050.color.png,-0.2291165,-0.10871417,0.36312243,0.996140312,-0.076657906,-0.039024205,0.017468683,-0.3538992404937744,-0.21158058941364288,0.41358304023742676,0.996135950088501,-0.06107619032263756,0.007339305244386196,0.06268304586410522
redkitchen,test,seq-12,redkitchen/seq-12/frame-000051.color.png,-0.2414972,-0.11285007,0.36612859,0.99625779,-0.074526997,-0.037213517,0.023049863,-0.3641241788864136,-0.20417582988739014,0.4098832607269287,0.9961008429527283,-0.06006764993071556,-0.01839241199195385,0.06194169446825981
redkitchen,test,seq-12,redkitchen/seq-12/frame-000052.color.png,-0.24170841,-0.11280754,0.3657552,0.996255138,-0.074563588,-0.037048981,0.023309755,-0.35562366247177124,-0.13473550975322723,0.36938413977622986,0.9956156015396118,-0.05827769637107849,-0.014954219572246075,0.07162196189165115
redkitchen,test,seq-12,redkitchen/seq-12/frame-000053.color.png,-0.25339016,-0.11248043,0.3674784,0.996564639,-0.068424909,-0.037009318,0.028412363,-0.35562366247177124,-0.13473550975322723,0.36938413977622986,0.9956156015396118,-0.05827769637107849,-0.014954219572246075,0.07162196189165115
redkitchen,test,seq-12,redkitchen/seq-12/frame-000054.color.png,-0.26352888,-0.11019471,0.37005216,0.99698009,-0.061986321,-0.035809679,0.030100866,-0.4335590600967407,-0.09944193810224533,0.37357407808303833,0.9971351027488708,-0.040541499853134155,-0.00554754538461566,0.06361859291791916
redkitchen,test,seq-12,redkitchen/seq-12/frame-000055.color.png,-0.27623498,-0.10421735,0.37137899,0.99735293,-0.057514732,-0.032434174,0.030450169,-0.46288564801216125,-0.12260168790817261,0.39397668838500977,0.9971956014633179,-0.03799452632665634,0.004204561933875084,0.06434086710214615
redkitchen,test,seq-12,redkitchen/seq-12/frame-000056.color.png,-0.27607048,-0.1056006,0.37182957,0.997323632,-0.058033537,-0.032623945,0.030221854,-0.46288564801216125,-0.12260168790817261,0.39397668838500977,0.9971956014633179,-0.03799452632665634,0.004204561933875084,0.06434086710214615
redkitchen,test,seq-12,redkitchen/seq-12/frame-000057.color.png,-0.28915814,-0.10657611,0.37284714,0.997399662,-0.057204935,-0.030318408,0.031659183,-0.4621109962463379,-0.11592257767915726,0.4074733555316925,0.997694730758667,-0.03290359675884247,-0.010370472446084023,0.05843982473015785
redkitchen,test,seq-12,redkitchen/seq-12/frame-000058.color.png,-0.30231526,-0.10799948,0.37369701,0.997517898,-0.053564174,-0.032543483,0.032091177,-0.40292927622795105,-0.16944625973701477,0.3989277184009552,0.99817955493927,-0.043709896504879,-0.003428217489272356,0.04141556844115257
redkitchen,test,seq-12,redkitchen/seq-12/frame-000059.color.png,-0.31173992,-0.10387845,0.37495616,0.997599788,-0.048625184,-0.039278131,0.029790647,-0.40553218126296997,-0.14281079173088074,0.38549476861953735,0.9982526898384094,-0.04577044025063515,-0.004064725711941719,0.03714775666594505
redkitchen,test,seq-12,redkitchen/seq-12/frame-000060.color.png,-0.31904635,-0.10067943,0.37746316,0.99752969,-0.047708151,-0.044064753,0.026772127,-0.3920314610004425,-0.04836001619696617,0.32410725951194763,0.9980794191360474,-0.025437042117118835,-0.013963534496724606,0.05473069101572037
redkitchen,test,seq-12,redkitchen/seq-12/frame-000061.color.png,-0.31916901,-0.10128383,0.37739772,0.997524117,-0.047948042,-0.043854796,0.026895678,-0.3920314610004425,-0.04836001619696617,0.32410725951194763,0.9980794191360474,-0.025437042117118835,-0.013963534496724606,0.05473069101572037
redkitchen,test,seq-12,redkitchen/seq-12/frame-000062.color.png,-0.33588204,-0.10023705,0.37836263,0.997661837,-0.050654711,-0.039037931,0.024103921,-0.3923031687736511,-0.060213882476091385,0.3972567915916443,0.9985532760620117,-0.02346878871321678,-0.02364213950932026,0.04220987856388092
redkitchen,test,seq-12,redkitchen/seq-12/frame-000063.color.png,-0.3515718,-0.10320736,0.37890577,0.997788409,-0.055011001,-0.03076051,0.021115684,-0.4052158296108246,-0.07989176362752914,0.3791002631187439,0.9985758662223816,-0.022443734109401703,-0.020406177267432213,0.04388826712965965
redkitchen,test,seq-12,redkitchen/seq-12/frame-000064.color.png,-0.36808687,-0.10669304,0.37915686,0.997892407,-0.056642854,-0.025971641,0.018105371,-0.43887972831726074,-0.07485173642635345,0.37440386414527893,0.9989107251167297,-0.021215030923485756,-0.008321836590766907,0.0407191663980484
redkitchen,test,seq-12,redkitchen/seq-12/frame-000065.color.png,-0.38126278,-0.10482523,0.378622,0.997991781,-0.054807992,-0.027374813,0.016096827,-0.43887972831726074,-0.07485173642635345,0.37440386414527893,0.9989107251167297,-0.021215030923485756,-0.008321836590766907,0.0407191663980484
redkitchen,test,seq-12,redkitchen/seq-12/frame-000066.color.png,-0.38059047,-0.10616425,0.37936646,0.997964137,-0.055237243,-0.027614978,0.015932397,-0.47176480293273926,-0.070457823574543,0.4234331250190735,0.9990617632865906,-0.02924306131899357,0.006085590925067663,0.03135952353477478
redkitchen,test,seq-12,redkitchen/seq-12/frame-000067.color.png,-0.39156744,-0.10107633,0.37784162,0.99800386,-0.051111177,-0.033577768,0.015763139,-0.47334128618240356,-0.033590640872716904,0.3679211735725403,0.9993587136268616,-0.023380493745207787,-0.0010363936889916658,0.027100199833512306
redkitchen,test,seq-12,redkitchen/seq-12/frame-000068.color.png,-0.40245605,-0.09668272,0.37748462,0.998083166,-0.044721442,-0.040111489,0.014867893,-0.5026167035102844,-0.035984911024570465,0.352468878030777,0.9992774128913879,-0.021222708746790886,-0.010718670673668385,0.029652586206793785
redkitchen,test,seq-12,redkitchen/seq-12/frame-000069.color.png,-0.41675061,-0.087382503,0.37635019,0.998236939,-0.037857465,-0.044054699,0.012206951,-0.5026167035102844,-0.035984911024570465,0.352468878030777,0.9992774128913879,-0.021222708746790886,-0.010718670673668385,0.029652586206793785
redkitchen,test,seq-12,redkitchen/seq-12/frame-000070.color.png,-0.41591501,-0.088505097,0.37662056,0.99822724,-0.038272426,-0.043920223,0.012190654,-0.4913981556892395,-0.0061629414558410645,0.30987200140953064,0.9998284578323364,-0.0068191224709153175,-0.009979292750358582,0.014037671498954296
redkitchen,test,seq-12,redkitchen/seq-12/frame-000071.color.png,-0.43018955,-0.083193772,0.37643617,0.998258287,-0.03605483,-0.045698123,0.009598094,-0.5038866996765137,0.004180282354354858,0.2999951243400574,0.999901533126831,4.044002344016917e-05,0.007851704023778439,0.011630388908088207
redkitchen,test,seq-12,redkitchen/seq-12/frame-000072.color.png,-0.44032404,-0.08171659,0.37637258,0.998170423,-0.035808486,-0.048075853,0.007891214,-0.4856157600879669,0.02510467916727066,0.2851829528808594,0.9999461770057678,-0.001392141915857792,-0.002576648723334074,0.009953565895557404
redkitchen,test,seq-12,redkitchen/seq-12/frame-000073.color.png,-0.43973371,-0.080961861,0.3762874,0.998162846,-0.035483157,-0.04849122,0.00777691,-0.4856157600879669,0.02510467916727066,0.2851829528808594,0.9999461770057678,-0.001392141915857792,-0.002576648723334074,0.009953565895557404
redkitchen,test,seq-12,redkitchen/seq-12/frame-000074.color.png,-0.44981748,-0.075786754,0.37444049,0.998139065,-0.033403619,-0.050448697,0.007585162,-0.4641457796096802,0.03354877978563309,0.2760463356971741,0.9999714493751526,6.492625107057393e-05,-0.0027937889099121094,0.00702426815405488
redkitchen,test,seq-12,redkitchen/seq-12/frame-000075.color.png,-0.45950183,-0.072550513,0.37288225,0.998106156,-0.031123879,-0.052516776,0.007575805,-0.5055213570594788,0.053249746561050415,0.25164371728897095,0.9999595880508423,0.007407458499073982,-0.0007711517391726375,0.005044464021921158
redkitchen,test,seq-12,redkitchen/seq-12/frame-000076.color.png,-0.47011662,-0.067317203,0.37120798,0.998093207,-0.028250771,-0.054443111,0.006913163,-0.4985085725784302,0.07885181903839111,0.25540173053741455,0.9998694062232971,0.014349802397191525,0.007388536352664232,0.0008173299138434231
redkitchen,test,seq-12,redkitchen/seq-12/frame-000077.color.png,-0.48060521,-0.063357003,0.36906105,0.998004275,-0.027035425,-0.056726801,0.006214736,-0.5021332502365112,0.07709456980228424,0.24714314937591553,0.9997804760932922,0.020178835839033127,0.005048509221524,-0.0025357981212437153
redkitchen,test,seq-12,redkitchen/seq-12/frame-000078.color.png,-0.49174106,-0.059160881,0.36725989,0.997957006,-0.026492716,-0.057828067,0.005988808,-0.5474392175674438,0.07663580775260925,0.21582439541816711,0.9997920989990234,0.019311685115098953,-0.005014209076762199,-0.004209932405501604
redkitchen,test,seq-12,redkitchen/seq-12/frame-000079.color.png,-0.49137342,-0.057063043,0.36694518,0.997970038,-0.025729941,-0.057964123,0.005825322,-0.5474392175674438,0.07663580775260925,0.21582439541816711,0.9997920989990234,0.019311685115098953,-0.005014209076762199,-0.004209932405501604
redkitchen,test,seq-12,redkitchen/seq-12/frame-000080.color.png,-0.50470835,-0.056371003,0.36451277,0.997922412,-0.026051395,-0.058656869,0.005617524,-0.5075360536575317,0.06516776978969574,0.25493165850639343,0.9997023344039917,0.020215928554534912,-0.012747760862112045,-0.0049008335918188095
redkitchen,test,seq-12,redkitchen/seq-12/frame-000081.color.png,-0.51481915,-0.048891716,0.36083594,0.997846803,-0.021738586,-0.061624053,0.005627432,-0.5933598875999451,0.08975917100906372,0.223796546459198,0.9995874762535095,0.018846089020371437,-0.01367295440286398,-0.01681835949420929
redkitchen,test,seq-12,redkitchen/seq-12/frame-000082.color.png,-0.52604783,-0.04418445,0.35799739,0.997668153,-0.015758169,-0.066122922,0.006139637,-0.6166672706604004,0.0700768232345581,0.2606436312198639,0.9998113512992859,0.01273916382342577,-0.007984536699950695,-0.012302004732191563
redkitchen,test,seq-12,redkitchen/seq-12/frame-000083.color.png,-0.53815866,-0.037796684,0.35470149,0.997511758,-0.007412042,-0.069800935,0.0065715,-0.6506438851356506,0.026473507285118103,0.3104308247566223,0.9998379945755005,0.0028783155139535666,-0.01633184589445591,-0.006993558723479509
redkitchen,test,seq-12,redkitchen/seq-12/frame-000084.color.png,-0.53703576,-0.039875906,0.35537672,0.997485495,-0.008061218,-0.070112358,0.006477734,-0.6506438851356506,0.026473507285118103,0.3104308247566223,0.9998379945755005,0.0028783155139535666,-0.01633184589445591,-0.006993558723479509
redkitchen,test,seq-12,redkitchen/seq-12/frame-000085.color.png,-0.5525617,-0.030220794,0.35060674,0.997481512,0.000663137,-0.070357297,0.008946762,-0.6924216747283936,0.04157298803329468,0.3487129807472229,0.9998610019683838,0.010954031720757484,-0.010776078328490257,-0.00646822527050972
redkitchen,test,seq-12,redkitchen/seq-12/frame-000086.color.png,-0.56624597,-0.024339009,0.3466711,0.997423288,0.007000673,-0.070404744,0.011872095,-0.6483030319213867,0.006364248692989349,0.35202962160110474,0.999945342540741,0.0056635430082678795,-0.008520578034222126,-0.002150140469893813
redkitchen,test,seq-12,redkitchen/seq-12/frame-000087.color.png,-0.57894748,-0.022420829,0.34385335,0.997252298,0.013028068,-0.071755518,0.013010339,-0.6399053335189819,-0.00031691789627075195,0.3234465718269348,0.9997570514678955,0.005769599229097366,-0.021233130246400833,-0.0013042984064668417
redkitchen,test,seq-12,redkitchen/seq-12/frame-000088.color.png,-0.59170282,-0.01481125,0.34181833,0.99699606,0.018863506,-0.073916788,0.013391556,-0.693989098072052,0.03023802489042282,0.3494139015674591,0.9997252225875854,0.016193483024835587,-0.01659068837761879,0.0034742229618132114
redkitchen,test,seq-12,redkitchen/seq-12/frame-000089.color.png,-0.60372311,-0.00587112,0.34152144,0.996740193,0.020157083,-0.076821581,0.014181829,-0.6757722496986389,0.022407934069633484,0.24151262640953064,0.9994974136352539,0.014802671037614346,-0.027935434132814407,0.0023522409610450268
redkitchen,test,seq-12,redkitchen/seq-12/frame-000090.color.png,-0.60495967,-0.004882936,0.34125024,0.996756158,0.020537552,-0.07652398,0.014122723,-0.6757722496986389,0.022407934069633484,0.24151262640953064,0.9994974136352539,0.014802671037614346,-0.027935434132814407,0.0023522409610450268
redkitchen,test,seq-12,redkitchen/seq-12/frame-000091.color.png,-0.61632502,-0.004697961,0.34028384,0.996613948,0.017692863,-0.078723179,0.015819651,-0.665217399597168,0.02208445966243744,0.33897048234939575,0.9991560578346252,0.010158721357584,-0.03818565607070923,0.011214779689908028
redkitchen,test,seq-12,redkitchen/seq-12/frame-000092.color.png,-0.62765878,-0.005468742,0.33888149,0.996579986,0.01811838,-0.079056831,0.015813704,-0.655835747718811,0.03248344361782074,0.3288169801235199,0.9989598393440247,0.011340761557221413,-0.04393932223320007,0.004459434188902378
redkitchen,test,seq-12,redkitchen/seq-12/frame-000093.color.png,-0.63959682,-0.007256439,0.33746022,0.996467954,0.021457664,-0.079962954,0.014039598,-0.7332344651222229,0.05629144608974457,0.27140355110168457,0.9991689920425415,0.012127220630645752,-0.038808565586805344,-0.0028406591154634953
redkitchen,test,seq-12,redkitchen/seq-12/frame-000094.color.png,-0.65330243,-0.007939456,0.33625042,0.996161121,0.027866996,-0.082188941,0.011464255,-0.7838739156723022,0.07744739949703217,0.2349909245967865,0.9986913204193115,0.015843182802200317,-0.04732169583439827,-0.011188670992851257
redkitchen,test,seq-12,redkitchen/seq-12/frame-000095.color.png,-0.66787547,-0.004046005,0.33624926,0.995729246,0.035717871,-0.084642444,0.009119185,-0.8046488165855408,0.10038964450359344,0.3001927435398102,0.9981588125228882,0.027129141613841057,-0.054179199039936066,-0.0027653693687170744
redkitchen,test,seq-12,redkitchen/seq-12/frame-000096.color.png,-0.668908,-0.003733219,0.33640438,0.995748583,0.035963316,-0.08429383,0.009270868,-0.8046488165855408,0.10038964450359344,0.3001927435398102,0.9981588125228882,0.027129141613841057,-0.054179199039936066,-0.0027653693687170744
redkitchen,test,seq-12,redkitchen/seq-12/frame-000097.color.png,-0.68028861,-0.001964511,0.33597472,0.995234323,0.041740478,-0.087705453,0.00860982,-0.7173563838005066,0.059967175126075745,0.30923792719841003,0.9976378083229065,0.03216644003987312,-0.059403542429208755,-0.012460598722100258
redkitchen,test,seq-12,redkitchen/seq-12/frame-000098.color.png,-0.69103813,-0.001143507,0.33680046,0.994746862,0.048054187,-0.090032051,0.00798153,-0.6992137432098389,0.06255005300045013,0.31739065051078796,0.9971851706504822,0.03666180744767189,-0.06381306797266006,-0.014332343824207783
redkitchen,test,seq-12,redkitchen/seq-12/frame-000099.color.png,-0.7085802,0.005824298,0.33853409,0.994488505,0.053127791,-0.090163617,0.006369732,-0.804219126701355,0.048740752041339874,0.30469775199890137,0.9967852830886841,0.03655583783984184,-0.06949261575937271,-0.015923520550131798
redkitchen,test,seq-12,redkitchen/seq-12/frame-000100.color.png,-0.7234872,0.008704034,0.34018502,0.994375317,0.051797429,-0.092177909,0.006163539,-0.778266429901123,0.024731166660785675,0.2773195505142212,0.9948961734771729,0.03309570997953415,-0.09347564727067947,-0.01866992749273777
redkitchen,test,seq-12,redkitchen/seq-12/frame-000101.color.png,-0.73482352,0.004856794,0.34198275,0.994313521,0.04934739,-0.094233224,0.005055285,-0.7308518290519714,0.0013044178485870361,0.37131166458129883,0.9956002235412598,0.02751610055565834,-0.08810350298881531,-0.01614900678396225
redkitchen,test,seq-12,redkitchen/seq-12/frame-000102.color.png,-0.74719727,0.00302692,0.34440762,0.994250724,0.050647886,-0.094329499,0.001494865,-0.7195247411727905,-0.004009515047073364,0.3981676399707794,0.99605393409729,0.03098280355334282,-0.08247485011816025,-0.01070585660636425
redkitchen,test,seq-12,redkitchen/seq-12/frame-000103.color.png,-0.76041222,0.003238706,0.34814164,0.994131579,0.052689596,-0.094423793,-0.00321819,-0.7321791052818298,-0.0015123337507247925,0.34677883982658386,0.9965027570724487,0.028879636898636818,-0.07728550583124161,-0.013235525228083134
redkitchen,test,seq-12,redkitchen/seq-12/frame-000104.color.png,-0.77259994,0.000567024,0.35179633,0.993967522,0.05366848,-0.095429272,-0.006443104,-0.7716336250305176,-0.015180505812168121,0.34877005219459534,0.9959869980812073,0.034160222858190536,-0.08066077530384064,-0.01835016719996929
redkitchen,test,seq-12,redkitchen/seq-12/frame-000105.color.png,-0.78507411,-0.000234079,0.35621145,0.993666279,0.055353328,-0.097421901,-0.008503472,-0.7716336250305176,-0.015180505812168121,0.34877005219459534,0.9959869980812073,0.034160222858190536,-0.08066077530384064,-0.01835016719996929
redkitchen,test,seq-12,redkitchen/seq-12/frame-000106.color.png,-0.78492785,0.001056227,0.35626867,0.993627285,0.055791066,-0.097517923,-0.009079116,-0.8115595579147339,-0.0193546861410141,0.33282411098480225,0.996580183506012,0.032628078013658524,-0.07291506230831146,-0.021134987473487854
redkitchen,test,seq-12,redkitchen/seq-12/frame-000107.color.png,-0.79827744,-0.002181438,0.36181113,0.993443077,0.055983906,-0.098960588,-0.01197739,-0.8324565291404724,-0.03392626717686653,0.36956560611724854,0.9957204461097717,0.03117089718580246,-0.0839170590043068,-0.02295854687690735
redkitchen,test,seq-12,redkitchen/seq-12/frame-000108.color.png,-0.81462115,-0.002835274,0.36591971,0.993171354,0.058100993,-0.099914943,-0.015872645,-0.8594197034835815,-0.01677335426211357,0.3809293508529663,0.9953441619873047,0.0353914313018322,-0.08511925488710403,-0.028145920485258102
redkitchen,test,seq-12,redkitchen/seq-12/frame-000109.color.png,-0.82681429,-0.004614437,0.37231767,0.992690909,0.060221753,-0.10277345,-0.019383415,-0.869776725769043,-0.021456468850374222,0.41381514072418213,0.9946210980415344,0.039067965000867844,-0.09019120782613754,-0.03268046677112579
redkitchen,test,seq-12,redkitchen/seq-12/frame-000110.color.png,-0.8395496,-0.007725257,0.37834975,0.992347213,0.062036655,-0.104601225,-0.021378611,-0.8370883464813232,-0.028969675302505493,0.42306798696517944,0.9951925277709961,0.03903323784470558,-0.08509176969528198,-0.028768964111804962
redkitchen,test,seq-12,redkitchen/seq-12/frame-000111.color.png,-0.85336411,-0.011307398,0.38633242,0.991893383,0.065665292,-0.106610688,-0.021673656,-0.8862444162368774,-0.014365807175636292,0.4650591015815735,0.9946156144142151,0.04757662117481232,-0.08885844051837921,-0.02408989518880844
redkitchen,test,seq-12,redkitchen/seq-12/frame-000112.color.png,-0.86521167,-0.012611872,0.3944647,0.991360215,0.068747805,-0.109459651,-0.02229907,-0.9099523425102234,-0.028009802103042603,0.4482412338256836,0.9933984279632568,0.04921199381351471,-0.09956429898738861,-0.02871641330420971
redkitchen,test,seq-12,redkitchen/seq-12/frame-000113.color.png,-0.87688142,-0.016257998,0.40345922,0.990965698,0.070697754,-0.111310931,-0.024468154,-0.9155552387237549,-0.0215030238032341,0.4266669452190399,0.9939615726470947,0.04896697774529457,-0.09367896616458893,-0.029441388323903084
redkitchen,test,seq-12,redkitchen/seq-12/frame-000114.color.png,-0.88902754,-0.018197125,0.41213083,0.990557572,0.074087162,-0.112527501,-0.025384078,-0.9105445146560669,-0.0051618218421936035,0.37544459104537964,0.9920916557312012,0.06000171974301338,-0.10402872413396835,-0.03649553656578064
redkitchen,test,seq-12,redkitchen/seq-12/frame-000115.color.png,-0.90567863,-0.016999582,0.42076883,0.990288178,0.076863607,-0.113257983,-0.024370864,-0.9723261594772339,-0.004123762249946594,0.4147816300392151,0.9915716052055359,0.0670398399233818,-0.10552433878183365,-0.03400249034166336
redkitchen,test,seq-12,redkitchen/seq-12/frame-000116.color.png,-0.9190551,-0.01948902,0.42964154,0.989979012,0.077780986,-0.115557011,-0.023200254,-1.0032724142074585,-0.014916792511940002,0.43785110116004944,0.9916976094245911,0.06723430007696152,-0.10367387533187866,-0.03559746593236923
redkitchen,test,seq-12,redkitchen/seq-12/frame-000117.color.png,-0.93218303,-0.025356084,0.43939584,0.989602162,0.078861383,-0.117969885,-0.023485072,-1.019365906715393,0.004260644316673279,0.38329172134399414,0.9920386075973511,0.07394171506166458,-0.09508467465639114,-0.036754533648490906
redkitchen,test,seq-12,redkitchen/seq-12/frame-000118.color.png,-0.94634956,-0.025708759,0.45026669,0.989127397,0.081184474,-0.120464467,-0.022899471,-1.0127508640289307,-0.024914968758821487,0.41428089141845703,0.991982638835907,0.07441455125808716,-0.09731870144605637,-0.031014438718557358
redkitchen,test,seq-12,redkitchen/seq-12/frame-000119.color.png,-0.96249813,-0.025800893,0.45966411,0.988885648,0.081233936,-0.122641047,-0.021573032,-1.013215184211731,-0.018987681716680527,0.45474764704704285,0.9910518527030945,0.07744301110506058,-0.10419289022684097,-0.031026046723127365
redkitchen,test,seq-12,redkitchen/seq-12/frame-000120.color.png,-0.97403628,-0.033300247,0.46776977,0.98845217,0.080664773,-0.12664638,-0.020400886,-1.100328803062439,-0.03309912979602814,0.5433207154273987,0.9890797734260559,0.0756191834807396,-0.12159229069948196,-0.03490506112575531
redkitchen,test,seq-12,redkitchen/seq-12/frame-000121.color.png,-0.98589689,-0.034925338,0.47740486,0.987774933,0.083555783,-0.129766886,-0.021901324,-1.0865294933319092,-0.023825686424970627,0.4785102307796478,0.9878922700881958,0.0782889872789383,-0.1289936900138855,-0.03606129810214043
redkitchen,test,seq-12,redkitchen/seq-12/frame-000122.color.png,-1.0014253,-0.032156657,0.4866797,0.987435188,0.085045528,-0.130965015,-0.024231664,-1.0407357215881348,-0.05675845965743065,0.4896104335784912,0.9878544211387634,0.06980327516794205,-0.13331490755081177,-0.03870910033583641
redkitchen,test,seq-12,redkitchen/seq-12/frame-000123.color.png,-1.0003365,-0.032651898,0.48672715,0.987387896,0.085070213,-0.131327351,-0.024110758,-1.0407357215881348,-0.05675845965743065,0.4896104335784912,0.9878544211387634,0.06980327516794205,-0.13331490755081177,-0.03870910033583641
redkitchen,test,seq-12,redkitchen/seq-12/frame-000124.color.png,-1.0143343,-0.035135336,0.49563286,0.987266667,0.083352811,-0.132936365,-0.026167901,-1.0929782390594482,-0.016520705074071884,0.47702404856681824,0.9868356585502625,0.07357089966535568,-0.1378869116306305,-0.041593004018068314
redkitchen,test,seq-12,redkitchen/seq-12/frame-000125.color.png,-1.0264208,-0.041079558,0.50477815,0.986879263,0.082071812,-0.136728235,-0.025277017,-1.1498404741287231,-0.008275583386421204,0.5151270031929016,0.9868968725204468,0.07808057963848114,-0.13585250079631805,-0.038498423993587494
redkitchen,test,seq-12,redkitchen/seq-12/frame-000126.color.png,-1.0358393,-0.04501792,0.51510739,0.985840667,0.082334565,-0.143869247,-0.025314789,-1.1928132772445679,-0.025011207908391953,0.5436859130859375,0.9869276881217957,0.07219555228948593,-0.13746169209480286,-0.04319662228226662
redkitchen,test,seq-12,redkitchen/seq-12/frame-000127.color.png,-1.0460811,-0.041420344,0.52471465,0.984881311,0.083996158,-0.148460727,-0.030213605,-1.13335120677948,-0.024310126900672913,0.47032952308654785,0.985578715801239,0.07072504609823227,-0.14695720374584198,-0.045123521238565445
redkitchen,test,seq-12,redkitchen/seq-12/frame-000128.color.png,-1.0544657,-0.045239709,0.53301132,0.984452524,0.08240183,-0.151544522,-0.033127382,-1.1748042106628418,-0.0422280952334404,0.5267953872680664,0.9850113391876221,0.07130903005599976,-0.1493089497089386,-0.04872853681445122
redkitchen,test,seq-12,redkitchen/seq-12/frame-000129.color.png,-1.0669714,-0.047039371,0.54152292,0.983894586,0.082111907,-0.154646154,-0.03596729,-1.2209008932113647,-0.030575543642044067,0.5679515600204468,0.9848884344100952,0.079666368663311,-0.14700044691562653,-0.045152656733989716
redkitchen,test,seq-12,redkitchen/seq-12/frame-000130.color.png,-1.0730699,-0.049131788,0.55122298,0.982856398,0.081344985,-0.160842998,-0.03880496,-1.2294241189956665,-0.034550826996564865,0.5416749715805054,0.9859794974327087,0.07506269961595535,-0.1425304263830185,-0.04353256896138191
redkitchen,test,seq-12,redkitchen/seq-12/frame-000131.color.png,-1.0815885,-0.051821161,0.56063914,0.982019689,0.080081838,-0.166153691,-0.040214197,-1.245998501777649,-0.002436533570289612,0.5586060881614685,0.9842722415924072,0.08596566319465637,-0.14765550196170807,-0.044898610562086105
redkitchen,test,seq-12,redkitchen/seq-12/frame-000132.color.png,-1.0880836,-0.056816429,0.57030118,0.980860363,0.079604527,-0.173013338,-0.040527172,-1.260574460029602,-0.03120419755578041,0.5643776059150696,0.9862625598907471,0.07565520703792572,-0.1412735879421234,-0.04005156457424164
redkitchen,test,seq-12,redkitchen/seq-12/frame-000133.color.png,-1.0967342,-0.058762204,0.58000749,0.97955582,0.080089039,-0.178478211,-0.046921954,-1.1855636835098267,-0.06798867881298065,0.5651524662971497,0.98447185754776,0.06562346965074539,-0.15526628494262695,-0.04900144413113594
redkitchen,test,seq-12,redkitchen/seq-12/frame-000134.color.png,-1.1051707,-0.05927306,0.59056818,0.978637443,0.08028364,-0.182044442,-0.051798772,-1.1302980184555054,-0.06396947801113129,0.5247876048088074,0.9841983914375305,0.07167980074882507,-0.15456663072109222,-0.048215363174676895
redkitchen,test,seq-12,redkitchen/seq-12/frame-000135.color.png,-1.1126232,-0.065153636,0.60105348,0.977875634,0.078919865,-0.186647311,-0.051900684,-1.2242563962936401,-0.04841313138604164,0.55620276927948,0.9834273457527161,0.07987353950738907,-0.15600430965423584,-0.04640742763876915
redkitchen,test,seq-12,redkitchen/seq-12/frame-000136.color.png,-1.1195498,-0.068323091,0.61271203,0.976668857,0.07842127,-0.192744561,-0.053080911,-1.2828837633132935,-0.03463780879974365,0.5635474324226379,0.9831334352493286,0.07924634963274002,-0.15916325151920319,-0.042845163494348526
redkitchen,test,seq-12,redkitchen/seq-12/frame-000137.color.png,-1.1223216,-0.069969237,0.62666667,0.97502705,0.078664588,-0.200040261,-0.05583931,-1.2233214378356934,-0.06974074244499207,0.5712635517120361,0.9814262986183167,0.06696537882089615,-0.17198026180267334,-0.052353449165821075
redkitchen,test,seq-12,redkitchen/seq-12/frame-000138.color.png,-1.1287054,-0.074993439,0.63776278,0.974078446,0.077442873,-0.20405304,-0.059465447,-1.2103252410888672,-0.07865206897258759,0.5705596208572388,0.9796946048736572,0.06866146624088287,-0.17788101732730865,-0.06198696419596672
redkitchen,test,seq-12,redkitchen/seq-12/frame-000139.color.png,-1.1369419,-0.082851127,0.64831161,0.973013878,0.075694067,-0.209643175,-0.059700431,-1.288812279701233,-0.0759434923529625,0.6075394749641418,0.9817885160446167,0.07534398883581161,-0.1653086543083191,-0.05556681379675865
redkitchen,test,seq-12,redkitchen/seq-12/frame-000140.color.png,-1.1440736,-0.08150693,0.66166449,0.970927274,0.075823546,-0.218116924,-0.063055738,-1.275988221168518,-0.10534373670816422,0.6365422010421753,0.9792259335517883,0.07122110575437546,-0.18028607964515686,-0.059507209807634354
redkitchen,test,seq-12,redkitchen/seq-12/frame-000141.color.png,-1.1508998,-0.081423558,0.67539781,0.968957787,0.075173041,-0.225536132,-0.067847436,-1.3031975030899048,-0.15494409203529358,0.6324004530906677,0.9757269620895386,0.06019717827439308,-0.1963931918144226,-0.07591398060321808
redkitchen,test,seq-12,redkitchen/seq-12/frame-000142.color.png,-1.1582705,-0.090407386,0.68878347,0.967179531,0.073503645,-0.232510051,-0.071414603,-1.2976545095443726,-0.17124302685260773,0.6885373592376709,0.9728572964668274,0.05962998420000076,-0.20896120369434357,-0.0795503780245781
redkitchen,test,seq-12,redkitchen/seq-12/frame-000143.color.png,-1.1644177,-0.10350888,0.70164138,0.965386898,0.071976828,-0.239953321,-0.072593912,-1.3461195230484009,-0.17632275819778442,0.7238993048667908,0.973402738571167,0.06009962409734726,-0.2077850103378296,-0.07550138980150223
redkitchen,test,seq-12,redkitchen/seq-12/frame-000144.color.png,-1.1759938,-0.092063077,0.71986574,0.963511755,0.076321718,-0.245063261,-0.075921617,-1.357617735862732,-0.183424174785614,0.7071972489356995,0.9703084826469421,0.058549556881189346,-0.22032934427261353,-0.08079768717288971
redkitchen,test,seq-12,redkitchen/seq-12/frame-000145.color.png,-1.1821787,-0.11044548,0.7303049,0.961813413,0.073424407,-0.252018935,-0.077525939,-1.350771427154541,-0.16805106401443481,0.7027686834335327,0.9674870371818542,0.05999187007546425,-0.2295691967010498,-0.08756598085165024
redkitchen,test,seq-12,redkitchen/seq-12/frame-000146.color.png,-1.1933813,-0.11211206,0.74157405,0.96033987,0.073856908,-0.256423298,-0.080867696,-1.3502367734909058,-0.17991313338279724,0.7272042036056519,0.9640675187110901,0.057573702186346054,-0.2404317706823349,-0.09721912443637848
redkitchen,test,seq-12,redkitchen/seq-12/frame-000147.color.png,-1.2017684,-0.11902226,0.75371408,0.958494204,0.074069938,-0.261949296,-0.0847648,-1.3998099565505981,-0.19460421800613403,0.7712547779083252,0.9599421620368958,0.05435578152537346,-0.2536907196044922,-0.10581836104393005
redkitchen,test,seq-12,redkitchen/seq-12/frame-000148.color.png,-1.2103455,-0.12820037,0.76575851,0.956599686,0.07420049,-0.267402891,-0.088921433,-1.3886362314224243,-0.1777954399585724,0.7690327167510986,0.9572150707244873,0.05404861643910408,-0.262575626373291,-0.10895955562591553
redkitchen,test,seq-12,redkitchen/seq-12/frame-000149.color.png,-1.2203882,-0.1273734,0.78010863,0.955009723,0.075603249,-0.27171204,-0.091723199,-1.342849612236023,-0.17362338304519653,0.7656006217002869,0.9549838900566101,0.05437729135155678,-0.27033475041389465,-0.10939855873584747
redkitchen,test,seq-12,redkitchen/seq-12/frame-000150.color.png,-1.2274612,-0.12804623,0.79341769,0.953524053,0.075551102,-0.277056326,-0.091234333,-1.3788930177688599,-0.17856965959072113,0.7769235968589783,0.9532903432846069,0.05712636932730675,-0.27496635913848877,-0.11120965331792831
redkitchen,test,seq-12,redkitchen/seq-12/frame-000151.color.png,-1.2347162,-0.15021031,0.80307508,0.952275018,0.071553222,-0.282726886,-0.090099575,-1.415304183959961,-0.19054213166236877,0.8056589365005493,0.9510202407836914,0.05272588133811951,-0.2834171652793884,-0.11160235852003098
redkitchen,test,seq-12,redkitchen/seq-12/frame-000152.color.png,-1.2431896,-0.14829668,0.81719691,0.950746969,0.07317967,-0.286905065,-0.09170834,-1.459321141242981,-0.1957704871892929,0.8118627071380615,0.9482006430625916,0.04745137318968773,-0.29123571515083313,-0.11766740679740906
redkitchen,test,seq-12,redkitchen/seq-12/frame-000153.color.png,-1.2512137,-0.16914503,0.82669687,0.94970463,0.071488679,-0.290734217,-0.091782892,-1.503766417503357,-0.1881912648677826,0.802775502204895,0.9490578174591064,0.05072225257754326,-0.2874811589717865,-0.1186222955584526
redkitchen,test,seq-12,redkitchen/seq-12/frame-000154.color.png,-1.2605143,-0.17487161,0.83839494,0.94867774,0.072159758,-0.293548422,-0.092913071,-1.5412677526474,-0.17945528030395508,0.8530785441398621,0.946833610534668,0.047974251210689545,-0.29438498616218567,-0.12059061974287033
redkitchen,test,seq-12,redkitchen/seq-12/frame-000155.color.png,-1.2691979,-0.18131067,0.85083568,0.947588445,0.072660952,-0.29623212,-0.095094982,-1.5428614616394043,-0.1891501247882843,0.8593711256980896,0.946536660194397,0.046129122376441956,-0.29596614837646484,-0.11976832151412964
redkitchen,test,seq-12,redkitchen/seq-12/frame-000156.color.png,-1.278109,-0.18601258,0.86370844,0.946545653,0.073737745,-0.29875054,-0.09675839,-1.51740562915802,-0.19265307486057281,0.84797203540802,0.9444973468780518,0.05009666830301285,-0.30194008350372314,-0.11936185508966446
redkitchen,test,seq-12,redkitchen/seq-12/frame-000157.color.png,-1.277226,-0.18668014,0.86400211,0.946440452,0.073353425,-0.29920011,-0.09669043,-1.51740562915802,-0.19265307486057281,0.84797203540802,0.9444973468780518,0.05009666830301285,-0.30194008350372314,-0.11936185508966446
redkitchen,test,seq-12,redkitchen/seq-12/frame-000158.color.png,-1.2859411,-0.1903922,0.87595147,0.945259153,0.074233225,-0.30275206,-0.096518142,-1.5507076978683472,-0.1758609116077423,0.8615986704826355,0.9460373520851135,0.053876593708992004,-0.29688897728919983,-0.11818400770425797
redkitchen,test,seq-12,redkitchen/seq-12/frame-000159.color.png,-1.2938024,-0.20039344,0.8867355,0.944036905,0.073137761,-0.306435318,-0.097686158,-1.525347352027893,-0.20487497746944427,0.8675155639648438,0.9462913274765015,0.05294268950819969,-0.2954955995082855,-0.12005093693733215
redkitchen,test,seq-12,redkitchen/seq-12/frame-000160.color.png,-1.302134,-0.2041624,0.89832062,0.942926919,0.074470217,-0.308488618,-0.100885008,-1.5331515073776245,-0.2248108834028244,0.8659945726394653,0.9462361335754395,0.05026090517640114,-0.29483720660209656,-0.12321511656045914
redkitchen,test,seq-12,redkitchen/seq-12/frame-000161.color.png,-1.309332,-0.21078457,0.9099279,0.94180737,0.074839316,-0.311002305,-0.103322408,-1.5099997520446777,-0.23951967060565948,0.8907277584075928,0.9427478909492493,0.04962680861353874,-0.30598869919776917,-0.1230221688747406
redkitchen,test,seq-12,redkitchen/seq-12/frame-000162.color.png,-1.3172982,-0.21317503,0.92101729,0.940944743,0.074972669,-0.312802977,-0.105623797,-1.5268064737319946,-0.239959716796875,0.9021203517913818,0.9424142837524414,0.04903107509016991,-0.3070077896118164,-0.12327823042869568
redkitchen,test,seq-12,redkitchen/seq-12/frame-000163.color.png,-1.3242302,-0.22081801,0.93130094,0.939951127,0.073447971,-0.315584631,-0.10725491,-1.5113296508789062,-0.2633153796195984,0.9302642941474915,0.9415469765663147,0.04805067926645279,-0.3091648519039154,-0.12488953024148941
redkitchen,test,seq-12,redkitchen/seq-12/frame-000164.color.png,-1.3321427,-0.22692697,0.94096673,0.939229607,0.072536962,-0.317363636,-0.108933266,-1.5455834865570068,-0.27514398097991943,0.917457103729248,0.9415037035942078,0.047417495399713516,-0.30847829580307007,-0.12713606655597687
redkitchen,test,seq-12,redkitchen/seq-12/frame-000165.color.png,-1.3390476,-0.23294964,0.95078158,0.938459306,0.073662971,-0.318797953,-0.110615385,-1.593226432800293,-0.30456265807151794,0.9530380964279175,0.9440512657165527,0.044322289526462555,-0.3014872372150421,-0.1261277049779892
redkitchen,test,seq-12,redkitchen/seq-12/frame-000166.color.png,-1.3475457,-0.23826937,0.9601596,0.938067228,0.076152479,-0.318310252,-0.113618917,-1.578820824623108,-0.28976351022720337,0.9508952498435974,0.9448670148849487,0.04936594516038895,-0.29900798201560974,-0.12403054535388947
redkitchen,test,seq-12,redkitchen/seq-12/frame-000167.color.png,-1.3539176,-0.24339326,0.97159559,0.937455007,0.077157206,-0.319731674,-0.114002336,-1.5994606018066406,-0.3103711009025574,0.9503799676895142,0.9456748962402344,0.04394763335585594,-0.29898926615715027,-0.1198880523443222
redkitchen,test,seq-12,redkitchen/seq-12/frame-000168.color.png,-1.3605365,-0.2501078,0.98145187,0.936707952,0.078401655,-0.320358766,-0.117480442,-1.5387485027313232,-0.3161088526248932,0.9568240642547607,0.9446339011192322,0.042993634939193726,-0.3013192117214203,-0.12257707118988037
redkitchen,test,seq-12,redkitchen/seq-12/frame-000169.color.png,-1.3674109,-0.25778198,0.99178225,0.936376941,0.079987905,-0.32032905,-0.119119518,-1.584391713142395,-0.30927222967147827,0.9804896116256714,0.9476467370986938,0.046010393649339676,-0.29352235794067383,-0.11701870709657669
redkitchen,test,seq-12,redkitchen/seq-12/frame-000170.color.png,-1.3738003,-0.26230094,1.0014265,0.935977809,0.082486784,-0.320421653,-0.120297278,-1.4958934783935547,-0.31477367877960205,1.0049000978469849,0.9474393725395203,0.04778978228569031,-0.29579055309295654,-0.11217305064201355
redkitchen,test,seq-12,redkitchen/seq-12/frame-000171.color.png,-1.3799819,-0.26848003,1.0126398,0.935960077,0.083552276,-0.320145197,-0.120435891,-1.553421974182129,-0.3128097653388977,1.0036808252334595,0.9483656287193298,0.04741855710744858,-0.2924368381500244,-0.11329130083322525
redkitchen,test,seq-12,redkitchen/seq-12/frame-000172.color.png,-1.3877114,-0.27395666,1.0238723,0.936111982,0.086980265,-0.318403337,-0.121441778,-1.6137466430664062,-0.3033562898635864,1.047989845275879,0.949222981929779,0.05537714809179306,-0.28910204768180847,-0.11103685200214386
redkitchen,test,seq-12,redkitchen/seq-12/frame-000173.color.png,-1.3951895,-0.28157064,1.0353198,0.936461907,0.088633462,-0.316830773,-0.121661284,-1.5862784385681152,-0.32901978492736816,1.034298300743103,0.9499360918998718,0.05152139812707901,-0.28702154755592346,-0.1121850311756134
redkitchen,test,seq-12,redkitchen/seq-12/frame-000174.color.png,-1.4013348,-0.2851975,1.0494193,0.936538802,0.091233852,-0.316382874,-0.120305172,-1.5761535167694092,-0.33265161514282227,1.0366129875183105,0.9515886902809143,0.05380487069487572,-0.28290337324142456,-0.10746940225362778
redkitchen,test,seq-12,redkitchen/seq-12/frame-000175.color.png,-1.4091418,-0.2890496,1.0615116,0.936529334,0.093741004,-0.315158733,-0.121656912,-1.5646860599517822,-0.334469735622406,1.0477256774902344,0.951039731502533,0.05453648045659065,-0.2838352620601654,-0.10948345810174942
redkitchen,test,seq-12,redkitchen/seq-12/frame-000176.color.png,-1.4173768,-0.29395849,1.0741314,0.936677275,0.096959333,-0.313092706,-0.123318807,-1.6091866493225098,-0.3776555061340332,1.0615873336791992,0.9529878497123718,0.05633948743343353,-0.275411456823349,-0.11308617889881134
redkitchen,test,seq-12,redkitchen/seq-12/frame-000177.color.png,-1.425631,-0.30088007,1.0871369,0.9370268,0.099892159,-0.310783318,-0.124161436,-1.6053258180618286,-0.38466131687164307,1.103177547454834,0.9544118046760559,0.0557149313390255,-0.27167075872421265,-0.11040303856134415
redkitchen,test,seq-12,redkitchen/seq-12/frame-000178.color.png,-1.43407,-0.30089697,1.1010042,0.937320968,0.105332418,-0.307223937,-0.126285143,-1.6360660791397095,-0.43473196029663086,1.129193663597107,0.9558569192886353,0.05417288839817047,-0.26500895619392395,-0.1147744432091713
redkitchen,test,seq-12,redkitchen/seq-12/frame-000179.color.png,-1.4424759,-0.30599758,1.1156216,0.93805367,0.110535683,-0.302563411,-0.127642302,-1.6648401021957397,-0.4248155951499939,1.1291664838790894,0.9591677188873291,0.05352066457271576,-0.2558813989162445,-0.10797017812728882
redkitchen,test,seq-12,redkitchen/seq-12/frame-000180.color.png,-1.4500754,-0.31196389,1.1290419,0.939386722,0.11382234,-0.298239539,-0.125100916,-1.6586424112319946,-0.44899702072143555,1.140363097190857,0.9606663584709167,0.045290715992450714,-0.2519344091415405,-0.1076936349272728
redkitchen,test,seq-12,redkitchen/seq-12/frame-000181.color.png,-1.4504286,-0.3111501,1.1285089,0.939413244,0.114396873,-0.297994756,-0.124960948,-1.694511890411377,-0.3977758288383484,1.0820106267929077,0.9639411568641663,0.04762033373117447,-0.24165406823158264,-0.1007625162601471
redkitchen,test,seq-12,redkitchen/seq-12/frame-000182.color.png,-1.4572941,-0.31892806,1.1434138,0.940850853,0.113811018,-0.295435102,-0.120684818,-1.694511890411377,-0.3977758288383484,1.0820106267929077,0.9639411568641663,0.04762033373117447,-0.24165406823158264,-0.1007625162601471
redkitchen,test,seq-12,redkitchen/seq-12/frame-000183.color.png,-1.4650499,-0.32840765,1.1547829,0.94226242,0.112961953,-0.292182842,-0.118365185,-1.7396249771118164,-0.40945738554000854,1.1291086673736572,0.961708664894104,0.038972727954387665,-0.25037968158721924,-0.1044398844242096
redkitchen,test,seq-12,redkitchen/seq-12/frame-000184.color.png,-1.4726895,-0.33890137,1.1661396,0.943695392,0.112709252,-0.288151453,-0.117065676,-1.7047914266586304,-0.4412425756454468,1.1594539880752563,0.963129460811615,0.040511589497327805,-0.24536140263080597,-0.10265618562698364
redkitchen,test,seq-12,redkitchen/seq-12/frame-000185.color.png,-1.4797938,-0.34892374,1.1776928,0.945144959,0.113474465,-0.283490809,-0.116006521,-1.7303587198257446,-0.4739188551902771,1.1933000087738037,0.9644061923027039,0.042444996535778046,-0.24033217132091522,-0.10178134590387344
redkitchen,test,seq-12,redkitchen/seq-12/frame-000186.color.png,-1.4863461,-0.35641193,1.1901065,0.946468812,0.115215867,-0.2786723,-0.115168752,-1.7114380598068237,-0.5067868828773499,1.2170524597167969,0.9649728536605835,0.04005866125226021,-0.23819571733474731,-0.1023983359336853
redkitchen,test,seq-12,redkitchen/seq-12/frame-000187.color.png,-1.4918382,-0.36518335,1.2024524,0.947858722,0.116114438,-0.274254188,-0.113428041,-1.7216073274612427,-0.4828464984893799,1.1765178442001343,0.9674287438392639,0.04155810549855232,-0.22901374101638794,-0.09953591972589493
redkitchen,test,seq-12,redkitchen/seq-12/frame-000188.color.png,-1.4965065,-0.37172788,1.2161953,0.949088391,0.116354651,-0.271766462,-0.108792517,-1.6980341672897339,-0.43628859519958496,1.1166105270385742,0.9679896235466003,0.04917718842625618,-0.2274937778711319,-0.0939379557967186
redkitchen,test,seq-12,redkitchen/seq-12/frame-000189.color.png,-1.5026076,-0.378952,1.22728,0.950393909,0.116378106,-0.268293374,-0.105953858,-1.7521629333496094,-0.4652795195579529,1.1211222410202026,0.9712689518928528,0.049802202731370926,-0.21541090309619904,-0.08805940300226212
redkitchen,test,seq-12,redkitchen/seq-12/frame-000190.color.png,-1.5092558,-0.38856477,1.237553,0.951682239,0.116175296,-0.26434931,-0.104516308,-1.7191839218139648,-0.47296857833862305,1.0976883172988892,0.9708545804023743,0.047113705426454544,-0.2182924896478653,-0.08700548857450485
redkitchen,test,seq-12,redkitchen/seq-12/frame-000191.color.png,-1.5136729,-0.39371046,1.2498614,0.952528463,0.116635914,-0.262461613,-0.10099254,-1.7329412698745728,-0.4658184051513672,1.1012530326843262,0.9714681506156921,0.051881127059459686,-0.2157721221446991,-0.08366909623146057
redkitchen,test,seq-12,redkitchen/seq-12/frame-000192.color.png,-1.5198088,-0.40375891,1.2592496,0.95343698,0.11667312,-0.259354503,-0.100401947,-1.7257486581802368,-0.47576647996902466,1.0969102382659912,0.9717488288879395,0.056919343769550323,-0.21409422159194946,-0.08141310513019562
redkitchen,test,seq-12,redkitchen/seq-12/frame-000193.color.png,-1.5262667,-0.41018227,1.2701998,0.954303479,0.117367357,-0.255886083,-0.10026009,-1.6733680963516235,-0.4941447377204895,1.114295482635498,0.9723657369613647,0.05086148530244827,-0.21384690701961517,-0.0786607638001442
redkitchen,test,seq-12,redkitchen/seq-12/frame-000194.color.png,-1.5258956,-0.41001734,1.2702585,0.954228085,0.117558443,-0.25615936,-0.100055772,-1.6733680963516235,-0.4941447377204895,1.114295482635498,0.9723657369613647,0.05086148530244827,-0.21384690701961517,-0.0786607638001442
redkitchen,test,seq-12,redkitchen/seq-12/frame-000195.color.png,-1.5320926,-0.41525653,1.2810177,0.955062241,0.117854945,-0.253403877,-0.098756281,-1.6451624631881714,-0.5020198822021484,1.110237717628479,0.9739628434181213,0.0548238605260849,-0.2070714384317398,-0.0742427334189415
redkitchen,test,seq-12,redkitchen/seq-12/frame-000196.color.png,-1.5388335,-0.42172244,1.2913759,0.955999148,0.116826159,-0.250477384,-0.098378646,-1.6813664436340332,-0.5242329239845276,1.1415966749191284,0.9741793870925903,0.05161451920866966,-0.20563997328281403,-0.07760510593652725
redkitchen,test,seq-12,redkitchen/seq-12/frame-000197.color.png,-1.5443105,-0.4286814,1.3030652,0.956845095,0.115132945,-0.248271499,-0.097740127,-1.676962971687317,-0.5331055521965027,1.1729013919830322,0.9755929112434387,0.05333797633647919,-0.19961228966712952,-0.07435384392738342
redkitchen,test,seq-12,redkitchen/seq-12/frame-000198.color.png,-1.5485336,-0.43772522,1.3129284,0.957536869,0.114164588,-0.245577095,-0.098901373,-1.7109911441802979,-0.5609869360923767,1.1959370374679565,0.9744079113006592,0.04765541851520538,-0.20372767746448517,-0.0821782797574997
redkitchen,test,seq-12,redkitchen/seq-12/frame-000199.color.png,-1.5514188,-0.44277322,1.3246145,0.958256425,0.114919169,-0.242253469,-0.099254552,-1.6938382387161255,-0.5820214748382568,1.1968097686767578,0.9744941592216492,0.04399744048714638,-0.20462031662464142,-0.08096890151500702
redkitchen,test,seq-12,redkitchen/seq-12/frame-000200.color.png,-1.5581661,-0.45359454,1.3332068,0.95938131,0.115878154,-0.238342376,-0.096709184,-1.71847403049469,-0.5759942531585693,1.216284155845642,0.9774970412254333,0.05086715146899223,-0.19129407405853271,-0.07292917370796204
redkitchen,test,seq-12,redkitchen/seq-12/frame-000201.color.png,-1.5597368,-0.45284629,1.3468312,0.959697853,0.11775815,-0.236621631,-0.095515718,-1.7252029180526733,-0.5883514881134033,1.2784397602081299,0.977750301361084,0.054067108780145645,-0.1909041553735733,-0.06809341162443161
redkitchen,test,seq-12,redkitchen/seq-12/frame-000202.color.png,-1.5603856,-0.45374084,1.3465276,0.959807039,0.117595053,-0.236284421,-0.095454303,-1.7252029180526733,-0.5883514881134033,1.2784397602081299,0.977750301361084,0.054067108780145645,-0.1909041553735733,-0.06809341162443161
redkitchen,test,seq-12,redkitchen/seq-12/frame-000203.color.png,-1.5635859,-0.45615569,1.3590299,0.960245799,0.118371418,-0.234503433,-0.094468789,-1.6968601942062378,-0.5937690734863281,1.271921992301941,0.9777919054031372,0.054869893938302994,-0.18887221813201904,-0.07238513231277466
redkitchen,test,seq-12,redkitchen/seq-12/frame-000204.color.png,-1.5671484,-0.46319246,1.3691994,0.960888676,0.117923592,-0.23232558,-0.093871204,-1.6726752519607544,-0.5913580656051636,1.3036062717437744,0.9775850772857666,0.05655129998922348,-0.18970553576946259,-0.07170357555150986
redkitchen,test,seq-12,redkitchen/seq-12/frame-000205.color.png,-1.5689974,-0.46867749,1.3809574,0.961325161,0.11714787,-0.230988424,-0.093673156,-1.7062222957611084,-0.5841968655586243,1.3131935596466064,0.9770359396934509,0.056131262332201004,-0.19351734220981598,-0.06928983330726624
redkitchen,test,seq-12,redkitchen/seq-12/frame-000206.color.png,-1.5698823,-0.47196376,1.3939734,0.961807807,0.117815396,-0.228743784,-0.093389276,-1.7220704555511475,-0.6041459441184998,1.3517401218414307,0.9785441756248474,0.05138176679611206,-0.18774458765983582,-0.06754959374666214
redkitchen,test,seq-12,redkitchen/seq-12/frame-000207.color.png,-1.5693711,-0.47781122,1.4058551,0.962345948,0.118536398,-0.225708956,-0.094312599,-1.7238895893096924,-0.6273465156555176,1.39889395236969,0.9803305864334106,0.04877971485257149,-0.1794787049293518,-0.06602917611598969
redkitchen,test,seq-12,redkitchen/seq-12/frame-000208.color.png,-1.5699511,-0.48533493,1.4170877,0.963136418,0.120327193,-0.221545804,-0.093845953,-1.6655985116958618,-0.6205812692642212,1.3765593767166138,0.981090247631073,0.04908885061740875,-0.1769062876701355,-0.061289504170417786
redkitchen,test,seq-12,redkitchen/seq-12/frame-000209.color.png,-1.5707306,-0.48364457,1.4173428,0.963192733,0.120650579,-0.220999501,-0.094140412,-1.6655985116958618,-0.6205812692642212,1.3765593767166138,0.981090247631073,0.04908885061740875,-0.1769062876701355,-0.061289504170417786
redkitchen,test,seq-12,redkitchen/seq-12/frame-000210.color.png,-1.5738986,-0.48227027,1.430829,0.964359203,0.123515158,-0.21550362,-0.091178527,-1.604705810546875,-0.6407044529914856,1.3504343032836914,0.9791700839996338,0.050302255898714066,-0.18521717190742493,-0.06625918298959732
redkitchen,test,seq-12,redkitchen/seq-12/frame-000211.color.png,-1.5719775,-0.49067956,1.4428463,0.964999196,0.124462303,-0.212585216,-0.089962284,-1.5713629722595215,-0.6627411842346191,1.3515877723693848,0.981102705001831,0.05084090679883957,-0.17546218633651733,-0.06376262754201889
redkitchen,test,seq-12,redkitchen/seq-12/frame-000212.color.png,-1.5701617,-0.49196714,1.4578094,0.965603228,0.126007105,-0.209324492,-0.08897119,-1.5987247228622437,-0.6724651455879211,1.367049217224121,0.9822508692741394,0.052140019834041595,-0.16881704330444336,-0.06297149509191513
redkitchen,test,seq-12,redkitchen/seq-12/frame-000213.color.png,-1.5688589,-0.49794662,1.4699541,0.966476184,0.126656523,-0.205376007,-0.087764496,-1.5957797765731812,-0.6779821515083313,1.4023958444595337,0.9841834902763367,0.056685011833906174,-0.15846285223960876,-0.0553097166121006
redkitchen,test,seq-12,redkitchen/seq-12/frame-000214.color.png,-1.5651832,-0.50573498,1.4824357,0.967202708,0.126709769,-0.202545832,-0.086248139,-1.5970312356948853,-0.6683074235916138,1.4271430969238281,0.9839678406715393,0.05351945012807846,-0.16035956144332886,-0.05681420490145683
redkitchen,test,seq-12,redkitchen/seq-12/frame-000215.color.png,-1.5652568,-0.51441616,1.4937209,0.968215452,0.126766136,-0.198747036,-0.083599051,-1.53514564037323,-0.6790328621864319,1.4207972288131714,0.9857391119003296,0.050215527415275574,-0.14986376464366913,-0.05777199566364288
redkitchen,test,seq-12,redkitchen/seq-12/frame-000216.color.png,-1.5643054,-0.52251345,1.5049369,0.96931264,0.126958862,-0.19397962,-0.081770167,-1.6051441431045532,-0.6723359227180481,1.4695744514465332,0.9870902895927429,0.05122000351548195,-0.14187301695346832,-0.0538635328412056
redkitchen,test,seq-12,redkitchen/seq-12/frame-000217.color.png,-1.5641519,-0.52245259,1.504954,0.969285586,0.12705702,-0.194151005,-0.081531305,-1.6051441431045532,-0.6723359227180481,1.4695744514465332,0.9870902895927429,0.05122000351548195,-0.14187301695346832,-0.0538635328412056
redkitchen,test,seq-12,redkitchen/seq-12/frame-000218.color.png,-1.562371,-0.53414404,1.5149218,0.970261522,0.127686014,-0.190237345,-0.078093622,-1.6342002153396606,-0.6669661402702332,1.4593710899353027,0.9872400164604187,0.06539879739284515,-0.13572613894939423,-0.05156100168824196
redkitchen,test,seq-12,redkitchen/seq-12/frame-000219.color.png,-1.5636859,-0.53886324,1.5255198,0.971014587,0.129706839,-0.186128323,-0.075253267,-1.5824579000473022,-0.6622012257575989,1.4725525379180908,0.9865421056747437,0.06983565539121628,-0.13836166262626648,-0.05209336057305336
redkitchen,test,seq-12,redkitchen/seq-12/frame-000220.color.png,-1.5627369,-0.54759884,1.5356851,0.971868813,0.129717404,-0.181901525,-0.074540201,-1.5012876987457275,-0.6944313049316406,1.485122561454773,0.9870913624763489,0.07236866652965546,-0.1336597502231598,-0.05048173666000366
redkitchen,test,seq-12,redkitchen/seq-12/frame-000221.color.png,-1.5601492,-0.55500251,1.5458268,0.972781074,0.129059301,-0.176863319,-0.075894964,-1.5431725978851318,-0.7008476257324219,1.5310423374176025,0.988284170627594,0.0720660388469696,-0.12535086274147034,-0.04886823892593384
redkitchen,test,seq-12,redkitchen/seq-12/frame-000222.color.png,-1.5567385,-0.56161159,1.557009,0.973767416,0.128170583,-0.172804236,-0.074081156,-1.503516435623169,-0.6895025372505188,1.5088081359863281,0.9871304631233215,0.07234161347150803,-0.1351587027311325,-0.04552215337753296
redkitchen,test,seq-12,redkitchen/seq-12/frame-000223.color.png,-1.5573933,-0.56163663,1.5568963,0.973808709,0.128324697,-0.172733826,-0.073432936,-1.503516435623169,-0.6895025372505188,1.5088081359863281,0.9871304631233215,0.07234161347150803,-0.1351587027311325,-0.04552215337753296
redkitchen,test,seq-12,redkitchen/seq-12/frame-000224.color.png,-1.5534559,-0.56559533,1.5690522,0.974670615,0.128347495,-0.168897475,-0.07083612,-1.5372142791748047,-0.6982248425483704,1.525717854499817,0.9891817569732666,0.06932776421308517,-0.12110307812690735,-0.045246005058288574
redkitchen,test,seq-12,redkitchen/seq-12/frame-000225.color.png,-1.5495298,-0.56915432,1.580359,0.975499486,0.129505319,-0.16396366,-0.068884278,-1.528598427772522,-0.6893289089202881,1.5171619653701782,0.9888874292373657,0.07620636373758316,-0.12028779834508896,-0.042719822376966476
redkitchen,test,seq-12,redkitchen/seq-12/frame-000226.color.png,-1.5466143,-0.57086343,1.5918303,0.976184962,0.131654468,-0.159536001,-0.065408606,-1.5395859479904175,-0.6922021508216858,1.5279932022094727,0.9893490672111511,0.07584958523511887,-0.11661379784345627,-0.042854614555835724
redkitchen,test,seq-12,redkitchen/seq-12/frame-000227.color.png,-1.5466121,-0.57201421,1.5915016,0.976194128,0.131450857,-0.159592772,-0.065542693,-1.5395859479904175,-0.6922021508216858,1.5279932022094727,0.9893490672111511,0.07584958523511887,-0.11661379784345627,-0.042854614555835724
redkitchen,test,seq-12,redkitchen/seq-12/frame-000228.color.png,-1.5461167,-0.57849115,1.599015,0.977236611,0.131673279,-0.15303692,-0.065195513,-1.5889414548873901,-0.7026825547218323,1.5551615953445435,0.9882974028587341,0.07886635512113571,-0.12166060507297516,-0.047401659190654755
redkitchen,test,seq-12,redkitchen/seq-12/frame-000229.color.png,-1.5422767,-0.58169073,1.6097685,0.978307282,0.131504261,-0.147525124,-0.062111426,-1.5530903339385986,-0.6929407119750977,1.5445880889892578,0.9899168610572815,0.08727806061506271,-0.10499922186136246,-0.03771277889609337
redkitchen,test,seq-12,redkitchen/seq-12/frame-000230.color.png,-1.539369,-0.58511245,1.6186888,0.979359598,0.130882269,-0.141774679,-0.060204243,-1.573636531829834,-0.6776845455169678,1.5421411991119385,0.9897621870040894,0.08578867465257645,-0.10672784596681595,-0.04025361314415932
redkitchen,test,seq-12,redkitchen/seq-12/frame-000231.color.png,-1.5388833,-0.59245861,1.6253123,0.980689941,0.128969218,-0.134986156,-0.058248763,-1.5928397178649902,-0.6900378465652466,1.583919644355774,0.9910731315612793,0.07770325243473053,-0.10133928060531616,-0.0382966548204422
redkitchen,test,seq-12,redkitchen/seq-12/frame-000232.color.png,-1.5391284,-0.5914405,1.6258266,0.980674725,0.129090523,-0.13506926,-0.058043224,-1.5928397178649902,-0.6900378465652466,1.583919644355774,0.9910731315612793,0.07770325243473053,-0.10133928060531616,-0.0382966548204422
redkitchen,test,seq-12,redkitchen/seq-12/frame-000233.color.png,-1.5384241,-0.59098774,1.6357107,0.981903221,0.128466999,-0.128733464,-0.05282035,-1.6278114318847656,-0.7264716029167175,1.6544387340545654,0.9923437237739563,0.08477474004030228,-0.08482439070940018,-0.029527923092246056
redkitchen,test,seq-12,redkitchen/seq-12/frame-000234.color.png,-1.5357009,-0.59098309,1.6452732,0.98286814,0.128200275,-0.123854951,-0.046849335,-1.6209393739700317,-0.7179481387138367,1.6522915363311768,0.9924067258834839,0.08335249125957489,-0.08550087362527847,-0.02950970269739628
redkitchen,test,seq-12,redkitchen/seq-12/frame-000235.color.png,-1.5315105,-0.59397918,1.6539296,0.983897696,0.12726076,-0.117735339,-0.043455869,-1.6079869270324707,-0.6983925700187683,1.6259349584579468,0.9927626848220825,0.08024748414754868,-0.08401429653167725,-0.03040412813425064
redkitchen,test,seq-12,redkitchen/seq-12/frame-000236.color.png,-1.5323172,-0.59477758,1.6532966,0.983915378,0.127319649,-0.117372718,-0.043862071,-1.6079869270324707,-0.6983925700187683,1.6259349584579468,0.9927626848220825,0.08024748414754868,-0.08401429653167725,-0.03040412813425064
redkitchen,test,seq-12,redkitchen/seq-12/frame-000237.color.png,-1.5317345,-0.59821612,1.6617299,0.984977497,0.126823704,-0.109445498,-0.04191375,-1.6697965860366821,-0.6832549571990967,1.6387264728546143,0.9922016263008118,0.07998549193143845,-0.08976253867149353,-0.03287592530250549
redkitchen,test,seq-12,redkitchen/seq-12/frame-000238.color.png,-1.5298833,-0.59849572,1.6714704,0.985851175,0.126468725,-0.102757222,-0.039294723,-1.7028385400772095,-0.6932346820831299,1.6821317672729492,0.9932836890220642,0.08216660469770432,-0.0773019790649414,-0.02570401318371296
redkitchen,test,seq-12,redkitchen/seq-12/frame-000239.color.png,-1.5290027,-0.59863847,1.6715809,0.985851541,0.126404623,-0.102835517,-0.039286989,-1.7028385400772095,-0.6932346820831299,1.6821317672729492,0.9932836890220642,0.08216660469770432,-0.0773019790649414,-0.02570401318371296
redkitchen,test,seq-12,redkitchen/seq-12/frame-000240.color.png,-1.5236846,-0.6024797,1.6801237,0.986675008,0.125175928,-0.097484335,-0.036058567,-1.6527248620986938,-0.6887691617012024,1.6389272212982178,0.9940375089645386,0.07985176146030426,-0.06965998560190201,-0.025701744481921196
redkitchen,test,seq-12,redkitchen/seq-12/frame-000241.color.png,-1.5202969,-0.60436249,1.6889623,0.987490713,0.125075354,-0.090254533,-0.032746999,-1.6642454862594604,-0.6987006068229675,1.6574043035507202,0.9940231442451477,0.07788659632205963,-0.06980188935995102,-0.031296104192733765
redkitchen,test,seq-12,redkitchen/seq-12/frame-000242.color.png,-1.520087,-0.60461068,1.689265,0.987510103,0.124822966,-0.09056716,-0.032258545,-1.639513373374939,-0.7285543084144592,1.6265982389450073,0.994204044342041,0.07512558251619339,-0.07068213820457458,-0.03030734695494175
redkitchen,test,seq-12,redkitchen/seq-12/frame-000243.color.png,-1.5163417,-0.60830301,1.6970383,0.988377899,0.124394667,-0.081935718,-0.030358409,-1.639513373374939,-0.7285543084144592,1.6265982389450073,0.994204044342041,0.07512558251619339,-0.07068213820457458,-0.03030734695494175
redkitchen,test,seq-12,redkitchen/seq-12/frame-000244.color.png,-1.5112413,-0.61193955,1.704769,0.989208177,0.123665356,-0.074271633,-0.02564734,-1.6343425512313843,-0.6663241982460022,1.554439663887024,0.99399334192276,0.07723815739154816,-0.07152009010314941,-0.029940996319055557
redkitchen,test,seq-12,redkitchen/seq-12/frame-000245.color.png,-1.5088392,-0.61484563,1.7124188,0.989838744,0.12342901,-0.067277596,-0.021407156,-1.6498286724090576,-0.6995863318443298,1.6125487089157104,0.9951117038726807,0.0707647055387497,-0.06371472030878067,-0.026182154193520546
redkitchen,test,seq-12,redkitchen/seq-12/frame-000246.color.png,-1.5054115,-0.62265766,1.7188951,0.990379283,0.12343337,-0.059459431,-0.019433367,-1.673577070236206,-0.7226083278656006,1.6322933435440063,0.9956259727478027,0.07600536197423935,-0.05190308392047882,-0.01606581173837185
redkitchen,test,seq-12,redkitchen/seq-12/frame-000247.color.png,-1.5052137,-0.6224317,1.7189112,0.99036171,0.123520012,-0.059413409,-0.01991321,-1.673577070236206,-0.7226083278656006,1.6322933435440063,0.9956259727478027,0.07600536197423935,-0.05190308392047882,-0.01606581173837185
redkitchen,test,seq-12,redkitchen/seq-12/frame-000248.color.png,-1.5007331,-0.62695545,1.7264053,0.990787371,0.124229587,-0.049867754,-0.020508617,-1.5551859140396118,-0.7093434929847717,1.6182899475097656,0.9963015913963318,0.06685483455657959,-0.04944232478737831,-0.021660109981894493
redkitchen,test,seq-12,redkitchen/seq-12/frame-000249.color.png,-1.5015815,-0.62764651,1.7262381,0.990822039,0.123984004,-0.049655395,-0.020832547,-1.5551859140396118,-0.7093434929847717,1.6182899475097656,0.9963015913963318,0.06685483455657959,-0.04944232478737831,-0.021660109981894493
redkitchen,test,seq-12,redkitchen/seq-12/frame-000250.color.png,-1.5010791,-0.63192141,1.7334358,0.991250088,0.124379928,-0.039714133,-0.019382552,-1.6234222650527954,-0.7303458452224731,1.6530165672302246,0.9967010617256165,0.06705121695995331,-0.04250119626522064,-0.016876308247447014
redkitchen,test,seq-12,redkitchen/seq-12/frame-000251.color.png,-1.5011938,-0.63808483,1.740206,0.991573252,0.124976154,-0.029808854,-0.016579456,-1.5958231687545776,-0.7314741015434265,1.6462029218673706,0.9975593090057373,0.06247277930378914,-0.02791118435561657,-0.01390889659523964
redkitchen,test,seq-12,redkitchen/seq-12/frame-000252.color.png,-1.501193,-0.63811743,1.7402241,0.991575812,0.124969809,-0.029650173,-0.016757774,-1.5958231687545776,-0.7314741015434265,1.6462029218673706,0.9975593090057373,0.06247277930378914,-0.02791118435561657,-0.01390889659523964
redkitchen,test,seq-12,redkitchen/seq-12/frame-000253.color.png,-1.4977493,-0.64385486,1.7476172,0.991853597,0.125552953,-0.018992788,-0.010108064,-1.5593810081481934,-0.7430610060691833,1.6234610080718994,0.997973620891571,0.06271173804998398,-0.009198344312608242,-0.005593867506831884
redkitchen,test,seq-12,redkitchen/seq-12/frame-000254.color.png,-1.4935415,-0.6486811,1.7559634,0.992057092,0.125515808,-0.007084376,-0.004280069,-1.581020474433899,-0.7603780627250671,1.6754651069641113,0.9985083937644958,0.05456811189651489,0.001704455935396254,-0.0006282901740632951
redkitchen,test,seq-12,redkitchen/seq-12/frame-000255.color.png,-1.4929302,-0.6536662,1.7641776,0.992168413,0.124831225,0.004239308,0.001016448,-1.581020474433899,-0.7603780627250671,1.6754651069641113,0.9985083937644958,0.05456811189651489,0.001704455935396254,-0.0006282901740632951
redkitchen,test,seq-12,redkitchen/seq-12/frame-000256.color.png,-1.4930191,-0.65464795,1.763904,0.992181682,0.1247179,0.004569953,0.000265275,-1.660130262374878,-0.7960143685340881,1.7379072904586792,0.9982865452766418,0.05739358812570572,0.008516605943441391,0.007572597358375788
redkitchen,test,seq-12,redkitchen/seq-12/frame-000257.color.png,-1.4917842,-0.65890872,1.7736584,0.99218978,0.123591808,0.016408039,0.003909081,-1.6871825456619263,-0.8208248019218445,1.7813345193862915,0.9983669519424438,0.054677288979291916,0.012338422238826752,0.011032113805413246
redkitchen,test,seq-12,redkitchen/seq-12/frame-000258.color.png,-1.4932158,-0.66645712,1.7813812,0.99234466,0.120210212,0.027297253,0.007512632,-1.7608115673065186,-0.8092650175094604,1.8208283185958862,0.9975690245628357,0.06173212081193924,0.025976283475756645,0.019246000796556473
redkitchen,test,seq-12,redkitchen/seq-12/frame-000259.color.png,-1.4942945,-0.66696525,1.7812818,0.992358967,0.120103588,0.027085443,0.008073922,-1.7608115673065186,-0.8092650175094604,1.8208283185958862,0.9975690245628357,0.06173212081193924,0.025976283475756645,0.019246000796556473
redkitchen,test,seq-12,redkitchen/seq-12/frame-000260.color.png,-1.4944804,-0.67330742,1.7889909,0.992437829,0.116231904,0.037282434,0.012935196,-1.7771868705749512,-0.817312479019165,1.8770484924316406,0.9974574446678162,0.06106570363044739,0.032819364219903946,0.016509370878338814
redkitchen,test,seq-12,redkitchen/seq-12/frame-000261.color.png,-1.4937053,-0.67322707,1.7892201,0.992457581,0.116066234,0.03689363,0.013979949,-1.7771868705749512,-0.817312479019165,1.8770484924316406,0.9974574446678162,0.06106570363044739,0.032819364219903946,0.016509370878338814
redkitchen,test,seq-12,redkitchen/seq-12/frame-000262.color.png,-1.4944658,-0.67974728,1.7969488,0.992205015,0.113591573,0.04712446,0.020135748,-1.7450846433639526,-0.8233665227890015,1.866665005683899,0.9976910352706909,0.05315149202942848,0.03852507844567299,0.01741594448685646
redkitchen,test,seq-12,redkitchen/seq-12/frame-000263.color.png,-1.4935493,-0.68784463,1.8040828,0.991720618,0.11119398,0.058702814,0.026078602,-1.7861108779907227,-0.8482689261436462,1.9269453287124634,0.9964892268180847,0.05408651381731033,0.059150055050849915,0.02418849989771843
redkitchen,test,seq-12,redkitchen/seq-12/frame-000264.color.png,-1.4942971,-0.68768173,1.8040849,0.991719658,0.111105648,0.058743078,0.026398952,-1.7861108779907227,-0.8482689261436462,1.9269453287124634,0.9964892268180847,0.05408651381731033,0.059150055050849915,0.02418849989771843
redkitchen,test,seq-12,redkitchen/seq-12/frame-000265.color.png,-1.4910616,-0.69479549,1.8115873,0.991115753,0.108305791,0.071002146,0.030300403,-1.728995442390442,-0.8221627473831177,1.8637754917144775,0.9965881109237671,0.05066663771867752,0.061067134141922,0.022714463993906975
redkitchen,test,seq-12,redkitchen/seq-12/frame-000266.color.png,-1.4929075,-0.6960541,1.8112074,0.99113743,0.108043983,0.071548465,0.029221734,-1.728995442390442,-0.8221627473831177,1.8637754917144775,0.9965881109237671,0.05066663771867752,0.061067134141922,0.022714463993906975
redkitchen,test,seq-12,redkitchen/seq-12/frame-000267.color.png,-1.4911947,-0.70252562,1.8176775,0.990309383,0.106335384,0.083458011,0.031857073,-1.754059076309204,-0.8492803573608398,1.8830673694610596,0.9957555532455444,0.04796406254172325,0.07331337779760361,0.028204724192619324
redkitchen,test,seq-12,redkitchen/seq-12/frame-000268.color.png,-1.4812706,-0.70805597,1.8253312,0.989240976,0.104969461,0.096501352,0.032729063,-1.6987560987472534,-0.8571606874465942,1.9033827781677246,0.9956442713737488,0.04855821281671524,0.07558932900428772,0.024913573637604713
redkitchen,test,seq-12,redkitchen/seq-12/frame-000269.color.png,-1.4786848,-0.70922637,1.8251526,0.989238884,0.10490844,0.097565335,0.029692689,-1.6987560987472534,-0.8571606874465942,1.9033827781677246,0.9956442713737488,0.04855821281671524,0.07558932900428772,0.024913573637604713
redkitchen,test,seq-12,redkitchen/seq-12/frame-000270.color.png,-1.4733567,-0.71375978,1.8335629,0.988197051,0.102349475,0.109414386,0.031932187,-1.695574164390564,-0.8920223712921143,1.9653773307800293,0.9953397512435913,0.05129958689212799,0.07793145626783371,0.024366416037082672
redkitchen,test,seq-12,redkitchen/seq-12/frame-000271.color.png,-1.4712995,-0.71531314,1.8332641,0.988243247,0.101978873,0.109446479,0.031576299,-1.695574164390564,-0.8920223712921143,1.9653773307800293,0.9953397512435913,0.05129958689212799,0.07793145626783371,0.024366416037082672
redkitchen,test,seq-12,redkitchen/seq-12/frame-000272.color.png,-1.4669824,-0.71785569,1.8410825,0.987186401,0.0992459,0.120587061,0.032741745,-1.6898282766342163,-0.908270001411438,2.0167863368988037,0.9948830008506775,0.044644664973020554,0.08581224083900452,0.029170384630560875
redkitchen,test,seq-12,redkitchen/seq-12/frame-000273.color.png,-1.4659572,-0.72078258,1.8486904,0.9857517,0.097107797,0.131133089,0.040838387,-1.641943335533142,-0.9060124754905701,2.0213310718536377,0.9940423369407654,0.03907407075166702,0.09643255174160004,0.03246196731925011
redkitchen,test,seq-12,redkitchen/seq-12/frame-000274.color.png,-1.4657652,-0.72187519,1.8485135,0.985791897,0.09678624,0.131276425,0.040165409,-1.641943335533142,-0.9060124754905701,2.0213310718536377,0.9940423369407654,0.03907407075166702,0.09643255174160004,0.03246196731925011
redkitchen,test,seq-12,redkitchen/seq-12/frame-000275.color.png,-1.4641229,-0.72266924,1.8564858,0.98416162,0.095496016,0.142302678,0.045347163,-1.6333162784576416,-0.8902931213378906,1.9620319604873657,0.9928988218307495,0.04223612695932388,0.10429592430591583,0.0386069156229496
redkitchen,test,seq-12,redkitchen/seq-12/frame-000276.color.png,-1.4624068,-0.72339684,1.8648517,0.982407937,0.09390914,0.153771306,0.049092811,-1.622651219367981,-0.9100358486175537,2.0281684398651123,0.9928613305091858,0.03698252514004707,0.10754172503948212,0.0359649732708931
redkitchen,test,seq-12,redkitchen/seq-12/frame-000277.color.png,-1.4629599,-0.72459131,1.8643968,0.98246639,0.093566454,0.153692686,0.048822833,-1.5931757688522339,-0.9300214052200317,2.056605100631714,0.9916451573371887,0.035571806132793427,0.11686462163925171,0.04143907129764557
redkitchen,test,seq-12,redkitchen/seq-12/frame-000278.color.png,-1.4630125,-0.72364616,1.8645931,0.98243357,0.093787632,0.153573933,0.049428821,-1.5931757688522339,-0.9300214052200317,2.056605100631714,0.9916451573371887,0.035571806132793427,0.11686462163925171,0.04143907129764557
redkitchen,test,seq-12,redkitchen/seq-12/frame-000279.color.png,-1.4604872,-0.72578561,1.871219,0.980824959,0.092439194,0.163107812,0.053228151,-1.6236532926559448,-0.946530818939209,2.105423927307129,0.990199089050293,0.03771701082587242,0.126901775598526,0.044488586485385895
redkitchen,test,seq-12,redkitchen/seq-12/frame-000280.color.png,-1.4549673,-0.72798461,1.8772656,0.979307269,0.091372987,0.171292428,0.057159018,-1.6437692642211914,-0.9423667192459106,2.1012818813323975,0.990015983581543,0.0368981771171093,0.1282760053873062,0.04530026763677597
redkitchen,test,seq-12,redkitchen/seq-12/frame-000281.color.png,-1.4517082,-0.73071843,1.8833717,0.977630363,0.089469957,0.180615562,0.060100066,-1.6437692642211914,-0.9423667192459106,2.1012818813323975,0.990015983581543,0.0368981771171093,0.1282760053873062,0.04530026763677597
redkitchen,test,seq-12,redkitchen/seq-12/frame-000282.color.png,-1.4455268,-0.73121351,1.8889538,0.97585723,0.086960352,0.188085578,0.069024484,-1.6231294870376587,-0.9435452222824097,2.11846661567688,0.9874518513679504,0.04173114895820618,0.1431499719619751,0.05201519653201103
redkitchen,test,seq-12,redkitchen/seq-12/frame-000283.color.png,-1.4363973,-0.7298134,1.8955851,0.974377538,0.085480566,0.195515191,0.071100613,-1.6455148458480835,-0.9230915307998657,2.1244540214538574,0.9871726036071777,0.04341329634189606,0.14228716492652893,0.057965606451034546
redkitchen,test,seq-12,redkitchen/seq-12/frame-000284.color.png,-1.4288347,-0.73142743,1.9002745,0.973143248,0.083367103,0.201843833,0.072809428,-1.6358461380004883,-0.905708372592926,2.0982086658477783,0.986329972743988,0.03556252270936966,0.14933651685714722,0.059893108904361725
redkitchen,test,seq-12,redkitchen/seq-12/frame-000285.color.png,-1.4267052,-0.73506135,1.9045848,0.971767302,0.080091224,0.207600838,0.07845763,-1.5970836877822876,-0.9055818915367126,2.0896189212799072,0.9854993224143982,0.034253090620040894,0.15250815451145172,0.06602387130260468
redkitchen,test,seq-12,redkitchen/seq-12/frame-000286.color.png,-1.4283789,-0.73467135,1.904367,0.97178444,0.080073924,0.207386188,0.078829802,-1.5970836877822876,-0.9055818915367126,2.0896189212799072,0.9854993224143982,0.034253090620040894,0.15250815451145172,0.06602387130260468
redkitchen,test,seq-12,redkitchen/seq-12/frame-000287.color.png,-1.4199948,-0.73740894,1.9094752,0.970271117,0.077954897,0.214391706,0.080828146,-1.5678119659423828,-0.8647969961166382,2.052388906478882,0.9850195050239563,0.0317826084792614,0.15620172023773193,0.06578274071216583
redkitchen,test,seq-12,redkitchen/seq-12/frame-000288.color.png,-1.4141777,-0.74176466,1.9138737,0.968743895,0.075498679,0.220219431,0.085665737,-1.555058479309082,-0.8422315716743469,2.0712411403656006,0.9844993352890015,0.03458256646990776,0.15783344209194183,0.0682181715965271
redkitchen,test,seq-12,redkitchen/seq-12/frame-000289.color.png,-1.4107205,-0.74685949,1.9182049,0.967047219,0.072847401,0.227234305,0.088755302,-1.5486842393875122,-0.8576818704605103,2.078094482421875,0.9837045669555664,0.0324951596558094,0.16125090420246124,0.07257799804210663
redkitchen,test,seq-12,redkitchen/seq-12/frame-000290.color.png,-1.4081676,-0.75208211,1.9219575,0.965250225,0.070800234,0.233202414,0.094318418,-1.5486842393875122,-0.8576818704605103,2.078094482421875,0.9837045669555664,0.0324951596558094,0.16125090420246124,0.07257799804210663
redkitchen,test,seq-12,redkitchen/seq-12/frame-000291.color.png,-1.4061514,-0.75227332,1.9215721,0.965276258,0.070776825,0.232843953,0.094953041,-1.5259425640106201,-0.8532284498214722,2.0669116973876953,0.9829139709472656,0.036556847393512726,0.1659950315952301,0.07063521444797516
redkitchen,test,seq-12,redkitchen/seq-12/frame-000292.color.png,-1.398959,-0.76036745,1.9232031,0.963752714,0.068589707,0.237684237,0.099911768,-1.494365930557251,-0.8561283349990845,2.0778656005859375,0.9844076633453369,0.03608360141515732,0.1567668914794922,0.07115994393825531
redkitchen,test,seq-12,redkitchen/seq-12/frame-000293.color.png,-1.3865093,-0.76929915,1.9243835,0.962240255,0.065793019,0.242433397,0.104838059,-1.4889189004898071,-0.8677142858505249,2.127608060836792,0.9822227358818054,0.03579295426607132,0.16809745132923126,0.07550337165594101
redkitchen,test,seq-12,redkitchen/seq-12/frame-000294.color.png,-1.3788234,-0.77103269,1.9288733,0.960705246,0.064319059,0.247550875,0.107828814,-1.4672104120254517,-0.8702574968338013,2.087838888168335,0.9816209673881531,0.03308814764022827,0.1703634113073349,0.07938362658023834
redkitchen,test,seq-12,redkitchen/seq-12/frame-000295.color.png,-1.3738791,-0.7756629,1.929311,0.959370168,0.063377138,0.251590945,0.110879286,-1.4413617849349976,-0.8690388202667236,2.09397292137146,0.9822097420692444,0.032428041100502014,0.1665549874305725,0.08044766634702682
redkitchen,test,seq-12,redkitchen/seq-12/frame-000296.color.png,-1.3654112,-0.78198767,1.9299251,0.957984169,0.061539165,0.256350871,0.112975639,-1.4212347269058228,-0.8586615324020386,2.0767619609832764,0.9814821481704712,0.031736552715301514,0.1704271286725998,0.08148686587810516
redkitchen,test,seq-12,redkitchen/seq-12/frame-000297.color.png,-1.3599582,-0.78183877,1.9329478,0.956151942,0.061212767,0.262421904,0.1147223,-1.437270998954773,-0.8693468570709229,2.1258702278137207,0.9797092080116272,0.03817865997552872,0.17663408815860748,0.0866759866476059
redkitchen,test,seq-12,redkitchen/seq-12/frame-000298.color.png,-1.3555846,-0.7828232,1.9341987,0.954327709,0.061016493,0.268301884,0.116403226,-1.3922219276428223,-0.8622254729270935,2.102145195007324,0.9789800643920898,0.03779233992099762,0.18034371733665466,0.08744173496961594
redkitchen,test,seq-12,redkitchen/seq-12/frame-000299.color.png,-1.3472977,-0.78209454,1.9357033,0.952837362,0.060706817,0.273431643,0.116836556,-1.3939939737319946,-0.8694998621940613,2.11706280708313,0.9784557819366455,0.03654908761382103,0.18210318684577942,0.09014912694692612
redkitchen,test,seq-12,redkitchen/seq-12/frame-000300.color.png,-1.340546,-0.78194928,1.9369825,0.951483781,0.059308169,0.278267887,0.117167139,-1.3912500143051147,-0.8881871700286865,2.14174222946167,0.977155864238739,0.03843235969543457,0.1876499503850937,0.09207094460725784
redkitchen,test,seq-12,redkitchen/seq-12/frame-000301.color.png,-1.3304064,-0.7865271,1.9351616,0.950445179,0.056035393,0.281680916,0.119037215,-1.3970038890838623,-0.8932549953460693,2.1212656497955322,0.973943829536438,0.04163743928074837,0.19965367019176483,0.09918686747550964
redkitchen,test,seq-12,redkitchen/seq-12/frame-000302.color.png,-1.3236569,-0.78377557,1.9368922,0.949287685,0.05356342,0.28571223,0.11980139,-1.3920164108276367,-0.9080566167831421,2.0939838886260986,0.9733542203903198,0.03315142169594765,0.2049216628074646,0.09741517156362534
redkitchen,test,seq-12,redkitchen/seq-12/frame-000303.color.png,-1.319117,-0.78964388,1.9340667,0.94839597,0.05094018,0.288535032,0.121234143,-1.332819938659668,-0.8953422904014587,2.0962677001953125,0.9721628427505493,0.03111729957163334,0.2098107486963272,0.09955257177352905
redkitchen,test,seq-12,redkitchen/seq-12/frame-000304.color.png,-1.3067279,-0.78410441,1.9355482,0.947042678,0.05040799,0.293709478,0.119599096,-1.3160876035690308,-0.8850816488265991,2.0493366718292236,0.9688387513160706,0.027713749557733536,0.22388440370559692,0.10227072238922119
redkitchen,test,seq-12,redkitchen/seq-12/frame-000305.color.png,-1.3000268,-0.78307146,1.9356958,0.945024149,0.049420438,0.299821607,0.120805558,-1.3645342588424683,-0.8881184458732605,1.9849584102630615,0.9648047089576721,0.028373103588819504,0.2387423813343048,0.10653112828731537
redkitchen,test,seq-12,redkitchen/seq-12/frame-000306.color.png,-1.2937642,-0.79091352,1.9312216,0.943693227,0.046290971,0.303193942,0.123990618,-1.3906012773513794,-0.8614925742149353,1.9228880405426025,0.9588432312011719,0.021385682746767998,0.2584286332130432,0.11565843224525452
redkitchen,test,seq-12,redkitchen/seq-12/frame-000307.color.png,-1.2833179,-0.79226375,1.9300966,0.94228244,0.042831642,0.307233242,0.126003924,-1.3621312379837036,-0.8801653981208801,1.9504749774932861,0.9582213759422302,0.02605939283967018,0.2609328031539917,0.11422225087881088
redkitchen,test,seq-12,redkitchen/seq-12/frame-000308.color.png,-1.2741807,-0.79818171,1.9270939,0.940551605,0.038157285,0.312557508,0.127336182,-1.3632988929748535,-0.8411577939987183,1.9336402416229248,0.9597489237785339,0.02847759984433651,0.2564985752105713,0.11081266403198242
redkitchen,test,seq-12,redkitchen/seq-12/frame-000309.color.png,-1.2687734,-0.79519111,1.9269947,0.938554692,0.035203331,0.318723443,0.127636914,-1.3781412839889526,-0.8415385484695435,1.9018232822418213,0.9530805349349976,0.027159571647644043,0.27753403782844543,0.11779068410396576
redkitchen,test,seq-12,redkitchen/seq-12/frame-000310.color.png,-1.2687752,-0.79088223,1.9259539,0.936471069,0.033858945,0.324699139,0.128241871,-1.4144724607467651,-0.8347043991088867,1.8725563287734985,0.9470980167388916,0.020740250125527382,0.29516100883483887,0.12431909143924713
redkitchen,test,seq-12,redkitchen/seq-12/frame-000311.color.png,-1.2692665,-0.79664731,1.9205325,0.933627437,0.032425671,0.331950124,0.130757413,-1.319732427597046,-0.8308145999908447,1.8394274711608887,0.9488144516944885,0.02269364707171917,0.29181110858917236,0.11866893619298935
redkitchen,test,seq-12,redkitchen/seq-12/frame-000312.color.png,-1.2662925,-0.79538554,1.9165261,0.930378873,0.03152968,0.339774067,0.133994831,-1.3301076889038086,-0.8407356142997742,1.8745667934417725,0.9475570321083069,0.022619737312197685,0.2938154637813568,0.12367963790893555
redkitchen,test,seq-12,redkitchen/seq-12/frame-000313.color.png,-1.2650145,-0.79290056,1.9122883,0.927023536,0.028986644,0.346727208,0.139883453,-1.322486400604248,-0.8240547776222229,1.8490965366363525,0.9465121626853943,0.012179873883724213,0.29550254344940186,0.1290137767791748
redkitchen,test,seq-12,redkitchen/seq-12/frame-000314.color.png,-1.2503036,-0.77500755,1.9116465,0.923574915,0.030115437,0.35341057,0.145613889,-1.351638674736023,-0.783196747303009,1.7779202461242676,0.9527937173843384,0.019369032233953476,0.27711015939712524,0.12255170941352844
redkitchen,test,seq-12,redkitchen/seq-12/frame-000315.color.png,-1.2495511,-0.77166939,1.9085993,0.920486913,0.029133472,0.360535644,0.147882159,-1.2918611764907837,-0.7549598813056946,1.7201762199401855,0.9461020827293396,0.016737468540668488,0.29303988814353943,0.13688813149929047
redkitchen,test,seq-12,redkitchen/seq-12/frame-000316.color.png,-1.2518767,-0.77379882,1.9027539,0.917409672,0.02690429,0.368272533,0.14836103,-1.2715758085250854,-0.7310208082199097,1.6992712020874023,0.9462447166442871,0.015792179852724075,0.2957461178302765,0.13002172112464905
redkitchen,test,seq-12,redkitchen/seq-12/frame-000317.color.png,-1.2349977,-0.75598848,1.9063364,0.913484677,0.026501177,0.378562054,0.146745368,-1.28043794631958,-0.7502278685569763,1.7206767797470093,0.948348343372345,0.014230497181415558,0.2895626723766327,0.1287878155708313
redkitchen,test,seq-12,redkitchen/seq-12/frame-000318.color.png,-1.2118021,-0.75138229,1.9071088,0.909524334,0.02433957,0.387050188,0.149550067,-1.2471014261245728,-0.7419159412384033,1.6886332035064697,0.9376738667488098,0.00013381533790379763,0.317362904548645,0.1415928304195404
redkitchen,test,seq-12,redkitchen/seq-12/frame-000319.color.png,-1.215742,-0.75932837,1.902064,0.905814331,0.021109001,0.393851484,0.154712047,-1.2816861867904663,-0.7033305168151855,1.6607403755187988,0.9355887770652771,-0.0008402682724408805,0.32116204500198364,0.14672385156154633
redkitchen,test,seq-12,redkitchen/seq-12/frame-000320.color.png,-1.2208251,-0.76291543,1.8981,0.90176795,0.017972038,0.402669149,0.156042067,-1.3142603635787964,-0.7499674558639526,1.678978681564331,0.9331936240196228,0.0002205407654400915,0.3237890899181366,0.15591728687286377
redkitchen,test,seq-12,redkitchen/seq-12/frame-000321.color.png,-1.2248604,-0.76441664,1.8932118,0.898023214,0.015471307,0.410600991,0.157231584,-1.2677299976348877,-0.7617507576942444,1.6786911487579346,0.9305838346481323,0.007747122086584568,0.32972654700279236,0.1588524878025055
redkitchen,test,seq-12,redkitchen/seq-12/frame-000322.color.png,-1.2314124,-0.75715107,1.8923223,0.89454823,0.01436675,0.418054997,0.157502636,-1.2211902141571045,-0.7567939162254333,1.6652522087097168,0.9275106191635132,0.006657043006271124,0.3372865617275238,0.16098898649215698
redkitchen,test,seq-12,redkitchen/seq-12/frame-000323.color.png,-1.2358409,-0.75241482,1.8883704,0.891239823,0.0131701,0.4245086,0.159092973,-1.2149499654769897,-0.7335366010665894,1.6309075355529785,0.9200904965400696,0.0005793290329165757,0.35190141201019287,0.17204217612743378
redkitchen,test,seq-12,redkitchen/seq-12/frame-000324.color.png,-1.2438757,-0.74616629,1.885381,0.887733503,0.012331066,0.431066216,0.161118251,-1.265913963317871,-0.754973828792572,1.688596248626709,0.9197792410850525,0.005938218906521797,0.35323241353034973,0.1708734631538391
redkitchen,test,seq-12,redkitchen/seq-12/frame-000325.color.png,-1.2544899,-0.73877984,1.8755252,0.881909159,0.005757961,0.440248761,0.168475845,-1.1931334733963013,-0.7481319308280945,1.6917245388031006,0.9141772389411926,-0.00036419060779735446,0.37000399827957153,0.16545970737934113
redkitchen,test,seq-12,redkitchen/seq-12/frame-000326.color.png,-1.2559634,-0.73440903,1.8707789,0.879569432,0.001194287,0.44361473,0.171936499,-1.2317606210708618,-0.7719888091087341,1.632778286933899,0.9208328723907471,-0.017279047518968582,0.35321760177612305,0.16433382034301758
redkitchen,test,seq-12,redkitchen/seq-12/frame-000327.color.png,-1.2633106,-0.73432529,1.865433,0.877758067,-0.004060597,0.44577541,0.175523705,-1.279735803604126,-0.7882230281829834,1.626540184020996,0.9170408844947815,-0.02175774984061718,0.35545623302459717,0.17948107421398163
redkitchen,test,seq-12,redkitchen/seq-12/frame-000328.color.png,-1.2678183,-0.73575068,1.861286,0.87629353,-0.009159854,0.448161405,0.176570388,-1.2821838855743408,-0.7953211069107056,1.630428433418274,0.9121823906898499,-0.027112919837236404,0.36809083819389343,0.17803725600242615
redkitchen,test,seq-12,redkitchen/seq-12/frame-000329.color.png,-1.2781695,-0.73511142,1.8504403,0.873111915,-0.018143268,0.453524728,0.177937424,-1.2553752660751343,-0.8116767406463623,1.6531643867492676,0.910290002822876,-0.031425174325704575,0.36672738194465637,0.18946123123168945
redkitchen,test,seq-12,redkitchen/seq-12/frame-000330.color.png,-1.2808335,-0.73771834,1.8426714,0.871989942,-0.021963816,0.45400344,0.181747099,-1.2642625570297241,-0.8152916431427002,1.637574315071106,0.9089234471321106,-0.0283646397292614,0.36601999402046204,0.19769428670406342
redkitchen,test,seq-12,redkitchen/seq-12/frame-000331.color.png,-1.2868379,-0.7406562,1.8327198,0.871631132,-0.024421783,0.453443052,0.184532234,-1.28114652633667,-0.825348436832428,1.5859168767929077,0.9104524850845337,-0.036198217421770096,0.3604356050491333,0.19963018596172333
redkitchen,test,seq-12,redkitchen/seq-12/frame-000332.color.png,-1.2898742,-0.74099135,1.8259586,0.870311307,-0.027257338,0.455405722,0.185528691,-1.2957764863967896,-0.7994508147239685,1.5774346590042114,0.9098559617996216,-0.04308395832777023,0.36795705556869507,0.18685169517993927
redkitchen,test,seq-12,redkitchen/seq-12/frame-000333.color.png,-1.2986029,-0.74354565,1.8099513,0.868584547,-0.032828348,0.456714289,0.189460396,-1.260880470275879,-0.8076043725013733,1.5149482488632202,0.9113015532493591,-0.03819338232278824,0.35779014229774475,0.200142502784729
redkitchen,test,seq-12,redkitchen/seq-12/frame-000334.color.png,-1.3041049,-0.74461943,1.801283,0.868323622,-0.034461265,0.45622186,0.191541438,-1.2744457721710205,-0.8166242241859436,1.5434150695800781,0.9084160923957825,-0.04101702943444252,0.3622910976409912,0.20455540716648102
redkitchen,test,seq-12,redkitchen/seq-12/frame-000335.color.png,-1.3071393,-0.74357319,1.7944825,0.867559142,-0.036710907,0.457025639,0.192668136,-1.3394310474395752,-0.8231020569801331,1.6008853912353516,0.9057753682136536,-0.04604005441069603,0.36936306953430176,0.20253914594650269
redkitchen,test,seq-12,redkitchen/seq-12/frame-000336.color.png,-1.3111032,-0.7405771,1.7857984,0.867306804,-0.040088684,0.456034237,0.19545992,-1.3762457370758057,-0.8565460443496704,1.5611602067947388,0.904626190662384,-0.05670870095491409,0.3736855685710907,0.19696347415447235
redkitchen,test,seq-12,redkitchen/seq-12/frame-000337.color.png,-1.3125626,-0.73902297,1.7769982,0.867131915,-0.045261148,0.454063095,0.199650634,-1.4056434631347656,-0.8548424243927002,1.5358115434646606,0.90141761302948,-0.06502161920070648,0.3786832392215729,0.19954313337802887
redkitchen,test,seq-12,redkitchen/seq-12/frame-000338.color.png,-1.3235735,-0.73764205,1.7561269,0.864583471,-0.054401365,0.452861431,0.210837469,-1.4145771265029907,-0.8687582015991211,1.567253828048706,0.9023717045783997,-0.07714179903268814,0.37142765522003174,0.2044893503189087
redkitchen,test,seq-12,redkitchen/seq-12/frame-000339.color.png,-1.3317856,-0.73695171,1.7445723,0.862730075,-0.058409009,0.454140796,0.214572464,-1.3779469728469849,-0.8686267733573914,1.6184132099151611,0.8996782898902893,-0.07640667259693146,0.37744805216789246,0.20560649037361145
redkitchen,test,seq-12,redkitchen/seq-12/frame-000340.color.png,-1.3359298,-0.73645175,1.736818,0.860573885,-0.0622442,0.456093038,0.217984836,-1.3387171030044556,-0.8917298913002014,1.529096007347107,0.9079049825668335,-0.08073469251394272,0.3568233549594879,0.20461589097976685
redkitchen,test,seq-12,redkitchen/seq-12/frame-000341.color.png,-1.3395872,-0.73889303,1.7285682,0.859554876,-0.065972402,0.455599806,0.221905102,-1.3365952968597412,-0.8678125739097595,1.4543797969818115,0.9123458862304688,-0.08399129658937454,0.3444523811340332,0.20475073158740997
redkitchen,test,seq-12,redkitchen/seq-12/frame-000342.color.png,-1.3424267,-0.74034071,1.7179172,0.859388091,-0.067413258,0.454178373,0.225010147,-1.2839288711547852,-0.8591587543487549,1.4804234504699707,0.9100856184959412,-0.0862407237291336,0.3500528335571289,0.20437616109848022
redkitchen,test,seq-12,redkitchen/seq-12/frame-000343.color.png,-1.3431941,-0.7400524,1.7094643,0.858532226,-0.067842828,0.455003751,0.226475947,-1.3125802278518677,-0.8935294151306152,1.5362924337387085,0.9111560583114624,-0.08345799148082733,0.3472084701061249,0.20561057329177856
redkitchen,test,seq-12,redkitchen/seq-12/frame-000344.color.png,-1.3512795,-0.74106705,1.6943362,0.857367367,-0.075165289,0.45630556,0.225957106,-1.3065332174301147,-0.8577265739440918,1.462456464767456,0.9139007925987244,-0.08534704893827438,0.34010520577430725,0.2045229822397232
redkitchen,test,seq-12,redkitchen/seq-12/frame-000345.color.png,-1.3519044,-0.7458151,1.6847361,0.856448172,-0.077748755,0.456617613,0.227929847,-1.254599928855896,-0.8411504030227661,1.431711196899414,0.914687991142273,-0.08735562115907669,0.33517780900001526,0.20825651288032532
redkitchen,test,seq-12,redkitchen/seq-12/frame-000346.color.png,-1.3538036,-0.74857277,1.677199,0.855834852,-0.077786446,0.457842637,0.227763244,-1.2639507055282593,-0.8587076663970947,1.431765079498291,0.9168109893798828,-0.08789592981338501,0.33013439178466797,0.20674417912960052
redkitchen,test,seq-12,redkitchen/seq-12/frame-000347.color.png,-1.3580129,-0.74799162,1.6699343,0.855278295,-0.078244899,0.459116972,0.227130754,-1.3175339698791504,-0.8662109375,1.5090299844741821,0.9160192012786865,-0.08146790415048599,0.33105817437171936,0.2113581746816635
redkitchen,test,seq-12,redkitchen/seq-12/frame-000348.color.png,-1.3635089,-0.7501747,1.6613942,0.853548362,-0.080065817,0.460920816,0.229339617,-1.2964166402816772,-0.8767567276954651,1.494818091392517,0.9140989184379578,-0.08308667689561844,0.3381046652793884,0.20785829424858093
redkitchen,test,seq-12,redkitchen/seq-12/frame-000349.color.png,-1.3661458,-0.75016803,1.6557399,0.850388453,-0.082115636,0.464701207,0.232699998,-1.2733371257781982,-0.8525630235671997,1.5025728940963745,0.9094113111495972,-0.08207741379737854,0.3385848104953766,0.22714468836784363
redkitchen,test,seq-12,redkitchen/seq-12/frame-000350.color.png,-1.3728876,-0.75147414,1.6518354,0.84564176,-0.086140125,0.46872299,0.240351099,-1.2829198837280273,-0.8539301753044128,1.5041991472244263,0.9048497080802917,-0.08424077928066254,0.3521566390991211,0.22391091287136078
redkitchen,test,seq-12,redkitchen/seq-12/frame-000351.color.png,-1.3823395,-0.76040548,1.6411266,0.835271419,-0.092156762,0.475535863,0.260181533,-1.1706693172454834,-0.8198587894439697,1.4374414682388306,0.8998225927352905,-0.07317952066659927,0.3630051910877228,0.23063258826732635
redkitchen,test,seq-12,redkitchen/seq-12/frame-000352.color.png,-1.3882376,-0.77051711,1.6338595,0.829916916,-0.092437037,0.479544343,0.269685984,-1.103500247001648,-0.7823053598403931,1.3302984237670898,0.9053422212600708,-0.07644354552030563,0.34893348813056946,0.22968941926956177
redkitchen,test,seq-12,redkitchen/seq-12/frame-000353.color.png,-1.3980144,-0.77798307,1.6292489,0.825996507,-0.08804724,0.485094172,0.273241831,-1.1536304950714111,-0.7596833109855652,1.3015071153640747,0.897738516330719,-0.0797661691904068,0.36067676544189453,0.24003183841705322
redkitchen,test,seq-12,redkitchen/seq-12/frame-000354.color.png,-1.4047447,-0.78101987,1.6251589,0.82374874,-0.08172102,0.49026419,0.272764941,-1.2128456830978394,-0.7486180067062378,1.302720546722412,0.8984167575836182,-0.07963038235902786,0.3602360486984253,0.23819397389888763
redkitchen,test,seq-12,redkitchen/seq-12/frame-000355.color.png,-1.4113952,-0.78355736,1.6227188,0.821682755,-0.077283871,0.495471876,0.270873169,-1.2800800800323486,-0.7955467700958252,1.3696812391281128,0.9003138542175293,-0.08330020308494568,0.35318952798843384,0.2403191179037094
redkitchen,test,seq-12,redkitchen/seq-12/frame-000356.color.png,-1.4182647,-0.78707123,1.6210185,0.819765345,-0.07296201,0.500796996,0.268074043,-1.3474639654159546,-0.7909491658210754,1.4008148908615112,0.8954618573188782,-0.06760600954294205,0.36828747391700745,0.2407112717628479
redkitchen,test,seq-12,redkitchen/seq-12/frame-000357.color.png,-1.4282117,-0.78882349,1.6213578,0.818965956,-0.068798511,0.505124092,0.263460015,-1.36294424533844,-0.7996203899383545,1.4580321311950684,0.8973307013511658,-0.0653291717171669,0.37314572930336,0.22647742927074432
redkitchen,test,seq-12,redkitchen/seq-12/frame-000358.color.png,-1.439697,-0.7889297,1.6168641,0.818082682,-0.06145556,0.51193595,0.254726366,-1.3420777320861816,-0.8147201538085938,1.427512526512146,0.8986828923225403,-0.05778105929493904,0.37237808108329773,0.2244216352701187
redkitchen,test,seq-12,redkitchen/seq-12/frame-000359.color.png,-1.4489882,-0.78660065,1.6172781,0.816075335,-0.059108895,0.517068655,0.251330842,-1.3131365776062012,-0.8673117756843567,1.4757068157196045,0.9053092002868652,-0.05593309551477432,0.35436177253723145,0.22740806639194489
redkitchen,test,seq-12,redkitchen/seq-12/frame-000360.color.png,-1.4561192,-0.78506249,1.6187221,0.813631053,-0.059146014,0.521587379,0.24990571,-1.3483928442001343,-0.8438940644264221,1.5486449003219604,0.8973376750946045,-0.04903125390410423,0.37150636315345764,0.2331611067056656
redkitchen,test,seq-12,redkitchen/seq-12/frame-000361.color.png,-1.4641013,-0.78522944,1.6207616,0.810561731,-0.05984713,0.52536285,0.251797294,-1.3437345027923584,-0.8134024143218994,1.536588191986084,0.8913654685020447,-0.04635561257600784,0.38604551553726196,0.23299720883369446
redkitchen,test,seq-12,redkitchen/seq-12/frame-000362.color.png,-1.4753275,-0.78528041,1.616002,0.807023061,-0.060245101,0.528301341,0.256869617,-1.2847234010696411,-0.7942638397216797,1.4967385530471802,0.8925678730010986,-0.044785939157009125,0.3838435709476471,0.23233790695667267
redkitchen,test,seq-12,redkitchen/seq-12/frame-000363.color.png,-1.483699,-0.78587729,1.6186575,0.804982801,-0.059456515,0.530702851,0.258499704,-1.2963730096817017,-0.7870585918426514,1.4829843044281006,0.8932825922966003,-0.045732468366622925,0.3824819028377533,0.23165136575698853
redkitchen,test,seq-12,redkitchen/seq-12/frame-000364.color.png,-1.491612,-0.78436416,1.6189952,0.803623771,-0.058578022,0.532203895,0.259839306,-1.2551825046539307,-0.795703113079071,1.512477159500122,0.8909683227539062,-0.040574293583631516,0.38751763105392456,0.2331506460905075
redkitchen,test,seq-12,redkitchen/seq-12/frame-000365.color.png,-1.4988911,-0.78154904,1.6152854,0.801797053,-0.058923559,0.534382871,0.260929965,-1.2967214584350586,-0.8299719095230103,1.5866302251815796,0.8918440937995911,-0.04262987896800041,0.3881083130836487,0.2284049689769745
redkitchen,test,seq-12,redkitchen/seq-12/frame-000366.color.png,-1.5072517,-0.7792359,1.6182295,0.797291153,-0.06003448,0.539649628,0.263630344,-1.2004811763763428,-0.7728502154350281,1.5309242010116577,0.8882322907447815,-0.042889609932899475,0.39710259437561035,0.22696556150913239
redkitchen,test,seq-12,redkitchen/seq-12/frame-000367.color.png,-1.5170904,-0.77917808,1.6209342,0.79236654,-0.062196237,0.544284332,0.268405404,-1.2570152282714844,-0.7372143268585205,1.4812943935394287,0.8852941393852234,-0.04425794258713722,0.40400734543800354,0.22599485516548157
redkitchen,test,seq-12,redkitchen/seq-12/frame-000368.color.png,-1.5301461,-0.7775749,1.6153557,0.785413876,-0.065916345,0.550446344,0.275297839,-1.2357385158538818,-0.7220584750175476,1.4852910041809082,0.8825745582580566,-0.05353134498000145,0.4113362431526184,0.22135737538337708
redkitchen,test,seq-12,redkitchen/seq-12/frame-000369.color.png,-1.5411937,-0.77901769,1.6206291,0.780855445,-0.066704436,0.555282254,0.278346745,-1.1803839206695557,-0.6837469339370728,1.4151288270950317,0.8783078789710999,-0.053742147982120514,0.42286521196365356,0.21649929881095886
redkitchen,test,seq-12,redkitchen/seq-12/frame-000370.color.png,-1.5502306,-0.77672946,1.6176045,0.778692298,-0.066707771,0.557036525,0.280889104,-1.1396230459213257,-0.6756762266159058,1.4041334390640259,0.8753153085708618,-0.05427911877632141,0.42635807394981384,0.2215757519006729
redkitchen,test,seq-12,redkitchen/seq-12/frame-000371.color.png,-1.5595211,-0.77363503,1.6184901,0.775926038,-0.067304896,0.559810983,0.282878944,-1.0632566213607788,-0.6319335699081421,1.374854564666748,0.8746258020401001,-0.04769373685121536,0.4317101538181305,0.21536357700824738
redkitchen,test,seq-12,redkitchen/seq-12/frame-000372.color.png,-1.5639725,-0.77268904,1.6164923,0.772889988,-0.069101707,0.561657915,0.287065163,-1.0540739297866821,-0.5785096883773804,1.3221877813339233,0.8718478083610535,-0.052309490740299225,0.4309803247451782,0.22671815752983093
redkitchen,test,seq-12,redkitchen/seq-12/frame-000373.color.png,-1.5743197,-0.77775675,1.6123662,0.768006235,-0.069860258,0.564334563,0.294639557,-0.9451816082000732,-0.5750163793563843,1.3144537210464478,0.8650002479553223,-0.04754828289151192,0.43741822242736816,0.24120323359966278
redkitchen,test,seq-12,redkitchen/seq-12/frame-000374.color.png,-1.5808785,-0.78046405,1.6085677,0.767719337,-0.068161539,0.565494747,0.293558709,-0.9396551251411438,-0.5275588035583496,1.3376624584197998,0.846120297908783,-0.05198834836483002,0.46453091502189636,0.256102979183197
redkitchen,test,seq-12,redkitchen/seq-12/frame-000375.color.png,-1.5864089,-0.78323829,1.6136179,0.768501634,-0.065714587,0.566713382,0.289694279,-0.9266555905342102,-0.5569223761558533,1.2887288331985474,0.8683388829231262,-0.048242345452308655,0.4350658059120178,0.23319073021411896
redkitchen,test,seq-12,redkitchen/seq-12/frame-000376.color.png,-1.5973338,-0.78009474,1.6151792,0.768379737,-0.06435305,0.568694094,0.286423275,-0.9119373559951782,-0.5801419615745544,1.2434265613555908,0.8710879683494568,-0.05505011975765228,0.428449422121048,0.23368003964424133
redkitchen,test,seq-12,redkitchen/seq-12/frame-000377.color.png,-1.5998948,-0.7750501,1.6051823,0.768002795,-0.065248654,0.569336197,0.285955615,-0.7868921160697937,-0.5942564010620117,1.304855465888977,0.875940203666687,-0.057126451283693314,0.4198632836341858,0.23060838878154755
redkitchen,test,seq-12,redkitchen/seq-12/frame-000378.color.png,-1.6080998,-0.77729636,1.6087688,0.764366877,-0.067351025,0.573043277,0.287799443,-0.849236011505127,-0.6597967147827148,1.3851317167282104,0.8452363610267639,-0.05741400271654129,0.459291934967041,0.26707711815834045
redkitchen,test,seq-12,redkitchen/seq-12/frame-000379.color.png,-1.5900379,-0.757213,1.5484923,0.774074248,-0.071702956,0.561892466,0.282744763,-0.5445747375488281,-0.6296606063842773,1.3776495456695557,0.8777039647102356,-0.037981197237968445,0.39634737372398376,0.2666493356227875
redkitchen,test,seq-12,redkitchen/seq-12/frame-000380.color.png,-1.5906271,-0.75823367,1.5450389,0.773454367,-0.071947896,0.56272936,0.282714538,-0.5288426280021667,-0.5796711444854736,1.3346949815750122,0.8981513381004333,-0.04389488697052002,0.3724938631057739,0.22944658994674683
redkitchen,test,seq-12,redkitchen/seq-12/frame-000381.color.png,-1.6002816,-0.75824594,1.5475882,0.77115627,-0.071468511,0.565422651,0.28373841,-0.6755696535110474,-0.5626060962677002,1.3447234630584717,0.8692855834960938,-0.046732574701309204,0.4134233593940735,0.2669076919555664
redkitchen,test,seq-12,redkitchen/seq-12/frame-000382.color.png,-1.6045178,-0.7568838,1.5435394,0.769317071,-0.071659259,0.566541962,0.286437429,-0.5456350445747375,-0.579278290271759,1.3320655822753906,0.9000863432884216,-0.052611541002988815,0.36367031931877136,0.23413801193237305
redkitchen,test,seq-12,redkitchen/seq-12/frame-000383.color.png,-1.6101605,-0.75559789,1.5393947,0.766016189,-0.072088115,0.56839577,0.291459689,-0.40821701288223267,-0.5522494316101074,1.2497416734695435,0.927423894405365,-0.06114891916513443,0.29713448882102966,0.21876199543476105
redkitchen,test,seq-12,redkitchen/seq-12/frame-000384.color.png,-1.6118194,-0.76096326,1.5419054,0.761444157,-0.072268359,0.570985153,0.298254982,-0.2694479823112488,-0.5368515849113464,1.1709084510803223,0.9661360383033752,-0.06020424887537956,0.1806417852640152,0.17414116859436035
redkitchen,test,seq-12,redkitchen/seq-12/frame-000385.color.png,-1.6195683,-0.75989336,1.5297453,0.758894735,-0.068676152,0.570860972,0.305745185,-0.23014263808727264,-0.5437930822372437,1.1817055940628052,0.9676098823547363,-0.06250116974115372,0.18396171927452087,0.16119156777858734
redkitchen,test,seq-12,redkitchen/seq-12/frame-000386.color.png,-1.6280739,-0.7645961,1.5329818,0.755028457,-0.06880153,0.573714369,0.309919671,-0.040229618549346924,-0.5956429839134216,1.1837440729141235,0.9889283776283264,-0.07280724495649338,0.08255363255739212,0.09952166676521301
redkitchen,test,seq-12,redkitchen/seq-12/frame-000387.color.png,-1.6331666,-0.76601338,1.5289466,0.752550361,-0.06961246,0.57579657,0.311898012,0.12244447320699692,-0.6147279739379883,1.0834628343582153,0.9965042471885681,-0.0818575844168663,-0.010231715627014637,0.013184362091124058
redkitchen,test,seq-12,redkitchen/seq-12/frame-000388.color.png,-1.640636,-0.76508462,1.5237417,0.749356631,-0.069932438,0.578655325,0.314216658,0.03800647705793381,-0.5951929688453674,1.102142095565796,0.993218183517456,-0.0950079932808876,0.04475666210055351,0.04988068342208862
redkitchen,test,seq-12,redkitchen/seq-12/frame-000389.color.png,-1.6496081,-0.76705211,1.522626,0.744466642,-0.070423142,0.582422899,0.318737457,-0.06746475398540497,-0.6144564151763916,1.1257368326187134,0.9854297041893005,-0.09274172782897949,0.10368002951145172,0.09786608815193176
redkitchen,test,seq-12,redkitchen/seq-12/frame-000390.color.png,-1.6494684,-0.77617145,1.5171254,0.737294251,-0.07376834,0.58643733,0.327179884,0.2047736942768097,-0.6172767877578735,1.095240831375122,0.9945216774940491,-0.08484166115522385,-0.06018508970737457,0.010317900218069553
redkitchen,test,seq-12,redkitchen/seq-12/frame-000391.color.png,-1.6585652,-0.78129965,1.5198333,0.732318585,-0.072799457,0.590361128,0.331486753,0.2618585228919983,-0.5802226662635803,1.088974118232727,0.9911606907844543,-0.09333771467208862,-0.09358808398246765,-0.011389958672225475
redkitchen,test,seq-12,redkitchen/seq-12/frame-000392.color.png,-1.6586555,-0.78463662,1.5196342,0.729618745,-0.071757064,0.592189693,0.33439315,0.22133049368858337,-0.6256590485572815,1.1243356466293335,0.9942588806152344,-0.08572894334793091,-0.06376435607671738,-0.005820197518914938
redkitchen,test,seq-12,redkitchen/seq-12/frame-000393.color.png,-1.6647228,-0.78339487,1.5151806,0.724207098,-0.072118366,0.5967248,0.337997832,0.02490408532321453,-0.6651154160499573,1.0770866870880127,0.9974825978279114,-0.06102658435702324,0.02334396168589592,0.027556922286748886
redkitchen,test,seq-12,redkitchen/seq-12/frame-000394.color.png,-1.670013,-0.78992516,1.5203028,0.714944488,-0.072213276,0.602861285,0.346695677,0.13534115254878998,-0.5631709694862366,1.065020203590393,0.9956138134002686,-0.08414485305547714,-0.039155010133981705,0.011819301173090935
redkitchen,test,seq-12,redkitchen/seq-12/frame-000395.color.png,-1.6752608,-0.79770339,1.5241482,0.708929156,-0.070516148,0.605209186,0.355202429,0.3369205594062805,-0.5874656438827515,1.0777066946029663,0.9852501749992371,-0.09250766783952713,-0.12922389805316925,-0.06344673037528992
redkitchen,test,seq-12,redkitchen/seq-12/frame-000396.color.png,-1.6787614,-0.80581832,1.5314939,0.705098795,-0.068706815,0.606960041,0.360159092,0.40827590227127075,-0.6012077331542969,1.0761537551879883,0.9789447784423828,-0.08789730817079544,-0.1645405888557434,-0.08287080377340317
redkitchen,test,seq-12,redkitchen/seq-12/frame-000397.color.png,-1.6857672,-0.81214112,1.5251081,0.704738339,-0.067547131,0.607754167,0.359744536,0.4244130849838257,-0.5785978436470032,1.072585940361023,0.9773005247116089,-0.09182398021221161,-0.17008157074451447,-0.08674297481775284
redkitchen,test,seq-12,redkitchen/seq-12/frame-000398.color.png,-1.6919649,-0.81597286,1.5304133,0.702122524,-0.066347184,0.610043057,0.361205593,0.4518227279186249,-0.5847092866897583,1.087227702140808,0.9730019569396973,-0.0892447829246521,-0.1908831000328064,-0.09416083991527557
redkitchen,test,seq-12,redkitchen/seq-12/frame-000399.color.png,-1.6918571,-0.8163321,1.5210799,0.703240362,-0.066503293,0.608096579,0.36228284,0.38158369064331055,-0.5846804976463318,1.0797839164733887,0.9804795384407043,-0.09013651311397552,-0.15718543529510498,-0.07634194940328598
redkitchen,test,seq-12,redkitchen/seq-12/frame-000400.color.png,-1.6938822,-0.81893253,1.5142915,0.702238305,-0.066352443,0.60850925,0.363559086,0.4895380437374115,-0.6256439685821533,1.082082748413086,0.9653414487838745,-0.09489210695028305,-0.2109537273645401,-0.12087135761976242
redkitchen,test,seq-12,redkitchen/seq-12/frame-000401.color.png,-1.6980429,-0.82358229,1.5172036,0.698242215,-0.065361846,0.612093868,0.365413102,0.5725014805793762,-0.614216148853302,1.091082215309143,0.956226646900177,-0.10297825932502747,-0.23940624296665192,-0.13308167457580566
redkitchen,test,seq-12,redkitchen/seq-12/frame-000402.color.png,-1.7047532,-0.82511717,1.5145336,0.697066541,-0.064321162,0.613476207,0.365524239,0.6460281610488892,-0.6382977962493896,1.1265463829040527,0.9423573613166809,-0.09752314537763596,-0.2809520661830902,-0.15335513651371002
redkitchen,test,seq-12,redkitchen/seq-12/frame-000403.color.png,-1.7139944,-0.82951015,1.5120341,0.697016863,-0.062443531,0.613928833,0.365184455,0.6414588689804077,-0.6003064513206482,1.106116771697998,0.94440758228302,-0.09362591058015823,-0.2773088216781616,-0.14976076781749725
redkitchen,test,seq-12,redkitchen/seq-12/frame-000404.color.png,-1.7170688,-0.83082736,1.5114816,0.695808351,-0.062889391,0.614554645,0.366358091,0.6746311187744141,-0.6189978122711182,1.1423965692520142,0.9412313103675842,-0.09369887411594391,-0.28469139337539673,-0.15574009716510773
redkitchen,test,seq-12,redkitchen/seq-12/frame-000405.color.png,-1.7200836,-0.83273852,1.511916,0.69407487,-0.063700193,0.614973359,0.36879551,0.6394425630569458,-0.6091038584709167,1.1341670751571655,0.9419346451759338,-0.10449343919754028,-0.2824740707874298,-0.14848768711090088
redkitchen,test,seq-12,redkitchen/seq-12/frame-000406.color.png,-1.7206279,-0.83773702,1.5141788,0.691217979,-0.064638621,0.615595824,0.372936102,0.6804742813110352,-0.6374195218086243,1.1517218351364136,0.9321725964546204,-0.09907535463571548,-0.3102407157421112,-0.15807899832725525
redkitchen,test,seq-12,redkitchen/seq-12/frame-000407.color.png,-1.7215444,-0.84195817,1.5125885,0.69023001,-0.066507844,0.61467509,0.375943843,0.7344802618026733,-0.6504139304161072,1.1295160055160522,0.9261008501052856,-0.10849673300981522,-0.3173114061355591,-0.1728559285402298
redkitchen,test,seq-12,redkitchen/seq-12/frame-000408.color.png,-1.7206647,-0.85204381,1.5116407,0.689758888,-0.070441756,0.613162819,0.378552496,0.6836915612220764,-0.6424061059951782,1.1244747638702393,0.9350695610046387,-0.10752465575933456,-0.2935786843299866,-0.1670176386833191
redkitchen,test,seq-12,redkitchen/seq-12/frame-000409.color.png,-1.7186624,-0.85803193,1.5103515,0.689466063,-0.072742222,0.612998833,0.378916282,0.6601700186729431,-0.6475335955619812,1.1284083127975464,0.9331525564193726,-0.10221673548221588,-0.30249467492103577,-0.16515140235424042
redkitchen,test,seq-12,redkitchen/seq-12/frame-000410.color.png,-1.7189292,-0.86204112,1.5071145,0.68905649,-0.074167814,0.612958646,0.379449585,0.6640594601631165,-0.65254145860672,1.129934310913086,0.9344799518585205,-0.10237598419189453,-0.29966631531715393,-0.16268528997898102
redkitchen,test,seq-12,redkitchen/seq-12/frame-000411.color.png,-1.7202268,-0.86914533,1.5130103,0.68750421,-0.074119702,0.61333767,0.381655778,0.6290539503097534,-0.668672502040863,1.1061701774597168,0.93927401304245,-0.11158369481563568,-0.28285735845565796,-0.1590757966041565
redkitchen,test,seq-12,redkitchen/seq-12/frame-000412.color.png,-1.7179027,-0.88122386,1.5204058,0.684516504,-0.074411224,0.614261081,0.385465239,0.628420352935791,-0.6504711508750916,1.1175090074539185,0.9395350813865662,-0.11030998826026917,-0.28340858221054077,-0.15743277966976166
redkitchen,test,seq-12,redkitchen/seq-12/frame-000413.color.png,-1.7152042,-0.88698715,1.518576,0.685101353,-0.073710296,0.61340174,0.385929054,0.6235290169715881,-0.653400719165802,1.138368010520935,0.9401159882545471,-0.10903714597225189,-0.28162577748298645,-0.1580495983362198
redkitchen,test,seq-12,redkitchen/seq-12/frame-000414.color.png,-1.7213938,-0.89507908,1.5188137,0.68407219,-0.07256836,0.612096718,0.390021384,0.6522997617721558,-0.6586698889732361,1.0753029584884644,0.931809663772583,-0.12184558063745499,-0.2928704619407654,-0.17638392746448517
redkitchen,test,seq-12,redkitchen/seq-12/frame-000415.color.png,-1.7170204,-0.90324706,1.521963,0.684536395,-0.073138483,0.610223204,0.392031029,0.5891643762588501,-0.647624135017395,1.0705021619796753,0.9357239007949829,-0.11785677075386047,-0.28846272826194763,-0.16528715193271637
redkitchen,test,seq-12,redkitchen/seq-12/frame-000416.color.png,-1.7185129,-0.90701526,1.5170591,0.686637581,-0.074422727,0.607681862,0.392062296,0.6040281057357788,-0.6517521142959595,1.1069056987762451,0.9346257448196411,-0.11695639044046402,-0.2925037145614624,-0.1650380790233612
redkitchen,test,seq-12,redkitchen/seq-12/frame-000417.color.png,-1.7211587,-0.91031021,1.5143269,0.686939379,-0.07568709,0.607122109,0.392158766,0.6356504559516907,-0.660849392414093,1.119560956954956,0.9257761836051941,-0.11599767208099365,-0.31374597549438477,-0.17619989812374115
redkitchen,test,seq-12,redkitchen/seq-12/frame-000418.color.png,-1.7234787,-0.91231376,1.5105693,0.687391853,-0.078688581,0.606469424,0.391784871,0.682981550693512,-0.6511658430099487,1.1164048910140991,0.9263851046562195,-0.11187835782766342,-0.3142366409301758,-0.17478357255458832
redkitchen,test,seq-12,redkitchen/seq-12/frame-000419.color.png,-1.7211128,-0.9188897,1.5081666,0.687823436,-0.082050803,0.604730215,0.393024114,0.6931620240211487,-0.6543293595314026,1.1439576148986816,0.9292405843734741,-0.11464166641235352,-0.2990683317184448,-0.184193953871727
redkitchen,test,seq-12,redkitchen/seq-12/frame-000420.color.png,-1.7224207,-0.92455608,1.5088776,0.688880679,-0.084243961,0.603222346,0.393025657,0.5832394361495972,-0.6600531935691833,1.1081047058105469,0.9415056705474854,-0.10952425003051758,-0.27236273884773254,-0.16549938917160034
redkitchen,test,seq-12,redkitchen/seq-12/frame-000421.color.png,-1.7238369,-0.92570633,1.5043944,0.69204231,-0.086541337,0.599802609,0.392205136,0.46779289841651917,-0.6077072024345398,1.1327301263809204,0.9637221097946167,-0.09808845818042755,-0.21489430963993073,-0.12425296008586884
redkitchen,test,seq-12,redkitchen/seq-12/frame-000422.color.png,-1.7168019,-0.9359442,1.4946593,0.691820405,-0.090360041,0.595348303,0.398472068,0.4679458737373352,-0.6195688843727112,1.1562349796295166,0.9691588878631592,-0.10355319082736969,-0.19016101956367493,-0.11767170578241348
redkitchen,test,seq-12,redkitchen/seq-12/frame-000423.color.png,-1.7133262,-0.94353062,1.5006179,0.68836376,-0.088546802,0.596741118,0.402759029,0.4962230324745178,-0.6242969632148743,1.14542555809021,0.9651795029640198,-0.10484856367111206,-0.2041914314031601,-0.1254638284444809
redkitchen,test,seq-12,redkitchen/seq-12/frame-000424.color.png,-1.7204132,-0.94210041,1.4950173,0.68942841,-0.08749989,0.594491923,0.404489295,0.4873175621032715,-0.6278505325317383,1.1581695079803467,0.9622928500175476,-0.09784071892499924,-0.2199254184961319,-0.12669847905635834
redkitchen,test,seq-12,redkitchen/seq-12/frame-000425.color.png,-1.7182944,-0.94757813,1.4975073,0.68736987,-0.086782026,0.593967591,0.408893681,0.4876147210597992,-0.5936650633811951,1.1595406532287598,0.9674496054649353,-0.09206291288137436,-0.20140139758586884,-0.12248741835355759
redkitchen,test,seq-12,redkitchen/seq-12/frame-000426.color.png,-1.7186664,-0.94905549,1.4923489,0.688688742,-0.087044039,0.591662398,0.409959459,0.6111977696418762,-0.6036772727966309,1.1895443201065063,0.9559610486030579,-0.09730193763971329,-0.23812143504619598,-0.14131203293800354
redkitchen,test,seq-12,redkitchen/seq-12/frame-000427.color.png,-1.7213051,-0.9477852,1.4878027,0.69187815,-0.087709788,0.589095435,0.40813991,0.5968992710113525,-0.6161146759986877,1.1710495948791504,0.9526705741882324,-0.0944642722606659,-0.24613161385059357,-0.15137526392936707
redkitchen,test,seq-12,redkitchen/seq-12/frame-000428.color.png,-1.7185882,-0.95750886,1.4906244,0.690160419,-0.089170951,0.589117144,0.410692255,0.6092323660850525,-0.631442129611969,1.1337435245513916,0.9520620107650757,-0.09898129105567932,-0.24621078372001648,-0.1521870642900467
redkitchen,test,seq-12,redkitchen/seq-12/frame-000429.color.png,-1.716769,-0.95997715,1.4855968,0.690757905,-0.090239242,0.588028627,0.411014268,0.5760573148727417,-0.6091665029525757,1.133809208869934,0.9581886529922485,-0.09976545721292496,-0.23071680963039398,-0.13671563565731049
redkitchen,test,seq-12,redkitchen/seq-12/frame-000430.color.png,-1.7182535,-0.96313053,1.4837708,0.690906951,-0.090785438,0.587612312,0.411238812,0.5768707990646362,-0.6159461140632629,1.1335623264312744,0.9589992761611938,-0.10153838247060776,-0.2241358608007431,-0.1406177282333374
redkitchen,test,seq-12,redkitchen/seq-12/frame-000431.color.png,-1.7189946,-0.96462476,1.4775574,0.69368461,-0.092037993,0.585099968,0.409864243,0.5680630207061768,-0.6131590604782104,1.1462810039520264,0.9583107829093933,-0.10400248318910599,-0.22471579909324646,-0.14257153868675232
redkitchen,test,seq-12,redkitchen/seq-12/frame-000432.color.png,-1.7171803,-0.97063512,1.4761488,0.693390137,-0.092757464,0.585211859,0.410040547,0.44485634565353394,-0.5869854092597961,1.1484469175338745,0.9640176892280579,-0.09352021664381027,-0.21391643583774567,-0.1271362602710724
redkitchen,test,seq-12,redkitchen/seq-12/frame-000433.color.png,-1.7219677,-0.98035461,1.4745516,0.694285445,-0.092030659,0.585527307,0.408235044,0.42641493678092957,-0.5885788202285767,1.1872267723083496,0.9635971784591675,-0.09949098527431488,-0.2152494639158249,-0.12348952889442444
redkitchen,test,seq-12,redkitchen/seq-12/frame-000434.color.png,-1.7224354,-0.98799479,1.4752219,0.692999936,-0.090979825,0.586347361,0.409475924,0.4002586901187897,-0.632782518863678,1.13004469871521,0.9612102508544922,-0.10744510591030121,-0.21725720167160034,-0.13164223730564117
redkitchen,test,seq-12,redkitchen/seq-12/frame-000435.color.png,-1.7249011,-0.9939608,1.4762131,0.692745009,-0.089424593,0.586616062,0.409864843,0.3996169865131378,-0.6258842945098877,1.1472704410552979,0.9569578766822815,-0.10533596575260162,-0.23889009654521942,-0.12675735354423523
redkitchen,test,seq-12,redkitchen/seq-12/frame-000436.color.png,-1.7242616,-1.0013075,1.4758857,0.692390477,-0.088442396,0.587070525,0.410026302,0.4559890627861023,-0.6501476168632507,1.2113010883331299,0.9420607089996338,-0.10310425609350204,-0.27754461765289307,-0.1576707810163498
redkitchen,test,seq-12,redkitchen/seq-12/frame-000437.color.png,-1.7238686,-1.0076406,1.4733071,0.691810708,-0.086797857,0.588685206,0.409040102,0.48566579818725586,-0.6608279943466187,1.1588690280914307,0.9424130320549011,-0.10322520136833191,-0.2741088569164276,-0.16145169734954834
redkitchen,test,seq-12,redkitchen/seq-12/frame-000438.color.png,-1.7240082,-1.0144784,1.4767781,0.690604899,-0.084456117,0.590710422,0.408648057,0.3097529709339142,-0.675552248954773,1.1092822551727295,0.9666892290115356,-0.1132463812828064,-0.19543242454528809,-0.1203889325261116
redkitchen,test,seq-12,redkitchen/seq-12/frame-000439.color.png,-1.7214254,-1.0265352,1.4767588,0.69237091,-0.079905873,0.591054905,0.406068557,0.2585832476615906,-0.634634792804718,1.1609822511672974,0.9683149456977844,-0.11171110719442368,-0.19751018285751343,-0.10429055988788605
redkitchen,test,seq-12,redkitchen/seq-12/frame-000440.color.png,-1.7236643,-1.0283108,1.4770179,0.693087512,-0.0778397,0.592240748,0.403511559,0.513463020324707,-0.6509554982185364,1.1684508323669434,0.9229534268379211,-0.12253893911838531,-0.31923529505729675,-0.1767200380563736
redkitchen,test,seq-12,redkitchen/seq-12/frame-000441.color.png,-1.7276099,-1.0294503,1.4676021,0.694190513,-0.077026807,0.592014213,0.402101448,0.4863913655281067,-0.6350942254066467,1.1076085567474365,0.9240903854370117,-0.1259952336549759,-0.314571738243103,-0.1767110973596573
redkitchen,test,seq-12,redkitchen/seq-12/frame-000442.color.png,-1.7279139,-1.0339345,1.4620382,0.694309546,-0.076016821,0.592992803,0.400643524,0.5451235175132751,-0.6403290033340454,1.082777500152588,0.9207567572593689,-0.11382795125246048,-0.321934312582016,-0.1887020468711853
redkitchen,test,seq-12,redkitchen/seq-12/frame-000443.color.png,-1.7314333,-1.0342021,1.4542291,0.696452372,-0.075080524,0.593929818,0.39568217,0.6056856513023376,-0.6799476146697998,1.1023578643798828,0.9076504707336426,-0.11241903156042099,-0.34697645902633667,-0.20770126581192017
redkitchen,test,seq-12,redkitchen/seq-12/frame-000444.color.png,-1.7359214,-1.0281136,1.4286549,0.704967952,-0.075176518,0.590177636,0.386081643,0.561893105506897,-0.6970836520195007,1.0791438817977905,0.925495445728302,-0.11975515633821487,-0.3124147951602936,-0.17752136290073395
redkitchen,test,seq-12,redkitchen/seq-12/frame-000445.color.png,-1.7327628,-1.0304459,1.4148617,0.709051735,-0.075509568,0.586808506,0.383666156,0.6019688248634338,-0.7143397927284241,1.1302580833435059,0.9004487991333008,-0.10986942052841187,-0.3628336489200592,-0.21324259042739868
redkitchen,test,seq-12,redkitchen/seq-12/frame-000446.color.png,-1.7317859,-1.034005,1.4062003,0.711400591,-0.073756091,0.586436648,0.380212173,0.43995678424835205,-0.658815324306488,1.1742722988128662,0.9389116764068604,-0.08396157622337341,-0.2870389521121979,-0.17030537128448486
redkitchen,test,seq-12,redkitchen/seq-12/frame-000447.color.png,-1.7397484,-1.0324156,1.4065447,0.712969254,-0.071248935,0.587792561,0.375630586,0.519975483417511,-0.7061859369277954,1.1641932725906372,0.9326896667480469,-0.11588483303785324,-0.28958427906036377,-0.18111267685890198
redkitchen,test,seq-12,redkitchen/seq-12/frame-000448.color.png,-1.7412547,-1.0397806,1.3975855,0.714803562,-0.06857819,0.585992694,0.375453677,0.566282331943512,-0.709341824054718,1.1414679288864136,0.9106283783912659,-0.11036475002765656,-0.34342408180236816,-0.2015824168920517
redkitchen,test,seq-12,redkitchen/seq-12/frame-000449.color.png,-1.7419938,-1.0466745,1.3980759,0.713679473,-0.065466862,0.587134309,0.37636286,0.47930708527565,-0.705443263053894,1.1348223686218262,0.9325876832008362,-0.09790672361850739,-0.29799169301986694,-0.17859265208244324
redkitchen,test,seq-12,redkitchen/seq-12/frame-000450.color.png,-1.7445701,-1.0575405,1.4141201,0.7110464,-0.063207222,0.591297225,0.37521388,0.46659618616104126,-0.723703145980835,1.1763975620269775,0.9387297034263611,-0.1057056337594986,-0.28241071105003357,-0.16690438985824585
redkitchen,test,seq-12,redkitchen/seq-12/frame-000451.color.png,-1.741757,-1.0636947,1.417231,0.712155245,-0.06162015,0.59138968,0.373223942,0.35541006922721863,-0.743101179599762,1.1408268213272095,0.9461361169815063,-0.11974722146987915,-0.25760114192962646,-0.15533432364463806
redkitchen,test,seq-12,redkitchen/seq-12/frame-000452.color.png,-1.738795,-1.07147,1.4051763,0.718619037,-0.055503721,0.588513464,0.366275742,0.22538043558597565,-0.7835074663162231,1.2306020259857178,0.9550423622131348,-0.11639134585857391,-0.2315339893102646,-0.1440110206604004
redkitchen,test,seq-12,redkitchen/seq-12/frame-000453.color.png,-1.7421077,-1.0724002,1.4079337,0.719818005,-0.051895353,0.590061368,0.361934379,0.28875136375427246,-0.8110606670379639,1.185461401939392,0.9455533623695374,-0.12633267045021057,-0.2620087265968323,-0.14601463079452515
redkitchen,test,seq-12,redkitchen/seq-12/frame-000454.color.png,-1.7409998,-1.0756047,1.4101563,0.719825825,-0.050351996,0.591123045,0.36040117,0.3551933467388153,-0.8125812411308289,1.1751750707626343,0.9428256154060364,-0.1408173143863678,-0.25427067279815674,-0.1630849838256836
redkitchen,test,seq-12,redkitchen/seq-12/frame-000455.color.png,-1.7359264,-1.0826552,1.4097453,0.721682253,-0.049223988,0.590851104,0.357276779,0.4850514531135559,-0.8284256458282471,1.2300134897232056,0.9487831592559814,-0.11799268424510956,-0.24739810824394226,-0.1571064591407776
redkitchen,test,seq-12,redkitchen/seq-12/frame-000456.color.png,-1.737826,-1.089391,1.4175459,0.721414094,-0.048773349,0.591649577,0.35655805,0.4584504961967468,-0.8401090502738953,1.249373197555542,0.9591864347457886,-0.11201803386211395,-0.21953824162483215,-0.13862302899360657
redkitchen,test,seq-12,redkitchen/seq-12/frame-000457.color.png,-1.7344896,-1.0917453,1.4180466,0.723800951,-0.048453592,0.589635826,0.355097207,0.39140307903289795,-0.8489692807197571,1.2514722347259521,0.9538870453834534,-0.1185777336359024,-0.23701177537441254,-0.14094077050685883
redkitchen,test,seq-12,redkitchen/seq-12/frame-000458.color.png,-1.7404149,-1.1083554,1.4424267,0.720797729,-0.047364706,0.592429051,0.356700208,0.29237377643585205,-0.7996946573257446,1.233821153640747,0.9816951751708984,-0.1005987897515297,-0.13735924661159515,-0.08536296337842941
redkitchen,test,seq-12,redkitchen/seq-12/frame-000459.color.png,-1.7410361,-1.1141104,1.4520211,0.719029359,-0.047288833,0.593810648,0.357979693,0.296935498714447,-0.8323771357536316,1.250496506690979,0.9762793779373169,-0.09705211222171783,-0.16358010470867157,-0.10344600677490234
redkitchen,test,seq-12,redkitchen/seq-12/frame-000460.color.png,-1.7412996,-1.1192902,1.4586561,0.718385636,-0.047862633,0.593697757,0.359380328,0.34807145595550537,-0.8228185772895813,1.2705460786819458,0.9701393246650696,-0.09841287136077881,-0.19580700993537903,-0.10394325852394104
redkitchen,test,seq-12,redkitchen/seq-12/frame-000461.color.png,-1.7348267,-1.123405,1.4570545,0.720723409,-0.049172948,0.591199901,0.358639744,0.37194356322288513,-0.8102586269378662,1.2832094430923462,0.9687257409095764,-0.09188112616539001,-0.20557107031345367,-0.10425375401973724
redkitchen,test,seq-12,redkitchen/seq-12/frame-000462.color.png,-1.7308614,-1.1245637,1.4610339,0.721290911,-0.049575134,0.590027426,0.359373572,0.3217202425003052,-0.8459699749946594,1.3405872583389282,0.9753696322441101,-0.10318247228860855,-0.17504267394542694,-0.08583366870880127
redkitchen,test,seq-12,redkitchen/seq-12/frame-000463.color.png,-1.7270901,-1.1281323,1.4607706,0.723209584,-0.050125667,0.586562444,0.361109145,0.19452637434005737,-0.8271635174751282,1.3101696968078613,0.9964555501937866,-0.07909934967756271,-0.023170869797468185,0.016810419037938118
redkitchen,test,seq-12,redkitchen/seq-12/frame-000464.color.png,-1.7123766,-1.1247398,1.4532307,0.728235133,-0.050570762,0.58036005,0.360968698,-0.012340962886810303,-0.7713831067085266,1.2456374168395996,0.9895235896110535,-0.0669107735157013,0.09227132052183151,0.08861178904771805
redkitchen,test,seq-12,redkitchen/seq-12/frame-000465.color.png,-1.7072781,-1.1252621,1.4505434,0.729655438,-0.051810099,0.5774979,0.362511835,-0.03779604285955429,-0.7618345022201538,1.2658171653747559,0.9826061725616455,-0.06262361258268356,0.12700024247169495,0.12014299631118774
redkitchen,test,seq-12,redkitchen/seq-12/frame-000466.color.png,-1.699296,-1.1233355,1.4456019,0.731612848,-0.05232487,0.575075735,0.362343273,-0.16875533759593964,-0.7720384001731873,1.3355445861816406,0.9579307436943054,-0.05922014266252518,0.2110079675912857,0.18530309200286865
redkitchen,test,seq-12,redkitchen/seq-12/frame-000467.color.png,-1.6885408,-1.113045,1.4392549,0.733353997,-0.053428661,0.572506228,0.362731186,-0.181804358959198,-0.7778117656707764,1.3736099004745483,0.9536352157592773,-0.055306971073150635,0.22125522792339325,0.19638538360595703
redkitchen,test,seq-12,redkitchen/seq-12/frame-000468.color.png,-1.6816213,-1.1108402,1.4306417,0.734443371,-0.054891196,0.570211491,0.363921348,-0.2552151381969452,-0.7862108945846558,1.376455545425415,0.9347462058067322,-0.05633600428700447,0.26814109086990356,0.2262214720249176
redkitchen,test,seq-12,redkitchen/seq-12/frame-000469.color.png,-1.6734394,-1.1068151,1.4228457,0.736542319,-0.056295319,0.569082904,0.361221397,-0.2677410840988159,-0.7961482405662537,1.4120837450027466,0.927670419216156,-0.05591392144560814,0.2739711105823517,0.24746938049793243
redkitchen,test,seq-12,redkitchen/seq-12/frame-000470.color.png,-1.6632524,-1.096872,1.4232081,0.738352173,-0.058529798,0.56788056,0.359057098,-0.26272302865982056,-0.7670729756355286,1.4365835189819336,0.9433329701423645,-0.04412827268242836,0.24374622106552124,0.22082436084747314
redkitchen,test,seq-12,redkitchen/seq-12/frame-000471.color.png,-1.6519442,-1.0922192,1.4156672,0.740965827,-0.06113354,0.564308694,0.358870494,-0.23146076500415802,-0.7699742913246155,1.4080232381820679,0.9429177045822144,-0.056570496410131454,0.24850957095623016,0.21435712277889252
redkitchen,test,seq-12,redkitchen/seq-12/frame-000472.color.png,-1.6405498,-1.086302,1.4096488,0.744153694,-0.06395944,0.560564658,0.357647498,-0.27573826909065247,-0.7551502585411072,1.3920624256134033,0.9377443790435791,-0.059349995106458664,0.26624321937561035,0.21500620245933533
redkitchen,test,seq-12,redkitchen/seq-12/frame-000473.color.png,-1.6336025,-1.0805876,1.4022889,0.747099431,-0.066643745,0.557244482,0.356201682,-0.39419832825660706,-0.7468266487121582,1.4118750095367432,0.9131761789321899,-0.053610146045684814,0.3230499029159546,0.2426397204399109
redkitchen,test,seq-12,redkitchen/seq-12/frame-000474.color.png,-1.623014,-1.0706804,1.3927741,0.749506847,-0.068458563,0.554388835,0.355254741,-0.41345512866973877,-0.7100579738616943,1.3294107913970947,0.917486310005188,-0.05440543591976166,0.32220861315727234,0.22680507600307465
redkitchen,test,seq-12,redkitchen/seq-12/frame-000475.color.png,-1.6157368,-1.0677073,1.3914927,0.751006709,-0.069459436,0.552684037,0.354548538,-0.5329615473747253,-0.7088842988014221,1.3417928218841553,0.9077330231666565,-0.038675229996442795,0.3460770845413208,0.23399943113327026
redkitchen,test,seq-12,redkitchen/seq-12/frame-000476.color.png,-1.6074376,-1.0632465,1.3874958,0.753671252,-0.070881843,0.550091592,0.352639545,-0.6929633617401123,-0.7162381410598755,1.324565052986145,0.8940780758857727,-0.04512929171323776,0.3755231499671936,0.23993775248527527
redkitchen,test,seq-12,redkitchen/seq-12/frame-000477.color.png,-1.587658,-1.0484135,1.3693907,0.760270552,-0.07281861,0.543158867,0.348804505,-0.9735713601112366,-0.7033240795135498,1.3723031282424927,0.8624995946884155,-0.031117316335439682,0.42342111468315125,0.275392085313797
redkitchen,test,seq-12,redkitchen/seq-12/frame-000478.color.png,-1.58234,-1.0450553,1.3631728,0.762359283,-0.074609964,0.541323015,0.346714682,-1.0940332412719727,-0.717721164226532,1.4326443672180176,0.8440108895301819,-0.031855836510658264,0.4502659738063812,0.28964003920555115
redkitchen,test,seq-12,redkitchen/seq-12/frame-000479.color.png,-1.5770142,-1.0391952,1.3609318,0.764595992,-0.075289604,0.540711215,0.342572367,-1.0992982387542725,-0.7507326602935791,1.445199966430664,0.8454189896583557,-0.027684077620506287,0.44540849328041077,0.2934477925300598
redkitchen,test,seq-12,redkitchen/seq-12/frame-000480.color.png,-1.570266,-1.0314484,1.3600253,0.766578006,-0.076503572,0.539635272,0.339557267,-1.2111890316009521,-0.7819826006889343,1.464179277420044,0.8317283391952515,-0.028179598972201347,0.46389028429985046,0.3037099242210388
redkitchen,test,seq-12,redkitchen/seq-12/frame-000481.color.png,-1.5554183,-1.0270851,1.3610882,0.771894007,-0.077995492,0.53298016,0.337681054,-1.1580655574798584,-0.7473330497741699,1.5149691104888916,0.8244178891181946,-0.03159122169017792,0.4799654483795166,0.29827871918678284
redkitchen,test,seq-12,redkitchen/seq-12/frame-000482.color.png,-1.538695,-1.018607,1.3513824,0.778397844,-0.077048403,0.526363806,0.333318891,-1.2158195972442627,-0.7756246328353882,1.4742112159729004,0.8423588871955872,-0.03234269097447395,0.45814773440361023,0.2819330096244812
redkitchen,test,seq-12,redkitchen/seq-12/frame-000483.color.png,-1.5255877,-1.0107327,1.3437327,0.78368019,-0.077342605,0.521676042,0.328203578,-1.2872215509414673,-0.8115068078041077,1.4986519813537598,0.8585109710693359,-0.035378869622945786,0.4365982115268707,0.26662594079971313
redkitchen,test,seq-12,redkitchen/seq-12/frame-000484.color.png,-1.5166366,-1.0037439,1.3386837,0.78855569,-0.077321962,0.51793512,0.322404171,-1.2821834087371826,-0.8409538269042969,1.5970498323440552,0.8563099503517151,-0.02806582860648632,0.43889379501342773,0.2707725465297699
redkitchen,test,seq-12,redkitchen/seq-12/frame-000485.color.png,-1.4999002,-0.98491347,1.3276937,0.800411974,-0.074977277,0.506516403,0.311705332,-1.265847086906433,-0.8422190546989441,1.6137961149215698,0.8590862154960632,-0.03219769895076752,0.4301411509513855,0.2755226194858551
redkitchen,test,seq-12,redkitchen/seq-12/frame-000486.color.png,-1.4905993,-0.97659558,1.3196757,0.8065184,-0.074717354,0.499527772,0.307274133,-1.2920454740524292,-0.8751300573348999,1.6125530004501343,0.865632951259613,-0.035153377801179886,0.4135414958000183,0.2800486385822296
redkitchen,test,seq-12,redkitchen/seq-12/frame-000487.color.png,-1.4789565,-0.9678539,1.3095198,0.812893998,-0.074614326,0.492505481,0.301785356,-1.2721681594848633,-0.8617162704467773,1.6153209209442139,0.864363431930542,-0.032439567148685455,0.41677796840667725,0.27949902415275574
redkitchen,test,seq-12,redkitchen/seq-12/frame-000488.color.png,-1.469875,-0.95868582,1.3048687,0.817830022,-0.074171894,0.487718011,0.296283189,-1.2885589599609375,-0.8900848627090454,1.621285319328308,0.8716755509376526,-0.03812827542424202,0.40712738037109375,0.27013927698135376
redkitchen,test,seq-12,redkitchen/seq-12/frame-000489.color.png,-1.4593624,-0.94866157,1.2972963,0.822822314,-0.075411095,0.482523332,0.290599104,-1.367098331451416,-0.9048093557357788,1.6158249378204346,0.8791425228118896,-0.04467111825942993,0.3975456655025482,0.25897958874702454
redkitchen,test,seq-12,redkitchen/seq-12/frame-000490.color.png,-1.4395472,-0.93098575,1.2846901,0.82949186,-0.07985708,0.475518026,0.281866472,-1.3939368724822998,-0.9150363206863403,1.6045539379119873,0.8830990791320801,-0.0500042550265789,0.3885549306869507,0.258186936378479
redkitchen,test,seq-12,redkitchen/seq-12/frame-000491.color.png,-1.4310447,-0.92237061,1.2844436,0.831587705,-0.082727158,0.473251164,0.278660082,-1.3954964876174927,-0.8785198926925659,1.5402947664260864,0.8850791454315186,-0.055059466511011124,0.3896925747394562,0.24848145246505737
redkitchen,test,seq-12,redkitchen/seq-12/frame-000492.color.png,-1.4188628,-0.91843021,1.278908,0.834730968,-0.086316058,0.467266721,0.278272459,-1.3808406591415405,-0.8805240988731384,1.5056098699569702,0.8859167098999023,-0.061235297471284866,0.3801201283931732,0.25867071747779846
redkitchen,test,seq-12,redkitchen/seq-12/frame-000493.color.png,-1.4031447,-0.91465718,1.2710717,0.839505802,-0.086937676,0.460327833,0.275263754,-1.4181718826293945,-0.8638258576393127,1.5758709907531738,0.8909448981285095,-0.0583401657640934,0.3763192892074585,0.24738119542598724
redkitchen,test,seq-12,redkitchen/seq-12/frame-000494.color.png,-1.3903109,-0.90433174,1.2623767,0.844884975,-0.085808078,0.45436842,0.268990133,-1.4418138265609741,-0.8819293975830078,1.5868933200836182,0.8908637166023254,-0.055268172174692154,0.3738133907318115,0.2521326243877411
redkitchen,test,seq-12,redkitchen/seq-12/frame-000495.color.png,-1.3827167,-0.8946104,1.2548121,0.849860031,-0.08555774,0.448721969,0.262804861,-1.45913565158844,-0.8616529703140259,1.596208095550537,0.8915435075759888,-0.061379000544548035,0.3740670382976532,0.24790433049201965
redkitchen,test,seq-12,redkitchen/seq-12/frame-000496.color.png,-1.3607198,-0.87812668,1.2420753,0.858764805,-0.085526989,0.438321594,0.251161947,-1.4304269552230835,-0.8516870141029358,1.5702464580535889,0.8974976539611816,-0.06830516457557678,0.36252477765083313,0.24167753756046295
redkitchen,test,seq-12,redkitchen/seq-12/frame-000497.color.png,-1.3522934,-0.87048084,1.2373747,0.862565049,-0.085130872,0.43318863,0.24714749,-1.4439306259155273,-0.8141396045684814,1.548427939414978,0.8984202742576599,-0.07244423031806946,0.36149874329566956,0.23856128752231598
redkitchen,test,seq-12,redkitchen/seq-12/frame-000498.color.png,-1.3410863,-0.86456758,1.2307328,0.867106644,-0.084770298,0.426323795,0.243286016,-1.4952552318572998,-0.7959282994270325,1.5661506652832031,0.8986025452613831,-0.07469584047794342,0.36615070700645447,0.22992976009845734
redkitchen,test,seq-12,redkitchen/seq-12/frame-000499.color.png,-1.331026,-0.85897005,1.2213989,0.87221982,-0.083524183,0.418446384,0.239079318,-1.4977589845657349,-0.8106663823127747,1.55464506149292,0.8997288346290588,-0.08079449087381363,0.36278536915779114,0.2287950962781906
redkitchen,test,seq-12,redkitchen/seq-12/frame-000500.color.png,-1.321123,-0.85272139,1.2138597,0.877010496,-0.082462448,0.411355696,0.23417734,-1.441206932067871,-0.8228131532669067,1.5206083059310913,0.8989422917366028,-0.08311031758785248,0.36327141523361206,0.23028074204921722
redkitchen,test,seq-12,redkitchen/seq-12/frame-000501.color.png,-1.3165627,-0.84350425,1.2043952,0.881428941,-0.081924897,0.404746989,0.229240501,-1.411685824394226,-0.8488742709159851,1.4938479661941528,0.9006140232086182,-0.08303792774677277,0.35678738355636597,0.2338840663433075
redkitchen,test,seq-12,redkitchen/seq-12/frame-000502.color.png,-1.2941686,-0.83345675,1.1866904,0.889952015,-0.083300454,0.39165677,0.218292051,-1.4273627996444702,-0.798522412776947,1.5088579654693604,0.9051202535629272,-0.086632139980793,0.3500204384326935,0.22525082528591156
redkitchen,test,seq-12,redkitchen/seq-12/frame-000503.color.png,-1.2833314,-0.82441336,1.1766806,0.89397591,-0.084084547,0.385711948,0.212045171,-1.427329659461975,-0.8100793361663818,1.4479970932006836,0.9064046740531921,-0.08517156541347504,0.350345253944397,0.2200787514448166
redkitchen,test,seq-12,redkitchen/seq-12/frame-000504.color.png,-1.275279,-0.82077807,1.1673007,0.896658768,-0.084116156,0.381004814,0.209195741,-1.4444514513015747,-0.791167676448822,1.482547640800476,0.9071075916290283,-0.08488011360168457,0.35225367546081543,0.21416965126991272
redkitchen,test,seq-12,redkitchen/seq-12/frame-000505.color.png,-1.2674006,-0.81455153,1.1585261,0.900386325,-0.08165104,0.375628084,0.203816377,-1.3964589834213257,-0.7796354293823242,1.4718207120895386,0.9095352292060852,-0.08725987374782562,0.34561702609062195,0.21372903883457184
redkitchen,test,seq-12,redkitchen/seq-12/frame-000506.color.png,-1.2591094,-0.80455375,1.1476796,0.904806471,-0.080211728,0.368950575,0.196892869,-1.3954542875289917,-0.7660704255104065,1.4239815473556519,0.9143114686012268,-0.0824357345700264,0.3376232385635376,0.20796477794647217
redkitchen,test,seq-12,redkitchen/seq-12/frame-000507.color.png,-1.2491467,-0.79894209,1.1364132,0.908530777,-0.079985772,0.362201547,0.192312615,-1.3857566118240356,-0.757294237613678,1.4467964172363281,0.9146365523338318,-0.08300191909074783,0.33917710185050964,0.2037390172481537
redkitchen,test,seq-12,redkitchen/seq-12/frame-000508.color.png,-1.2423503,-0.7951473,1.1277292,0.912261477,-0.078310535,0.355846657,0.187135285,-1.3841320276260376,-0.74711012840271,1.4321863651275635,0.9182460308074951,-0.08630329370498657,0.3337881565093994,0.19483686983585358
redkitchen,test,seq-12,redkitchen/seq-12/frame-000509.color.png,-1.2323326,-0.78711772,1.115732,0.916925104,-0.075462569,0.347848726,0.180430092,-1.3774281740188599,-0.7333430051803589,1.3874331712722778,0.9196343421936035,-0.08094795793294907,0.33442559838294983,0.18941906094551086
redkitchen,test,seq-12,redkitchen/seq-12/frame-000510.color.png,-1.2219431,-0.78029889,1.101972,0.921307253,-0.073296522,0.339660279,0.174503467,-1.3809106349945068,-0.7227577567100525,1.3579283952713013,0.9266893863677979,-0.08271747827529907,0.3182656466960907,0.181965634226799
redkitchen,test,seq-12,redkitchen/seq-12/frame-000511.color.png,-1.2214332,-0.77283907,1.0921801,0.925242481,-0.070018881,0.333158937,0.167418129,-1.3819665908813477,-0.7034662961959839,1.3705943822860718,0.9305379986763,-0.07621950656175613,0.3113023042678833,0.17714518308639526
redkitchen,test,seq-12,redkitchen/seq-12/frame-000512.color.png,-1.213419,-0.76153922,1.07853,0.929417625,-0.066095127,0.325090726,0.161648794,-1.3099536895751953,-0.7039600610733032,1.3177833557128906,0.9380217790603638,-0.06709040701389313,0.29739996790885925,0.16482485830783844
redkitchen,test,seq-12,redkitchen/seq-12/frame-000513.color.png,-1.1983197,-0.73733813,1.0468141,0.937770731,-0.057423531,0.304951613,0.155862465,-1.2892918586730957,-0.67767733335495,1.2843419313430786,0.9404136538505554,-0.062139324843883514,0.2924695611000061,0.16193391382694244
redkitchen,test,seq-12,redkitchen/seq-12/frame-000514.color.png,-1.1795235,-0.72694647,1.0315042,0.94151215,-0.05493259,0.295357685,0.152647044,-1.2465447187423706,-0.7209914326667786,1.2382094860076904,0.9494839906692505,-0.06600993871688843,0.2652575969696045,0.15414662659168243
redkitchen,test,seq-12,redkitchen/seq-12/frame-000515.color.png,-1.1729597,-0.71448177,1.0163313,0.944313222,-0.051916631,0.28815029,0.150155295,-1.2485679388046265,-0.7140704989433289,1.2304506301879883,0.9477830529212952,-0.06350147724151611,0.2729240357875824,0.15227416157722473
redkitchen,test,seq-12,redkitchen/seq-12/frame-000516.color.png,-1.1636546,-0.70345879,1.0022177,0.946629324,-0.050361393,0.28095961,0.149727587,-1.2336169481277466,-0.7082076668739319,1.2106565237045288,0.9444677233695984,-0.05724035203456879,0.28339144587516785,0.15618455410003662
redkitchen,test,seq-12,redkitchen/seq-12/frame-000517.color.png,-1.1573232,-0.69224554,0.98856837,0.948779723,-0.049963546,0.274015478,0.149118071,-1.1820956468582153,-0.7014613747596741,1.1334857940673828,0.9455658197402954,-0.06274259090423584,0.2786412835121155,0.155973881483078
redkitchen,test,seq-12,redkitchen/seq-12/frame-000518.color.png,-1.1480503,-0.68272734,0.974235,0.950870072,-0.050292476,0.267083745,0.148266809,-1.1985896825790405,-0.7004488110542297,1.1289273500442505,0.9463432431221008,-0.06624315679073334,0.2774363160133362,0.1519055813550949
redkitchen,test,seq-12,redkitchen/seq-12/frame-000519.color.png,-1.1441957,-0.67373681,0.95856661,0.953184861,-0.05004372,0.25973435,0.146534342,-1.1924080848693848,-0.696176290512085,1.1072883605957031,0.9488650560379028,-0.07387135922908783,0.26989102363586426,0.14614026248455048
redkitchen,test,seq-12,redkitchen/seq-12/frame-000520.color.png,-1.143326,-0.66073567,0.94193619,0.955803899,-0.049737633,0.252353651,0.14241738,-1.2009594440460205,-0.7112964391708374,1.064809799194336,0.9524974226951599,-0.07761295884847641,0.2595180869102478,0.13919520378112793
redkitchen,test,seq-12,redkitchen/seq-12/frame-000521.color.png,-1.1554002,-0.6475175,0.92412412,0.958319905,-0.051534741,0.244359179,0.138764988,-1.189651608467102,-0.7272307872772217,1.0561641454696655,0.9541566967964172,-0.08176328986883163,0.2530451714992523,0.13736072182655334
redkitchen,test,seq-12,redkitchen/seq-12/frame-000522.color.png,-1.1503904,-0.63855469,0.90966338,0.959872724,-0.055187052,0.238259128,0.137227293,-1.1758854389190674,-0.714576244354248,1.0172230005264282,0.9532936811447144,-0.08742118626832962,0.2528901696205139,0.14012548327445984
redkitchen,test,seq-12,redkitchen/seq-12/frame-000523.color.png,-1.1423955,-0.63053674,0.89409482,0.961345909,-0.058463222,0.231927645,0.136402579,-1.129295825958252,-0.680759847164154,1.0178604125976562,0.9549227952957153,-0.08310814946889877,0.24798952043056488,0.140415757894516
redkitchen,test,seq-12,redkitchen/seq-12/frame-000524.color.png,-1.1343709,-0.62229735,0.87765872,0.962895765,-0.061414769,0.225826679,0.134395993,-1.146053433418274,-0.6803727746009827,0.9856284856796265,0.9571115374565125,-0.08888756483793259,0.23798349499702454,0.13928544521331787
redkitchen,test,seq-12,redkitchen/seq-12/frame-000525.color.png,-1.1275959,-0.61586136,0.86275643,0.964337243,-0.064219563,0.219939155,0.132500181,-1.136570930480957,-0.6660529375076294,0.9386698007583618,0.9571543335914612,-0.09238516539335251,0.23886756598949432,0.13514026999473572
redkitchen,test,seq-12,redkitchen/seq-12/frame-000526.color.png,-1.1205397,-0.60709792,0.84572887,0.966048472,-0.065953388,0.213423572,0.129810934,-1.1340680122375488,-0.6754417419433594,0.9171313643455505,0.9606907963752747,-0.09654422849416733,0.22531452775001526,0.13032911717891693
redkitchen,test,seq-12,redkitchen/seq-12/frame-000527.color.png,-1.1131011,-0.59942365,0.83119184,0.967381174,-0.068672436,0.208465792,0.126490211,-1.1502635478973389,-0.6765021681785583,0.8891805410385132,0.9622410535812378,-0.1000969186425209,0.22051012516021729,0.12429012358188629
redkitchen,test,seq-12,redkitchen/seq-12/frame-000528.color.png,-1.1047337,-0.59159195,0.81607127,0.968528818,-0.07084783,0.203284455,0.124931759,-1.161163568496704,-0.6456101536750793,0.8498942852020264,0.96169513463974,-0.09868673980236053,0.22472785413265228,0.12206869572401047
redkitchen,test,seq-12,redkitchen/seq-12/frame-000529.color.png,-1.0962998,-0.58522528,0.80041713,0.970055102,-0.072744336,0.196421005,0.122964017,-1.1676024198532104,-0.6239297389984131,0.8021325469017029,0.9651175737380981,-0.10587956756353378,0.20847752690315247,0.11779053509235382
redkitchen,test,seq-12,redkitchen/seq-12/frame-000530.color.png,-1.0911336,-0.5788604,0.78801167,0.971624867,-0.074745968,0.19094497,0.117890527,-1.1446605920791626,-0.6044738292694092,0.7900968790054321,0.967804491519928,-0.10265834629535675,0.20041663944721222,0.11246665567159653
redkitchen,test,seq-12,redkitchen/seq-12/frame-000531.color.png,-1.081731,-0.5732851,0.77393419,0.973254951,-0.076959972,0.185631408,0.1113236,-1.153174638748169,-0.6037936806678772,0.8220341205596924,0.9699813723564148,-0.09760010987520218,0.19527269899845123,0.10713975131511688
redkitchen,test,seq-12,redkitchen/seq-12/frame-000532.color.png,-1.0749905,-0.5646466,0.75930482,0.974716244,-0.07696351,0.181215982,0.105667539,-1.126753568649292,-0.5827487111091614,0.7875936627388,0.9720080494880676,-0.0981694683432579,0.1866656094789505,0.10353315621614456
redkitchen,test,seq-12,redkitchen/seq-12/frame-000533.color.png,-1.0685761,-0.55766237,0.74557316,0.975911186,-0.076771154,0.176740059,0.102305905,-1.1055272817611694,-0.5886565446853638,0.756801187992096,0.9724180698394775,-0.09468208998441696,0.18824730813503265,0.10000746697187424
redkitchen,test,seq-12,redkitchen/seq-12/frame-000534.color.png,-1.0595725,-0.55006158,0.73277199,0.977385175,-0.076011001,0.170430899,0.099467865,-1.0990829467773438,-0.5620285272598267,0.7364024519920349,0.9743519425392151,-0.09136035293340683,0.18382103741168976,0.09220348298549652
redkitchen,test,seq-12,redkitchen/seq-12/frame-000535.color.png,-1.0504383,-0.54387742,0.72073096,0.978929653,-0.076097459,0.163305626,0.096110264,-1.090014934539795,-0.5678321123123169,0.7210211753845215,0.9760527610778809,-0.09304329007863998,0.17527295649051666,0.08912454545497894
redkitchen,test,seq-12,redkitchen/seq-12/frame-000536.color.png,-1.0391704,-0.5366655,0.70908868,0.979995988,-0.075134894,0.159015309,0.093149038,-1.094465970993042,-0.5726063847541809,0.7267414331436157,0.9764654040336609,-0.08755943924188614,0.17585943639278412,0.08900617063045502
redkitchen,test,seq-12,redkitchen/seq-12/frame-000537.color.png,-1.0292386,-0.53186458,0.69997823,0.980803389,-0.074986006,0.156104943,0.089627331,-1.0885852575302124,-0.5701456069946289,0.7251520752906799,0.9771665930747986,-0.08860596269369125,0.17317092418670654,0.08547616004943848
redkitchen,test,seq-12,redkitchen/seq-12/frame-000538.color.png,-1.0206712,-0.52451211,0.68868011,0.981805729,-0.074122582,0.151747524,0.086810382,-1.0676913261413574,-0.5606173276901245,0.6826046705245972,0.9783903956413269,-0.08909041434526443,0.16845181584358215,0.08024363219738007
redkitchen,test,seq-12,redkitchen/seq-12/frame-000539.color.png,-1.0104297,-0.51991302,0.67956275,0.982785307,-0.074185151,0.147095825,0.083620708,-1.0438741445541382,-0.5520265698432922,0.6617629528045654,0.9787575006484985,-0.08805157989263535,0.16614209115505219,0.0817156583070755
redkitchen,test,seq-12,redkitchen/seq-12/frame-000540.color.png,-1.0012666,-0.5114131,0.66907746,0.983904527,-0.072390388,0.142130712,0.080562854,-1.0677947998046875,-0.5426703691482544,0.6598692536354065,0.9786514043807983,-0.08577539026737213,0.1682009994983673,0.0811941996216774
redkitchen,test,seq-12,redkitchen/seq-12/frame-000541.color.png,-0.99186432,-0.50278533,0.66054475,0.984732158,-0.071643314,0.137889041,0.078462884,-1.1266103982925415,-0.5333638787269592,0.6139408349990845,0.9796863794326782,-0.08630725741386414,0.16490761935710907,0.07463908940553665
redkitchen,test,seq-12,redkitchen/seq-12/frame-000542.color.png,-0.98077965,-0.49535596,0.65223992,0.98528431,-0.072553987,0.133858883,0.077669477,-1.1418513059616089,-0.542241096496582,0.5734944939613342,0.9797295928001404,-0.08903083950281143,0.1656598150730133,0.0689946711063385
redkitchen,test,seq-12,redkitchen/seq-12/frame-000543.color.png,-0.96813285,-0.48870781,0.64494169,0.985740516,-0.074802652,0.129750744,0.076713388,-1.185821533203125,-0.5475113391876221,0.5539726614952087,0.9771783351898193,-0.09280569851398468,0.1788683831691742,0.06719919294118881
redkitchen,test,seq-12,redkitchen/seq-12/frame-000544.color.png,-0.95698428,-0.48308197,0.63757032,0.986080493,-0.077361736,0.125990689,0.076070814,-1.1917606592178345,-0.5509392023086548,0.5570402145385742,0.9767164587974548,-0.09449216723442078,0.18077675998210907,0.06645242869853973
redkitchen,test,seq-12,redkitchen/seq-12/frame-000545.color.png,-0.94414282,-0.4790557,0.63041979,0.986449764,-0.079483895,0.122607931,0.074608777,-1.1688029766082764,-0.5417046546936035,0.5362093448638916,0.9769937992095947,-0.0939943790435791,0.1802300065755844,0.064539335668087
redkitchen,test,seq-12,redkitchen/seq-12/frame-000546.color.png,-0.93138582,-0.47387534,0.62320703,0.986983077,-0.079437838,0.119597795,0.07245966,-1.186704397201538,-0.5557855367660522,0.5226795077323914,0.9752763509750366,-0.09786514937877655,0.18664845824241638,0.0664895549416542
redkitchen,test,seq-12,redkitchen/seq-12/frame-000547.color.png,-0.91798669,-0.46702498,0.61537635,0.987549852,-0.079028882,0.116591516,0.070043865,-1.1695845127105713,-0.5487193465232849,0.5124816298484802,0.9762777090072632,-0.09743142127990723,0.18242816627025604,0.06410014629364014
redkitchen,test,seq-12,redkitchen/seq-12/frame-000548.color.png,-0.90607113,-0.46058661,0.60836101,0.988188367,-0.078370211,0.113185407,0.067312139,-1.1797401905059814,-0.5646106600761414,0.4920566976070404,0.9755033850669861,-0.10118021816015244,0.18510620296001434,0.06238022819161415
redkitchen,test,seq-12,redkitchen/seq-12/frame-000549.color.png,-0.90551138,-0.45955992,0.60783786,0.98823812,-0.077990154,0.113057244,0.067238486,-1.1797401905059814,-0.5646106600761414,0.4920566976070404,0.9755033850669861,-0.10118021816015244,0.18510620296001434,0.06238022819161415
redkitchen,test,seq-12,redkitchen/seq-12/frame-000550.color.png,-0.89464754,-0.453244,0.60218334,0.9889149,-0.077841362,0.108521736,0.064892802,-1.1901968717575073,-0.5484762787818909,0.48188602924346924,0.9778744578361511,-0.09862125664949417,0.17573195695877075,0.05615703761577606
redkitchen,test,seq-12,redkitchen/seq-12/frame-000551.color.png,-0.87925869,-0.44553667,0.59657955,0.989484216,-0.079153825,0.10338907,0.062979028,-1.1874219179153442,-0.5396861433982849,0.49703264236450195,0.9801738858222961,-0.09400832653045654,0.1667994111776352,0.05098500847816467
redkitchen,test,seq-12,redkitchen/seq-12/frame-000552.color.png,-0.86284381,-0.44254121,0.59081399,0.989578633,-0.082811046,0.100643525,0.061215523,-1.2392998933792114,-0.5549909472465515,0.5131737589836121,0.9794207215309143,-0.09910980612039566,0.16898301243782043,0.04854915291070938
redkitchen,test,seq-12,redkitchen/seq-12/frame-000553.color.png,-0.86249739,-0.44164145,0.59020513,0.989627977,-0.082444595,0.100493459,0.061158978,-1.2052476406097412,-0.5365634560585022,0.5420269966125488,0.9780595302581787,-0.10049404948949814,0.1750505119562149,0.05155365541577339
redkitchen,test,seq-12,redkitchen/seq-12/frame-000554.color.png,-0.8508842,-0.44120663,0.58613104,0.989807638,-0.084805128,0.09897971,0.057375489,-1.2052476406097412,-0.5365634560585022,0.5420269966125488,0.9780595302581787,-0.10049404948949814,0.1750505119562149,0.05155365541577339
redkitchen,test,seq-12,redkitchen/seq-12/frame-000555.color.png,-0.83913201,-0.4364523,0.57963777,0.990284178,-0.084587769,0.09566798,0.055043567,-1.1746965646743774,-0.527762234210968,0.5331671237945557,0.978770911693573,-0.10260148346424103,0.17061926424503326,0.048677731305360794
redkitchen,test,seq-12,redkitchen/seq-12/frame-000556.color.png,-0.8253172,-0.43063021,0.57270318,0.991011807,-0.084412089,0.089460945,0.052601674,-1.1629974842071533,-0.5069769620895386,0.528307318687439,0.9816546440124512,-0.10042436420917511,0.15565142035484314,0.04518580809235573
redkitchen,test,seq-12,redkitchen/seq-12/frame-000557.color.png,-0.81076199,-0.42863083,0.56655705,0.991558491,-0.085636071,0.084263122,0.048764214,-1.1689916849136353,-0.5133355259895325,0.5469645261764526,0.9818580746650696,-0.10076308995485306,0.15462414920330048,0.04350743070244789
redkitchen,test,seq-12,redkitchen/seq-12/frame-000558.color.png,-0.80993617,-0.42718518,0.56530434,0.991631431,-0.085171284,0.083921545,0.048684003,-1.1689916849136353,-0.5133355259895325,0.5469645261764526,0.9818580746650696,-0.10076308995485306,0.15462414920330048,0.04350743070244789
redkitchen,test,seq-12,redkitchen/seq-12/frame-000559.color.png,-0.79704732,-0.42433283,0.55861551,0.992191494,-0.084387731,0.080016742,0.045078495,-1.156221628189087,-0.4964520335197449,0.545111894607544,0.9826468229293823,-0.09679227322340012,0.15207773447036743,0.04369064420461655
redkitchen,test,seq-12,redkitchen/seq-12/frame-000560.color.png,-0.78190005,-0.42045283,0.55316609,0.992672923,-0.083501665,0.076804699,0.041580991,-1.1327658891677856,-0.4792153835296631,0.5263621211051941,0.985357403755188,-0.09051186591386795,0.1394786238670349,0.037737127393484116
redkitchen,test,seq-12,redkitchen/seq-12/frame-000561.color.png,-0.76968598,-0.41522187,0.54680008,0.993001974,-0.083580988,0.073867481,0.038792958,-1.1258070468902588,-0.46113431453704834,0.5008731484413147,0.9859738349914551,-0.09216140955686569,0.1344555914402008,0.035826221108436584
redkitchen,test,seq-12,redkitchen/seq-12/frame-000562.color.png,-0.76931787,-0.41416201,0.5459702,0.993055626,-0.083205273,0.073592307,0.038750209,-1.1258070468902588,-0.46113431453704834,0.5008731484413147,0.9859738349914551,-0.09216140955686569,0.1344555914402008,0.035826221108436584
redkitchen,test,seq-12,redkitchen/seq-12/frame-000563.color.png,-0.75788182,-0.41209939,0.53982753,0.993330218,-0.083910092,0.070097892,0.036612306,-1.0796767473220825,-0.45812565088272095,0.5146128535270691,0.9860492944717407,-0.09071953594684601,0.13257697224617004,0.04359113425016403
redkitchen,test,seq-12,redkitchen/seq-12/frame-000564.color.png,-0.74648571,-0.4098447,0.53323454,0.993806059,-0.082942575,0.065471084,0.034403242,-1.0103741884231567,-0.44526785612106323,0.5332828760147095,0.9868642091751099,-0.08828198164701462,0.1273527890443802,0.04568050801753998
redkitchen,test,seq-12,redkitchen/seq-12/frame-000565.color.png,-0.74660718,-0.4090881,0.53264499,0.993842819,-0.08262828,0.065295331,0.034431641,-0.9708369970321655,-0.41951143741607666,0.5405032634735107,0.9884781837463379,-0.07941802591085434,0.12113463878631592,0.04393218085169792
redkitchen,test,seq-12,redkitchen/seq-12/frame-000566.color.png,-0.7342872,-0.40616441,0.52677286,0.994260277,-0.081572865,0.060993502,0.032743898,-0.9708369970321655,-0.41951143741607666,0.5405032634735107,0.9884781837463379,-0.07941802591085434,0.12113463878631592,0.04393218085169792
redkitchen,test,seq-12,redkitchen/seq-12/frame-000567.color.png,-0.72291958,-0.40319115,0.51900333,0.994690075,-0.080466693,0.056083613,0.031167204,-0.9344527125358582,-0.4099302291870117,0.5618009567260742,0.9900605082511902,-0.07230133563280106,0.11237922310829163,0.04385891929268837
redkitchen,test,seq-12,redkitchen/seq-12/frame-000568.color.png,-0.70861369,-0.39806798,0.51109195,0.995228358,-0.077445327,0.051746955,0.029068686,-0.954126238822937,-0.40858715772628784,0.5590207576751709,0.990696132183075,-0.07140327244997025,0.1092158704996109,0.038660679012537
redkitchen,test,seq-12,redkitchen/seq-12/frame-000569.color.png,-0.69701272,-0.39442804,0.50465053,0.995542889,-0.076117284,0.048873124,0.026682082,-0.9319403767585754,-0.39163196086883545,0.5561660528182983,0.9912294745445251,-0.06275643408298492,0.11121536791324615,0.03401287645101547
redkitchen,test,seq-12,redkitchen/seq-12/frame-000570.color.png,-0.68464381,-0.3905693,0.49764317,0.995893549,-0.074546641,0.044897019,0.024961878,-0.9319403767585754,-0.39163196086883545,0.5561660528182983,0.9912294745445251,-0.06275643408298492,0.11121536791324615,0.03401287645101547
redkitchen,test,seq-12,redkitchen/seq-12/frame-000571.color.png,-0.68399805,-0.38963765,0.496907,0.995932398,-0.074196366,0.044605666,0.024977853,-0.9104167222976685,-0.3782116770744324,0.5434347987174988,0.9916805028915405,-0.06270486861467361,0.10683514922857285,0.034988172352313995
redkitchen,test,seq-12,redkitchen/seq-12/frame-000572.color.png,-0.67015755,-0.38360739,0.48982373,0.996373413,-0.071772323,0.039383125,0.023188917,-0.8528867363929749,-0.3316837549209595,0.5448794960975647,0.9939138293266296,-0.04816795513033867,0.09295369684696198,0.03427499160170555
redkitchen,test,seq-12,redkitchen/seq-12/frame-000573.color.png,-0.65630651,-0.37734115,0.48252159,0.996696868,-0.070152383,0.034141222,0.02254712,-0.7980393767356873,-0.32155197858810425,0.5728548169136047,0.9959782958030701,-0.038368385285139084,0.07529089599847794,0.029771508648991585
redkitchen,test,seq-12,redkitchen/seq-12/frame-000574.color.png,-0.64386207,-0.37054309,0.47558659,0.9969425,-0.068733065,0.029783403,0.022234348,-0.7980393767356873,-0.32155197858810425,0.5728548169136047,0.9959782958030701,-0.038368385285139084,0.07529089599847794,0.029771508648991585
redkitchen,test,seq-12,redkitchen/seq-12/frame-000575.color.png,-0.64270228,-0.37224194,0.47657537,0.996900404,-0.069311124,0.029924168,0.022138109,-0.7740564346313477,-0.29946938157081604,0.5531004071235657,0.9962666630744934,-0.041175246238708496,0.06969515979290009,0.029997292906045914
redkitchen,test,seq-12,redkitchen/seq-12/frame-000576.color.png,-0.62713385,-0.36555192,0.46970397,0.997146978,-0.068379988,0.024633126,0.020378693,-0.7595137357711792,-0.2929695248603821,0.5376275181770325,0.996473491191864,-0.03914489597082138,0.06780653446912766,0.030173853039741516
redkitchen,test,seq-12,redkitchen/seq-12/frame-000577.color.png,-0.61181957,-0.36023188,0.4642247,0.997277806,-0.06866917,0.020292463,0.01759942,-0.725915789604187,-0.2948165535926819,0.5468589663505554,0.9972944855690002,-0.04170767962932587,0.05724330246448517,0.019681792706251144
redkitchen,test,seq-12,redkitchen/seq-12/frame-000578.color.png,-0.61156321,-0.35878196,0.46295112,0.997313619,-0.068204714,0.019974238,0.017739555,-0.725915789604187,-0.2948165535926819,0.5468589663505554,0.9972944855690002,-0.04170767962932587,0.05724330246448517,0.019681792706251144
redkitchen,test,seq-12,redkitchen/seq-12/frame-000579.color.png,-0.59720331,-0.35616919,0.45762193,0.997317814,-0.069501457,0.016926784,0.015498688,-0.7352715730667114,-0.29531002044677734,0.5465424060821533,0.9972790479660034,-0.03560396656394005,0.062176596373319626,0.01735069416463375
redkitchen,test,seq-12,redkitchen/seq-12/frame-000580.color.png,-0.57964462,-0.353044,0.45231095,0.997391217,-0.069674821,0.013748803,0.012928678,-0.6994333267211914,-0.29502594470977783,0.5661844611167908,0.9980249404907227,-0.027062615379691124,0.054737888276576996,0.014751426875591278
redkitchen,test,seq-12,redkitchen/seq-12/frame-000581.color.png,-0.56400317,-0.34536263,0.44447735,0.997546397,-0.068344859,0.009910253,0.011487057,-0.6482517719268799,-0.24636343121528625,0.5338864326477051,0.9982513785362244,-0.019998256117105484,0.05342867597937584,0.015480494126677513
redkitchen,test,seq-12,redkitchen/seq-12/frame-000582.color.png,-0.56361258,-0.3446959,0.44430619,0.997572162,-0.068039722,0.009638935,0.011290214,-0.6482517719268799,-0.24636343121528625,0.5338864326477051,0.9982513785362244,-0.019998256117105484,0.05342867597937584,0.015480494126677513
redkitchen,test,seq-12,redkitchen/seq-12/frame-000583.color.png,-0.54877484,-0.33898482,0.43881953,0.997601957,-0.068294084,0.004361015,0.010355445,-0.5957422852516174,-0.20756761729717255,0.49563655257225037,0.9986190795898438,-0.018166188150644302,0.04401646554470062,0.02219388447701931
redkitchen,test,seq-12,redkitchen/seq-12/frame-000584.color.png,-0.53309071,-0.33241981,0.43273386,0.997556472,-0.069138338,-0.002533085,0.009724112,-0.5707648396492004,-0.21786247193813324,0.4574725925922394,0.9989526867866516,-0.02720814198255539,0.030818233266472816,0.02008349634706974
redkitchen,test,seq-12,redkitchen/seq-12/frame-000585.color.png,-0.51795429,-0.32730627,0.42730677,0.997348679,-0.071964861,-0.007615363,0.007660139,-0.5813535451889038,-0.200205996632576,0.4770422875881195,0.9996439814567566,-0.02373812533915043,0.007231986615806818,0.009799198247492313
redkitchen,test,seq-12,redkitchen/seq-12/frame-000586.color.png,-0.51607716,-0.32658917,0.42713261,0.9973687,-0.071639596,-0.008080418,0.00762571,-0.5813535451889038,-0.200205996632576,0.4770422875881195,0.9996439814567566,-0.02373812533915043,0.007231986615806818,0.009799198247492313
redkitchen,test,seq-12,redkitchen/seq-12/frame-000587.color.png,-0.50326467,-0.32549354,0.42211276,0.997010093,-0.076162139,-0.011993993,0.005132862,-0.5001469850540161,-0.19099995493888855,0.44829219579696655,0.9992113709449768,-0.03648103401064873,-0.010432475246489048,0.011697606183588505
redkitchen,test,seq-12,redkitchen/seq-12/frame-000588.color.png,-0.48666394,-0.32466641,0.41679406,0.996687621,-0.079501512,-0.017018755,0.001912288,-0.48298096656799316,-0.2230341136455536,0.4360940456390381,0.9982696771621704,-0.05241890251636505,-0.011708908714354038,0.023931721225380898
redkitchen,test,seq-12,redkitchen/seq-12/frame-000589.color.png,-0.4705179,-0.32381126,0.41165373,0.996387903,-0.081961051,-0.022183382,-0.00119589,-0.4513241648674011,-0.18102961778640747,0.47998377680778503,0.9989604353904724,-0.029712744057178497,-0.028299927711486816,0.019860226660966873
redkitchen,test,seq-12,redkitchen/seq-12/frame-000590.color.png,-0.4707112,-0.32200173,0.41075829,0.996434243,-0.081317013,-0.022474476,-0.001113852,-0.4513241648674011,-0.18102961778640747,0.47998377680778503,0.9989604353904724,-0.029712744057178497,-0.028299927711486816,0.019860226660966873
redkitchen,test,seq-12,redkitchen/seq-12/frame-000591.color.png,-0.45335415,-0.31793395,0.40546322,0.996197367,-0.082979592,-0.026276494,-0.00383924,-0.4910261631011963,-0.15930382907390594,0.48003798723220825,0.9988947510719299,-0.030935417860746384,-0.029769806191325188,0.019130079075694084
redkitchen,test,seq-12,redkitchen/seq-12/frame-000592.color.png,-0.43689412,-0.31546265,0.40015265,0.995850814,-0.085923935,-0.029304723,-0.006282238,-0.4504399001598358,-0.17379173636436462,0.5056003928184509,0.9977455139160156,-0.03156770393252373,-0.055670734494924545,0.02020346000790596
redkitchen,test,seq-12,redkitchen/seq-12/frame-000593.color.png,-0.43679747,-0.31659737,0.40086523,0.995810087,-0.086323946,-0.029443365,-0.006598175,-0.4553717374801636,-0.13428257405757904,0.48993363976478577,0.9981458783149719,-0.029840627685189247,-0.04702271521091461,0.02456147037446499
redkitchen,test,seq-12,redkitchen/seq-12/frame-000594.color.png,-0.42298752,-0.31229341,0.39558646,0.995537959,-0.087717277,-0.0336604,-0.008765199,-0.4553717374801636,-0.13428257405757904,0.48993363976478577,0.9981458783149719,-0.029840627685189247,-0.04702271521091461,0.02456147037446499
redkitchen,test,seq-12,redkitchen/seq-12/frame-000595.color.png,-0.40528598,-0.30951816,0.39080369,0.995188421,-0.089652513,-0.038051719,-0.010700468,-0.4275573492050171,-0.13937082886695862,0.5152835845947266,0.9970887303352356,-0.036414727568626404,-0.0631696805357933,0.022307557985186577
redkitchen,test,seq-12,redkitchen/seq-12/frame-000596.color.png,-0.38973823,-0.30910626,0.38641334,0.994854679,-0.09146522,-0.041624721,-0.01287104,-0.40419819951057434,-0.1404399573802948,0.5212015509605408,0.9962498545646667,-0.03878273442387581,-0.0749923512339592,0.01892697438597679
redkitchen,test,seq-12,redkitchen/seq-12/frame-000597.color.png,-0.37367815,-0.30937877,0.38211811,0.99480376,-0.090909861,-0.042898646,-0.016142583,-0.3216261565685272,-0.14695456624031067,0.4959060847759247,0.9957512617111206,-0.04265749081969261,-0.08062642812728882,0.01260952278971672
redkitchen,test,seq-12,redkitchen/seq-12/frame-000598.color.png,-0.37337685,-0.31031957,0.38246769,0.994769152,-0.091307988,-0.042837284,-0.016191101,-0.3216261565685272,-0.14695456624031067,0.4959060847759247,0.9957512617111206,-0.04265749081969261,-0.08062642812728882,0.01260952278971672
redkitchen,test,seq-12,redkitchen/seq-12/frame-000599.color.png,-0.3578018,-0.30780774,0.37792584,0.994991506,-0.088035414,-0.043236611,-0.019294157,-0.2986370623111725,-0.12603208422660828,0.5093104839324951,0.9959440231323242,-0.031115936115384102,-0.0840907171368599,0.00749815721064806
redkitchen,test,seq-12,redkitchen/seq-12/frame-000600.color.png,-0.34251216,-0.30298048,0.373348,0.995233623,-0.083865414,-0.044840873,-0.021585295,-0.27772125601768494,-0.12980875372886658,0.5111358761787415,0.9955286383628845,-0.025287799537181854,-0.0908600389957428,0.005262330640107393
redkitchen,test,seq-12,redkitchen/seq-12/frame-000601.color.png,-0.34200126,-0.30197284,0.37310386,0.99525656,-0.083435043,-0.045095936,-0.021664019,-0.27772125601768494,-0.12980875372886658,0.5111358761787415,0.9955286383628845,-0.025287799537181854,-0.0908600389957428,0.005262330640107393
redkitchen,test,seq-12,redkitchen/seq-12/frame-000602.color.png,-0.32525271,-0.29964918,0.37030455,0.995310677,-0.081345074,-0.047462202,-0.022067508,-0.29208022356033325,-0.14253829419612885,0.5123492479324341,0.9965222477912903,-0.02360164374113083,-0.07965974509716034,0.006386986933648586
redkitchen,test,seq-12,redkitchen/seq-12/frame-000603.color.png,-0.30889922,-0.29786909,0.367075,0.995321112,-0.079429404,-0.050519492,-0.021786123,-0.26557841897010803,-0.13348019123077393,0.49630987644195557,0.9967305660247803,-0.022307435050606728,-0.07762905955314636,0.0020364185329526663
redkitchen,test,seq-12,redkitchen/seq-12/frame-000604.color.png,-0.29354405,-0.29670578,0.36356482,0.995477683,-0.076123854,-0.052696988,-0.021268954,-0.23490260541439056,-0.12923648953437805,0.43562930822372437,0.9976914525032043,-0.012375276535749435,-0.06663215905427933,-0.004335431382060051
redkitchen,test,seq-12,redkitchen/seq-12/frame-000605.color.png,-0.27621987,-0.28878334,0.36001033,0.995848712,-0.069721497,-0.054353544,-0.021678276,-0.20679731667041779,-0.13172759115695953,0.45594871044158936,0.9978594183921814,-0.010481233708560467,-0.06421978771686554,-0.006533866282552481
redkitchen,test,seq-12,redkitchen/seq-12/frame-000606.color.png,-0.27650306,-0.28822881,0.35992765,0.995856796,-0.069466047,-0.054514283,-0.021723309,-0.20679731667041779,-0.13172759115695953,0.45594871044158936,0.9978594183921814,-0.010481233708560467,-0.06421978771686554,-0.006533866282552481
redkitchen,test,seq-12,redkitchen/seq-12/frame-000607.color.png,-0.26324779,-0.28352925,0.35938174,0.996012916,-0.065625929,-0.056116324,-0.022415773,-0.21621017158031464,-0.124497190117836,0.43137502670288086,0.9980103373527527,-0.007049821317195892,-0.06239078938961029,-0.005738010164350271
redkitchen,test,seq-12,redkitchen/seq-12/frame-000608.color.png,-0.24738236,-0.28175247,0.35850275,0.996050736,-0.062361957,-0.059259912,-0.021958603,-0.18528622388839722,-0.14065590500831604,0.44061121344566345,0.998060941696167,-0.006535488646477461,-0.061789918690919876,-0.003704525763168931
redkitchen,test,seq-12,redkitchen/seq-12/frame-000609.color.png,-0.23218605,-0.27490741,0.35856363,0.996149043,-0.056474635,-0.063573615,-0.021356408,-0.137285053730011,-0.1432151198387146,0.4560565948486328,0.9972718954086304,-0.003388972720131278,-0.07367633283138275,-0.0030044643208384514
redkitchen,test,seq-12,redkitchen/seq-12/frame-000610.color.png,-0.23097034,-0.27786016,0.36008385,0.996093318,-0.057420782,-0.063531151,-0.021558026,-0.137285053730011,-0.1432151198387146,0.4560565948486328,0.9972718954086304,-0.003388972720131278,-0.07367633283138275,-0.0030044643208384514
redkitchen,test,seq-12,redkitchen/seq-12/frame-000611.color.png,-0.21558356,-0.27017638,0.36103046,0.996177243,-0.053075904,-0.066513707,-0.019742723,-0.12411124259233475,-0.12164921313524246,0.47954821586608887,0.9976967573165894,0.0053791445679962635,-0.06760852783918381,-0.0011850212467834353
redkitchen,test,seq-12,redkitchen/seq-12/frame-000612.color.png,-0.20015393,-0.26706409,0.36347389,0.996091392,-0.050649126,-0.070169342,-0.017688061,-0.12076929211616516,-0.11531651020050049,0.4855956733226776,0.9977651834487915,0.0060119894333183765,-0.06649365276098251,-0.0026756171137094498
redkitchen,test,seq-12,redkitchen/seq-12/frame-000613.color.png,-0.1826314,-0.26270759,0.36675218,0.99602456,-0.048441794,-0.073123776,-0.015536446,-0.1298627406358719,-0.11506067216396332,0.47817572951316833,0.9977244734764099,0.006536160130053759,-0.06710543483495712,7.477663166355342e-05
redkitchen,test,seq-12,redkitchen/seq-12/frame-000614.color.png,-0.16700625,-0.26272944,0.37099057,0.995928764,-0.048395871,-0.074747654,-0.014018732,-0.10767737776041031,-0.12274885922670364,0.515670120716095,0.997567892074585,0.008545014075934887,-0.06915944069623947,-0.0014427502173930407
redkitchen,test,seq-12,redkitchen/seq-12/frame-000615.color.png,-0.16592811,-0.26192817,0.37047464,0.995946375,-0.048152795,-0.07468731,-0.013925972,-0.10767737776041031,-0.12274885922670364,0.515670120716095,0.997567892074585,0.008545014075934887,-0.06915944069623947,-0.0014427502173930407
redkitchen,test,seq-12,redkitchen/seq-12/frame-000616.color.png,-0.14855726,-0.2621142,0.3744342,0.995995004,-0.046915003,-0.074741115,-0.014377077,-0.10653043538331985,-0.11637584120035172,0.505203902721405,0.9975650906562805,0.007950582541525364,-0.06917757540941238,-0.0038996979128569365
redkitchen,test,seq-12,redkitchen/seq-12/frame-000617.color.png,-0.1299641,-0.25737667,0.37872109,0.996120882,-0.044419002,-0.074515436,-0.014750949,-0.12837131321430206,-0.12413866817951202,0.49196621775627136,0.9981319904327393,0.013227908872067928,-0.059579528868198395,-0.0027923097368329763
redkitchen,test,seq-12,redkitchen/seq-12/frame-000618.color.png,-0.13030803,-0.25669339,0.37828648,0.996122546,-0.044173603,-0.07466396,-0.01462394,-0.09906794875860214,-0.10839396715164185,0.5051648616790771,0.9985336661338806,0.016323663294315338,-0.05153170973062515,-0.0029281135648489
redkitchen,test,seq-12,redkitchen/seq-12/frame-000619.color.png,-0.11588383,-0.25665024,0.38271561,0.996054304,-0.044038131,-0.075666108,-0.01452949,-0.09906794875860214,-0.10839396715164185,0.5051648616790771,0.9985336661338806,0.016323663294315338,-0.05153170973062515,-0.0029281135648489
redkitchen,test,seq-12,redkitchen/seq-12/frame-000620.color.png,-0.09820357,-0.25699654,0.38694865,0.995938237,-0.043951451,-0.077033919,-0.01552654,-0.110555000603199,-0.10681727528572083,0.5123485326766968,0.9988765716552734,0.014917350374162197,-0.04497653990983963,-0.0004043278458993882
redkitchen,test,seq-12,redkitchen/seq-12/frame-000621.color.png,-0.080377951,-0.25513446,0.39061746,0.995689713,-0.043554336,-0.080044719,-0.017258567,-0.09719489514827728,-0.10270712524652481,0.5072404146194458,0.9983037114143372,0.01249763835221529,-0.05669417232275009,-0.00440412200987339
redkitchen,test,seq-12,redkitchen/seq-12/frame-000622.color.png,-0.079574712,-0.25466853,0.39074066,0.995663522,-0.043297844,-0.0804171,-0.017678711,-0.05612646043300629,-0.12382662296295166,0.48920413851737976,0.999017059803009,0.010569879785180092,-0.041924335062503815,-0.009776848368346691
redkitchen,test,seq-12,redkitchen/seq-12/frame-000623.color.png,-0.064927712,-0.26134965,0.39417648,0.995471873,-0.044593052,-0.081908743,-0.018389345,-0.05612646043300629,-0.12382662296295166,0.48920413851737976,0.999017059803009,0.010569879785180092,-0.041924335062503815,-0.009776848368346691
redkitchen,test,seq-12,redkitchen/seq-12/frame-000624.color.png,-0.043906756,-0.2637029,0.39610612,0.995525348,-0.041076182,-0.082725161,-0.019964398,-0.06803913414478302,-0.11938236653804779,0.5240905284881592,0.9992831349372864,0.009893505834043026,-0.03485289216041565,-0.010975087992846966
redkitchen,test,seq-12,redkitchen/seq-12/frame-000625.color.png,-0.020747658,-0.2633203,0.39876288,0.995682377,-0.036656061,-0.08280257,-0.020412519,0.0016934815794229507,-0.1403161585330963,0.5204617977142334,0.9986791610717773,0.008954370394349098,-0.04769587516784668,-0.016873493790626526
redkitchen,test,seq-12,redkitchen/seq-12/frame-000626.color.png,0.000162561,-0.26297441,0.39970067,0.995677871,-0.03384075,-0.08427695,-0.019436451,0.008276088163256645,-0.12082606554031372,0.5245300531387329,0.9993215203285217,0.008735893294215202,-0.034043896943330765,-0.011012875474989414
redkitchen,test,seq-12,redkitchen/seq-12/frame-000627.color.png,-0.000829389,-0.26428175,0.40058509,0.995647307,-0.034195728,-0.084425293,-0.019734799,0.034484393894672394,-0.12966153025627136,0.5721338391304016,0.9990430474281311,0.007685172837227583,-0.03987792879343033,-0.016238613054156303
redkitchen,test,seq-12,redkitchen/seq-12/frame-000628.color.png,0.020357393,-0.26729003,0.4013111,0.995479319,-0.03101743,-0.087486006,-0.020125698,0.034484393894672394,-0.12966153025627136,0.5721338391304016,0.9990430474281311,0.007685172837227583,-0.03987792879343033,-0.016238613054156303
redkitchen,test,seq-12,redkitchen/seq-12/frame-000629.color.png,0.037280295,-0.27135792,0.40287992,0.995482018,-0.025420326,-0.088592568,-0.022819218,0.12831678986549377,-0.1490919589996338,0.5638724565505981,0.9988146424293518,0.004099482670426369,-0.04164144769310951,-0.024867720901966095
redkitchen,test,seq-12,redkitchen/seq-12/frame-000630.color.png,0.060459763,-0.27132049,0.40537694,0.995583197,-0.018294082,-0.088411306,-0.025746166,0.16783055663108826,-0.18463562428951263,0.49593329429626465,0.9988644123077393,-0.006956630852073431,-0.03910147771239281,-0.026316996663808823
redkitchen,test,seq-12,redkitchen/seq-12/frame-000631.color.png,0.059831798,-0.27267441,0.40619498,0.995547096,-0.018685935,-0.088697501,-0.025876043,0.17108216881752014,-0.22528095543384552,0.5144043564796448,0.9990045428276062,0.001848691375926137,-0.0334223248064518,-0.029486075043678284
redkitchen,test,seq-12,redkitchen/seq-12/frame-000632.color.png,0.081319004,-0.26822418,0.40813854,0.995776203,-0.012477016,-0.086856523,-0.027018935,0.17108216881752014,-0.22528095543384552,0.5144043564796448,0.9990045428276062,0.001848691375926137,-0.0334223248064518,-0.029486075043678284
redkitchen,test,seq-12,redkitchen/seq-12/frame-000633.color.png,0.10259143,-0.27254921,0.40908617,0.996052852,-0.009790391,-0.083758122,-0.027702741,0.16366080939769745,-0.22939874231815338,0.5336041450500488,0.9989975094795227,0.0070052859373390675,-0.026827789843082428,-0.03514440357685089
redkitchen,test,seq-12,redkitchen/seq-12/frame-000634.color.png,0.12273148,-0.27136576,0.40979874,0.996272796,-0.00322197,-0.081053992,-0.029332322,0.26044991612434387,-0.21128816902637482,0.5415260791778564,0.9989221096038818,0.010791557841002941,-0.02717096172273159,-0.03605455532670021
redkitchen,test,seq-12,redkitchen/seq-12/frame-000635.color.png,0.14183795,-0.26542622,0.41056463,0.996437517,0.003402546,-0.078685924,-0.030153315,0.22135822474956512,-0.1817368119955063,0.5522068738937378,0.998758852481842,0.019249068573117256,-0.02929796651005745,-0.035382382571697235
redkitchen,test,seq-12,redkitchen/seq-12/frame-000636.color.png,0.16211258,-0.26107553,0.41096643,0.996517646,0.007270955,-0.077699008,-0.029369703,0.22135822474956512,-0.1817368119955063,0.5522068738937378,0.998758852481842,0.019249068573117256,-0.02929796651005745,-0.035382382571697235
redkitchen,test,seq-12,redkitchen/seq-12/frame-000637.color.png,0.16274098,-0.26073614,0.41113725,0.996512668,0.007518985,-0.077719325,-0.029422344,0.2029016613960266,-0.17693716287612915,0.54874187707901,0.9989559054374695,0.021882811561226845,-0.02348000556230545,-0.03250992298126221
redkitchen,test,seq-12,redkitchen/seq-12/frame-000638.color.png,0.17956465,-0.26141107,0.41208777,0.996546506,0.009247987,-0.077805986,-0.027491161,0.19313952326774597,-0.16734854876995087,0.5338284969329834,0.9990553259849548,0.020542612299323082,-0.023505782708525658,-0.03023041971027851
redkitchen,test,seq-12,redkitchen/seq-12/frame-000639.color.png,0.19480939,-0.26033592,0.41304848,0.996509931,0.011823113,-0.078238593,-0.026587496,0.2474992424249649,-0.17406366765499115,0.4826609492301941,0.9993587732315063,0.0205851998180151,-0.015199585817754269,-0.025043269619345665
redkitchen,test,seq-12,redkitchen/seq-12/frame-000640.color.png,0.21080954,-0.25970304,0.41471136,0.996450612,0.013556995,-0.078718173,-0.026567557,0.22975750267505646,-0.1783134937286377,0.5145796537399292,0.9991655945777893,0.026429535821080208,-0.014234570786356926,-0.027691975235939026
redkitchen,test,seq-12,redkitchen/seq-12/frame-000641.color.png,0.21096286,-0.25882426,0.41454396,0.9964182,0.013995751,-0.078941383,-0.026891394,0.22975750267505646,-0.1783134937286377,0.5145796537399292,0.9991655945777893,0.026429535821080208,-0.014234570786356926,-0.027691975235939026
redkitchen,test,seq-12,redkitchen/seq-12/frame-000642.color.png,0.22872545,-0.25971508,0.41641384,0.996354794,0.015310728,-0.079519909,-0.026819595,0.23920243978500366,-0.18007171154022217,0.522367537021637,0.9988764524459839,0.02786717377603054,-0.018502572551369667,-0.03356889635324478
redkitchen,test,seq-12,redkitchen/seq-12/frame-000643.color.png,0.24355896,-0.25981298,0.41790992,0.996338351,0.016840952,-0.07953744,-0.026458788,0.1893959790468216,-0.20770549774169922,0.5267115235328674,0.9991710186004639,0.022170530632138252,-0.016219954937696457,-0.030043404549360275
redkitchen,test,seq-12,redkitchen/seq-12/frame-000644.color.png,0.25757682,-0.25730506,0.42007747,0.996320708,0.018178797,-0.079524239,-0.026276874,0.1606413722038269,-0.23578223586082458,0.5101213455200195,0.9994211792945862,0.020060529932379723,-0.007283875253051519,-0.026493923738598824
redkitchen,test,seq-12,redkitchen/seq-12/frame-000645.color.png,0.25703236,-0.25614104,0.4201524,0.99629897,0.018711775,-0.079640984,-0.026373204,0.1606413722038269,-0.23578223586082458,0.5101213455200195,0.9994211792945862,0.020060529932379723,-0.007283875253051519,-0.026493923738598824
redkitchen,test,seq-12,redkitchen/seq-12/frame-000646.color.png,0.27582192,-0.25679976,0.42163339,0.996287525,0.017479675,-0.080463833,-0.025123698,0.2069348841905594,-0.21473801136016846,0.5388430953025818,0.9992493391036987,0.026102056726813316,-0.006490553729236126,-0.027879372239112854
redkitchen,test,seq-12,redkitchen/seq-12/frame-000647.color.png,0.29341656,-0.25770769,0.42334968,0.99611453,0.017204028,-0.082891583,-0.024266233,0.1961248815059662,-0.21276450157165527,0.5433610677719116,0.9991599917411804,0.022804150357842445,-0.01962732896208763,-0.02782278321683407
redkitchen,test,seq-12,redkitchen/seq-12/frame-000648.color.png,0.30730256,-0.25428319,0.42420295,0.996088709,0.01823538,-0.083519246,-0.022344792,0.2594786584377289,-0.22977927327156067,0.5374214053153992,0.9992634057998657,0.017276540398597717,-0.019181877374649048,-0.028395064175128937
redkitchen,test,seq-12,redkitchen/seq-12/frame-000649.color.png,0.3085753,-0.25557047,0.42463377,0.996053609,0.017806991,-0.083956092,-0.022616242,0.2825556993484497,-0.22412213683128357,0.5246282815933228,0.9992765188217163,0.022094635292887688,-0.012487390078604221,-0.028325987979769707
redkitchen,test,seq-12,redkitchen/seq-12/frame-000650.color.png,0.32544407,-0.25427875,0.42538399,0.99602994,0.017475446,-0.084443036,-0.022098461,0.2825556993484497,-0.22412213683128357,0.5246282815933228,0.9992765188217163,0.022094635292887688,-0.012487390078604221,-0.028325987979769707
redkitchen,test,seq-12,redkitchen/seq-12/frame-000651.color.png,0.34187123,-0.25624004,0.42649311,0.995758858,0.017739448,-0.087258687,-0.023141506,0.31855273246765137,-0.22360534965991974,0.5346087217330933,0.9992112517356873,0.020622123032808304,-0.012644628994166851,-0.03149213269352913
redkitchen,test,seq-12,redkitchen/seq-12/frame-000652.color.png,0.36039206,-0.25506562,0.42682666,0.99547951,0.01999007,-0.089656706,-0.024137482,0.3745035231113434,-0.2518758773803711,0.5335050821304321,0.9991312026977539,0.013228095136582851,-0.018971526995301247,-0.03467084839940071
redkitchen,test,seq-12,redkitchen/seq-12/frame-000653.color.png,0.37655538,-0.25078577,0.42758089,0.99513148,0.022958215,-0.092058072,-0.026675268,0.3788692057132721,-0.2544822692871094,0.5317370891571045,0.9990164041519165,0.01670045219361782,-0.018476704135537148,-0.036686092615127563
redkitchen,test,seq-12,redkitchen/seq-12/frame-000654.color.png,0.39223316,-0.2495136,0.4273802,0.994726474,0.023750722,-0.094970206,-0.030590932,0.39446067810058594,-0.26856231689453125,0.4974285960197449,0.999051034450531,0.018234144896268845,-0.014109160751104355,-0.03695211559534073
redkitchen,test,seq-12,redkitchen/seq-12/frame-000655.color.png,0.39380401,-0.24804318,0.42726114,0.994711933,0.024417021,-0.094927117,-0.030672807,0.39446067810058594,-0.26856231689453125,0.4974285960197449,0.999051034450531,0.018234144896268845,-0.014109160751104355,-0.03695211559534073
redkitchen,test,seq-12,redkitchen/seq-12/frame-000656.color.png,0.4111672,-0.24581458,0.42675182,0.994267213,0.02562922,-0.09778659,-0.034837278,0.4202195703983307,-0.25029727816581726,0.5212030410766602,0.9984630346298218,0.021950779482722282,-0.02884002774953842,-0.04192863777279854
redkitchen,test,seq-12,redkitchen/seq-12/frame-000657.color.png,0.42830217,-0.24339479,0.42610779,0.99396557,0.026768442,-0.098929322,-0.03910097,0.4534667134284973,-0.28201043605804443,0.5127619504928589,0.9979064464569092,0.020011795684695244,-0.03675365820527077,-0.04930964857339859
redkitchen,test,seq-12,redkitchen/seq-12/frame-000658.color.png,0.44686294,-0.23926832,0.42452312,0.993746784,0.027574931,-0.099603238,-0.042262844,0.5084770917892456,-0.27988046407699585,0.4781489968299866,0.9979599714279175,0.016415119171142578,-0.03402239456772804,-0.051468219608068466
redkitchen,test,seq-12,redkitchen/seq-12/frame-000659.color.png,0.44715539,-0.24072279,0.42492947,0.993712785,0.027133039,-0.099902513,-0.042640194,0.5084770917892456,-0.27988046407699585,0.4781489968299866,0.9979599714279175,0.016415119171142578,-0.03402239456772804,-0.051468219608068466
redkitchen,test,seq-12,redkitchen/seq-12/frame-000660.color.png,0.46581492,-0.23785664,0.42368436,0.993553383,0.025448842,-0.101315764,-0.044035744,0.5123281478881836,-0.30644479393959045,0.4710816740989685,0.9968801736831665,0.0044877054169774055,-0.05252411216497421,-0.05874554440379143
redkitchen,test,seq-12,redkitchen/seq-12/frame-000661.color.png,0.4817135,-0.23715104,0.42093477,0.993552505,0.021638361,-0.10210138,-0.044277631,0.503730058670044,-0.3265554904937744,0.4609743058681488,0.9960419535636902,-0.0019241689005866647,-0.06432311981916428,-0.06131366640329361
redkitchen,test,seq-12,redkitchen/seq-12/frame-000662.color.png,0.49978822,-0.24003911,0.41732934,0.993475352,0.018352242,-0.102909652,-0.045601797,0.5506880879402161,-0.3272717595100403,0.43888553977012634,0.996976375579834,-0.0006521235918626189,-0.0543287992477417,-0.055552247911691666
redkitchen,test,seq-12,redkitchen/seq-12/frame-000663.color.png,0.51975155,-0.23813564,0.41496733,0.993299223,0.017946642,-0.103552538,-0.048077472,0.6001046895980835,-0.3105098605155945,0.4696347415447235,0.9967672824859619,0.0018990400712937117,-0.050085388123989105,-0.06279188394546509
redkitchen,test,seq-12,redkitchen/seq-12/frame-000664.color.png,0.52048153,-0.23706068,0.41433448,0.993307932,0.018283933,-0.103390655,-0.048118843,0.6001046895980835,-0.3105098605155945,0.4696347415447235,0.9967672824859619,0.0018990400712937117,-0.050085388123989105,-0.06279188394546509
redkitchen,test,seq-12,redkitchen/seq-12/frame-000665.color.png,0.53472918,-0.23845299,0.41215768,0.993191669,0.01587693,-0.104129597,-0.049751978,0.6088166832923889,-0.286024808883667,0.4887760281562805,0.9971286654472351,0.0035778190940618515,-0.044434137642383575,-0.06121394783258438
redkitchen,test,seq-12,redkitchen/seq-12/frame-000666.color.png,0.55446601,-0.23676708,0.40997937,0.992828595,0.014209649,-0.107537344,-0.050251241,0.6871380805969238,-0.3037586808204651,0.4758867621421814,0.9970665574073792,0.00010189291788265109,-0.0417783260345459,-0.06413155794143677
redkitchen,test,seq-12,redkitchen/seq-12/frame-000667.color.png,0.5711441,-0.23487656,0.40722492,0.992444223,0.011191474,-0.111329663,-0.050347994,0.6788028478622437,-0.2735464572906494,0.46316811442375183,0.9963604807853699,0.0007338818977586925,-0.05468673259019852,-0.06537989526987076
redkitchen,test,seq-12,redkitchen/seq-12/frame-000668.color.png,0.59181476,-0.23478244,0.40378097,0.99208507,0.008482552,-0.114051542,-0.05184116,0.7166197299957275,-0.29091888666152954,0.4407845437526703,0.9957435131072998,-0.006076810881495476,-0.06390751898288727,-0.06613501161336899
redkitchen,test,seq-12,redkitchen/seq-12/frame-000669.color.png,0.60826725,-0.23436302,0.4011713,0.991829942,0.007681849,-0.115275988,-0.054090688,0.7083975076675415,-0.28722095489501953,0.4641548991203308,0.9956939816474915,-0.004915379919111729,-0.06474416702985764,-0.06616207957267761
redkitchen,test,seq-12,redkitchen/seq-12/frame-000670.color.png,0.6093992,-0.23364708,0.40098134,0.991801119,0.007939614,-0.115497616,-0.054109182,0.7083975076675415,-0.28722095489501953,0.4641548991203308,0.9956939816474915,-0.004915379919111729,-0.06474416702985764,-0.06616207957267761
redkitchen,test,seq-12,redkitchen/seq-12/frame-000671.color.png,0.62466127,-0.23209089,0.39912862,0.991627512,0.006898434,-0.116189284,-0.055922625,0.7785409092903137,-0.2764260768890381,0.442884236574173,0.9951398968696594,-0.009912875480949879,-0.07099683582782745,-0.06751161813735962
redkitchen,test,seq-12,redkitchen/seq-12/frame-000672.color.png,0.64342636,-0.23199357,0.39699835,0.991387471,0.005225489,-0.117704808,-0.057176519,0.8121296167373657,-0.277621328830719,0.4375147819519043,0.9936262965202332,-0.01594582386314869,-0.08575888723134995,-0.07139991968870163
redkitchen,test,seq-12,redkitchen/seq-12/frame-000673.color.png,0.65950418,-0.23270503,0.39463663,0.991119137,0.004841992,-0.119684712,-0.057749298,0.8604152798652649,-0.2872481942176819,0.44121432304382324,0.9931331872940063,-0.015613440424203873,-0.0881514847278595,-0.07531239092350006
redkitchen,test,seq-12,redkitchen/seq-12/frame-000674.color.png,0.67681634,-0.22936396,0.39219183,0.99094948,0.006117925,-0.12110814,-0.057571851,0.8156334161758423,-0.26050934195518494,0.45561882853507996,0.9942588210105896,-0.00802111066877842,-0.07822532951831818,-0.07256554067134857
redkitchen,test,seq-12,redkitchen/seq-12/frame-000675.color.png,0.69317567,-0.22702062,0.39024064,0.990828518,0.006013783,-0.123042588,-0.055526601,0.8492237329483032,-0.25166574120521545,0.4546680748462677,0.9942121505737305,-0.017269525676965714,-0.08195635676383972,-0.06728469580411911
redkitchen,test,seq-12,redkitchen/seq-12/frame-000676.color.png,0.69443214,-0.22587834,0.39015645,0.990821742,0.006466732,-0.123055921,-0.055567044,0.8492237329483032,-0.25166574120521545,0.4546680748462677,0.9942121505737305,-0.017269525676965714,-0.08195635676383972,-0.06728469580411911
redkitchen,test,seq-12,redkitchen/seq-12/frame-000677.color.png,0.71109307,-0.22665384,0.388412,0.990635378,0.005218019,-0.125676068,-0.053102224,0.8760218024253845,-0.2713257074356079,0.42870667576789856,0.9936427474021912,-0.019591977819800377,-0.08859363943338394,-0.06664358079433441
redkitchen,test,seq-12,redkitchen/seq-12/frame-000678.color.png,0.72740233,-0.22518766,0.38617703,0.990528464,0.00560326,-0.126820998,-0.052329718,0.8659969568252563,-0.2588004469871521,0.451509565114975,0.9938014149665833,-0.017322607338428497,-0.08944502472877502,-0.063704714179039
redkitchen,test,seq-12,redkitchen/seq-12/frame-000679.color.png,0.7437458,-0.22329298,0.38492772,0.990493188,0.006468757,-0.126638371,-0.053330316,0.8639746308326721,-0.2601574957370758,0.4175477623939514,0.9935601353645325,-0.018399061635136604,-0.09480177611112595,-0.05926460772752762
redkitchen,test,seq-12,redkitchen/seq-12/frame-000680.color.png,0.75964999,-0.22149371,0.38369709,0.99052472,0.007218188,-0.125696133,-0.054855803,0.9021735787391663,-0.2487022876739502,0.40757185220718384,0.9932586550712585,-0.01582353003323078,-0.09729351103305817,-0.060998786240816116
redkitchen,test,seq-12,redkitchen/seq-12/frame-000681.color.png,0.77429152,-0.2210359,0.38294187,0.990605579,0.007222437,-0.124803921,-0.055429268,0.9424859881401062,-0.26197031140327454,0.3705577254295349,0.9935214519500732,-0.022844607010483742,-0.09283148497343063,-0.061445266008377075
redkitchen,test,seq-12,redkitchen/seq-12/frame-000682.color.png,0.78655577,-0.21728067,0.38184246,0.99068477,0.007942988,-0.124073122,-0.055555871,1.0020345449447632,-0.2600647807121277,0.405117928981781,0.9942947030067444,-0.02002362534403801,-0.0886177197098732,-0.055893175303936005
redkitchen,test,seq-12,redkitchen/seq-12/frame-000683.color.png,0.78656006,-0.21610671,0.3811622,0.99072435,0.008290587,-0.123784765,-0.055442406,1.0020345449447632,-0.2600647807121277,0.405117928981781,0.9942947030067444,-0.02002362534403801,-0.0886177197098732,-0.055893175303936005
redkitchen,test,seq-12,redkitchen/seq-12/frame-000684.color.png,0.80023748,-0.21673705,0.38181132,0.99077035,0.007273497,-0.123682874,-0.054988702,0.9912071824073792,-0.2798343300819397,0.4031493365764618,0.9941797256469727,-0.027477523311972618,-0.08870896697044373,-0.054611947387456894
redkitchen,test,seq-12,redkitchen/seq-12/frame-000685.color.png,0.81580472,-0.21429974,0.38141394,0.990876203,0.006927802,-0.123499219,-0.053519152,0.9953751564025879,-0.29119443893432617,0.41818997263908386,0.9953146576881409,-0.025653867051005363,-0.07971159368753433,-0.0483403205871582
redkitchen,test,seq-12,redkitchen/seq-12/frame-000686.color.png,0.82846552,-0.21233816,0.38174722,0.99091017,0.005671259,-0.124015383,-0.05181754,0.9636681079864502,-0.28336483240127563,0.41387516260147095,0.9954463243484497,-0.02541165240108967,-0.07959407567977905,-0.04588775336742401
redkitchen,test,seq-12,redkitchen/seq-12/frame-000687.color.png,0.84368193,-0.21259014,0.38313633,0.99066678,0.003497053,-0.126283645,-0.051181473,1.0214920043945312,-0.28344810009002686,0.4263383150100708,0.9953968524932861,-0.02195891924202442,-0.0804353728890419,-0.04725438728928566
redkitchen,test,seq-12,redkitchen/seq-12/frame-000688.color.png,0.85964268,-0.21434224,0.38377163,0.990461251,0.002340228,-0.127962945,-0.051054077,1.0508801937103271,-0.28349584341049194,0.4743475317955017,0.9945744872093201,-0.023601600900292397,-0.08793748170137405,-0.050315309315919876
redkitchen,test,seq-12,redkitchen/seq-12/frame-000689.color.png,0.87598932,-0.21271621,0.38470837,0.990246475,0.00390986,-0.129443391,-0.051391059,1.0600459575653076,-0.2699797749519348,0.5034328103065491,0.9949334263801575,-0.019518446177244186,-0.08554387092590332,-0.0490792877972126
redkitchen,test,seq-12,redkitchen/seq-12/frame-000690.color.png,0.87531185,-0.21213043,0.38501269,0.990231122,0.004277133,-0.12950851,-0.051493458,1.0600459575653076,-0.2699797749519348,0.5034328103065491,0.9949334263801575,-0.019518446177244186,-0.08554387092590332,-0.0490792877972126
redkitchen,test,seq-12,redkitchen/seq-12/frame-000691.color.png,0.89052594,-0.2145523,0.38612857,0.989998427,0.005056526,-0.131394587,-0.051117594,1.078758955001831,-0.25624555349349976,0.5098079442977905,0.9947379231452942,-0.022524015977978706,-0.08669062703847885,-0.04973805695772171
redkitchen,test,seq-12,redkitchen/seq-12/frame-000692.color.png,0.90874285,-0.21469361,0.38670838,0.989469445,0.008283622,-0.134608966,-0.052554983,1.0940258502960205,-0.23877157270908356,0.5312092900276184,0.9947779774665833,-0.016912758350372314,-0.08524563908576965,-0.05351579934358597
redkitchen,test,seq-12,redkitchen/seq-12/frame-000693.color.png,0.92391545,-0.2134385,0.38774326,0.988861034,0.011579489,-0.137863596,-0.054894434,1.0967377424240112,-0.2445610910654068,0.4949130117893219,0.9958445429801941,-0.01884114183485508,-0.0763789638876915,-0.04587850719690323
redkitchen,test,seq-12,redkitchen/seq-12/frame-000694.color.png,0.93996119,-0.21186811,0.38883647,0.988047389,0.014492327,-0.142013243,-0.058177038,1.0812181234359741,-0.23373036086559296,0.5090251564979553,0.9963718056678772,-0.015201356261968613,-0.07054269313812256,-0.045119721442461014
redkitchen,test,seq-12,redkitchen/seq-12/frame-000695.color.png,0.95660317,-0.21150823,0.39231214,0.987151199,0.016703578,-0.146606841,-0.061318315,1.1237272024154663,-0.2224281281232834,0.49914872646331787,0.9955645799636841,-0.010803737677633762,-0.07660334557294846,-0.053537994623184204
redkitchen,test,seq-12,redkitchen/seq-12/frame-000696.color.png,0.97076881,-0.21273543,0.39443481,0.986285634,0.017511641,-0.150556584,-0.065320023,1.1992818117141724,-0.2426597625017166,0.5070846676826477,0.9934596419334412,-0.013019801117479801,-0.0962766632437706,-0.05999370291829109
redkitchen,test,seq-12,redkitchen/seq-12/frame-000697.color.png,0.9873966,-0.21552552,0.39641082,0.985321111,0.018633657,-0.154612403,-0.069929256,1.192875623703003,-0.2411312460899353,0.4836033582687378,0.9928682446479797,-0.015151837840676308,-0.09842607378959656,-0.06553910672664642
redkitchen,test,seq-12,redkitchen/seq-12/frame-000698.color.png,0.9872818,-0.21496627,0.3968094,0.985271088,0.018976395,-0.154820017,-0.070082399,1.192875623703003,-0.2411312460899353,0.4836033582687378,0.9928682446479797,-0.015151837840676308,-0.09842607378959656,-0.06553910672664642
redkitchen,test,seq-12,redkitchen/seq-12/frame-000699.color.png,1.0055195,-0.21753415,0.39944872,0.984192136,0.02137406,-0.159232051,-0.07452612,1.2169476747512817,-0.23471388220787048,0.5008576512336731,0.993109405040741,-0.008698374964296818,-0.09653796255588531,-0.06586675345897675
redkitchen,test,seq-12,redkitchen/seq-12/frame-000700.color.png,1.0228708,-0.21918564,0.4026565,0.983102924,0.023426836,-0.163911906,-0.078055826,1.188984990119934,-0.2369122952222824,0.5133689641952515,0.99295574426651,-0.010239176452159882,-0.09712093323469162,-0.06709421426057816
redkitchen,test,seq-12,redkitchen/seq-12/frame-000701.color.png,1.0413173,-0.21855779,0.40536621,0.981733509,0.024976029,-0.170369373,-0.080930791,1.1727685928344727,-0.24666090309619904,0.5271300077438354,0.9930069446563721,-0.00498207937926054,-0.09716356545686722,-0.06687085330486298
redkitchen,test,seq-12,redkitchen/seq-12/frame-000702.color.png,1.0599226,-0.218612,0.40900943,0.980501634,0.024637838,-0.175975284,-0.083917954,1.2664672136306763,-0.24357832968235016,0.5014709830284119,0.9903792142868042,-0.0028334390372037888,-0.11709843575954437,-0.07368189841508865
redkitchen,test,seq-12,redkitchen/seq-12/frame-000703.color.png,1.0782566,-0.22179973,0.41198611,0.979808707,0.022731637,-0.17841913,-0.087320006,1.3139711618423462,-0.2433193325996399,0.46940892934799194,0.9886660575866699,-0.003948771860450506,-0.12933795154094696,-0.07612893730401993
redkitchen,test,seq-12,redkitchen/seq-12/frame-000704.color.png,1.0935487,-0.22542247,0.41361305,0.979426381,0.021751249,-0.179309124,-0.089994922,1.3426448106765747,-0.24977487325668335,0.492401123046875,0.9891950488090515,-0.0032778482418507338,-0.1254631131887436,-0.07577133923768997
redkitchen,test,seq-12,redkitchen/seq-12/frame-000705.color.png,1.1085579,-0.22849067,0.4152666,0.978946118,0.022300703,-0.180707375,-0.092260614,1.3719017505645752,-0.26260435581207275,0.5198964476585388,0.9885966777801514,-0.004722984042018652,-0.12699687480926514,-0.08078347146511078
redkitchen,test,seq-12,redkitchen/seq-12/frame-000706.color.png,1.1250627,-0.22901499,0.41796318,0.978396215,0.02420684,-0.182606522,-0.093860182,1.4266420602798462,-0.27610576152801514,0.5455302596092224,0.9868935942649841,-0.003327698213979602,-0.1381174474954605,-0.08338729292154312
redkitchen,test,seq-12,redkitchen/seq-12/frame-000707.color.png,1.1401513,-0.22915588,0.41988093,0.97773027,0.025185522,-0.185592974,-0.094680817,1.4393861293792725,-0.2746499180793762,0.5619458556175232,0.9862545132637024,-0.004178483970463276,-0.14264576137065887,-0.0832868218421936
redkitchen,test,seq-12,redkitchen/seq-12/frame-000708.color.png,1.1561024,-0.23234715,0.42391255,0.976781231,0.024872425,-0.189882094,-0.096044678,1.4435726404190063,-0.24998603761196136,0.5695812106132507,0.9858763813972473,0.0013729061465710402,-0.14355722069740295,-0.08623966574668884
redkitchen,test,seq-12,redkitchen/seq-12/frame-000709.color.png,1.1726902,-0.23312049,0.4277595,0.975827327,0.025161751,-0.194202003,-0.097023174,1.4609018564224243,-0.2715495824813843,0.5585654377937317,0.9835568070411682,0.00026345785590820014,-0.15633730590343475,-0.0904136523604393
redkitchen,test,seq-12,redkitchen/seq-12/frame-000710.color.png,1.1885213,-0.23444462,0.43253437,0.975369397,0.023536255,-0.197331808,-0.095711761,1.5177608728408813,-0.2567466199398041,0.532846212387085,0.9828072786331177,-0.0023748886305838823,-0.1608683466911316,-0.09058456122875214
redkitchen,test,seq-12,redkitchen/seq-12/frame-000711.color.png,1.2041417,-0.23579255,0.43781412,0.975054741,0.020757421,-0.199926771,-0.094162982,1.515631914138794,-0.25462615489959717,0.5184303522109985,0.9842470288276672,-0.004017870873212814,-0.15284933149814606,-0.08876276761293411
redkitchen,test,seq-12,redkitchen/seq-12/frame-000712.color.png,1.2182664,-0.23629032,0.44191146,0.974581305,0.018410533,-0.202403476,-0.094261154,1.5402288436889648,-0.25949421525001526,0.5132731795310974,0.9839210510253906,-0.010443408973515034,-0.15479566156864166,-0.08847956359386444
redkitchen,test,seq-12,redkitchen/seq-12/frame-000713.color.png,1.2319989,-0.23906323,0.44771025,0.973992863,0.016145521,-0.205193997,-0.094724071,1.5230556726455688,-0.24558521807193756,0.5304185748100281,0.9839688539505005,-0.008586063049733639,-0.15436230599880219,-0.08890317380428314
redkitchen,test,seq-12,redkitchen/seq-12/frame-000714.color.png,1.2460506,-0.23983116,0.45352185,0.97326184,0.015120759,-0.20862136,-0.0949204,1.5212379693984985,-0.274392306804657,0.5367783904075623,0.9812469482421875,-0.015478708781301975,-0.16919256746768951,-0.09104286879301071
redkitchen,test,seq-12,redkitchen/seq-12/frame-000715.color.png,1.2625498,-0.24022695,0.46113986,0.97203586,0.014425978,-0.213903037,-0.095831458,1.5652599334716797,-0.2557593584060669,0.5399656295776367,0.9809942245483398,-0.014261051081120968,-0.17004233598709106,-0.09237177670001984
redkitchen,test,seq-12,redkitchen/seq-12/frame-000716.color.png,1.2777576,-0.23983847,0.46829006,0.970862539,0.012782297,-0.2184684,-0.09764272,1.5855157375335693,-0.25424784421920776,0.5222047567367554,0.9812130928039551,-0.018176894634962082,-0.17140883207321167,-0.08665726333856583
redkitchen,test,seq-12,redkitchen/seq-12/frame-000717.color.png,1.2927512,-0.23839751,0.47601044,0.969713925,0.010896837,-0.222655195,-0.099803939,1.57913076877594,-0.29015105962753296,0.5127848386764526,0.9800890684127808,-0.018791159614920616,-0.17675358057022095,-0.08848962932825089
redkitchen,test,seq-12,redkitchen/seq-12/frame-000718.color.png,1.3084162,-0.23929477,0.48483053,0.968722563,0.008035144,-0.225712242,-0.102791129,1.5569120645523071,-0.2888111472129822,0.4668298065662384,0.9793918132781982,-0.02692706137895584,-0.17993305623531342,-0.08769668638706207
redkitchen,test,seq-12,redkitchen/seq-12/frame-000719.color.png,1.3221112,-0.23898567,0.49103951,0.968091699,0.004827362,-0.227264847,-0.105479138,1.6003540754318237,-0.2640300989151001,0.5003090500831604,0.9777658581733704,-0.027687691152095795,-0.18827569484710693,-0.08808858692646027
redkitchen,test,seq-12,redkitchen/seq-12/frame-000720.color.png,1.3334494,-0.24447614,0.49826565,0.967315273,0.001059143,-0.229223339,-0.108428325,1.6501737833023071,-0.26048994064331055,0.5628764629364014,0.9762463569641113,-0.030088437721133232,-0.19156242907047272,-0.0966520830988884
redkitchen,test,seq-12,redkitchen/seq-12/frame-000721.color.png,1.3497335,-0.25198147,0.50547445,0.966189981,0.001010256,-0.231696337,-0.113104849,1.646851658821106,-0.30152589082717896,0.6167058944702148,0.9734998345375061,-0.024831069633364677,-0.20476634800434113,-0.09875327348709106
redkitchen,test,seq-12,redkitchen/seq-12/frame-000722.color.png,1.3709025,-0.25725287,0.51589233,0.965628731,0.00407869,-0.232993095,-0.115146582,1.6289645433425903,-0.30863234400749207,0.5690293908119202,0.9760659337043762,-0.020202213898301125,-0.18826207518577576,-0.10697963088750839
redkitchen,test,seq-12,redkitchen/seq-12/frame-000723.color.png,1.3863759,-0.25635487,0.52425992,0.965852099,0.0063394,-0.231929031,-0.115318947,1.6439257860183716,-0.2951880693435669,0.5336757898330688,0.9756456613540649,-0.018994268029928207,-0.19039286673069,-0.10726278275251389
redkitchen,test,seq-12,redkitchen/seq-12/frame-000724.color.png,1.3985231,-0.26135734,0.53103012,0.965786338,0.004142127,-0.231850878,-0.116123911,1.6671079397201538,-0.3076006770133972,0.5478317737579346,0.9747241139411926,-0.02238311432301998,-0.19301697611808777,-0.1102558821439743
redkitchen,test,seq-12,redkitchen/seq-12/frame-000725.color.png,1.4129372,-0.26416767,0.53858405,0.965189335,0.003980595,-0.233246349,-0.118278669,1.6805611848831177,-0.295059472322464,0.5550056099891663,0.9729653596878052,-0.01927117630839348,-0.1998482048511505,-0.11413906514644623
redkitchen,test,seq-12,redkitchen/seq-12/frame-000726.color.png,1.4286321,-0.2709147,0.54697084,0.964396877,0.003039371,-0.234962794,-0.121333881,1.6991631984710693,-0.30939942598342896,0.5855621695518494,0.9723663330078125,-0.016737591475248337,-0.20108658075332642,-0.1174214705824852
redkitchen,test,seq-12,redkitchen/seq-12/frame-000727.color.png,1.4461882,-0.27642116,0.55272955,0.964117058,0.00459268,-0.235630643,-0.122210497,1.7067946195602417,-0.2919030785560608,0.5765894651412964,0.9748666286468506,-0.013496910221874714,-0.18643119931221008,-0.12122824043035507
redkitchen,test,seq-12,redkitchen/seq-12/frame-000728.color.png,1.4626118,-0.28015471,0.5593884,0.964209205,0.007969219,-0.235162393,-0.122211903,1.643807291984558,-0.28381556272506714,0.5027804374694824,0.9762323498725891,-0.012643005698919296,-0.1815011203289032,-0.11776189506053925
redkitchen,test,seq-12,redkitchen/seq-12/frame-000729.color.png,1.4788098,-0.28587213,0.56889349,0.963990532,0.012083134,-0.23509298,-0.123723656,1.6790136098861694,-0.26626279950141907,0.5161508917808533,0.9759482741355896,-0.0009618224576115608,-0.17874585092067719,-0.12479569762945175
redkitchen,test,seq-12,redkitchen/seq-12/frame-000730.color.png,1.4960947,-0.28979358,0.57727778,0.963750449,0.018096601,-0.234350194,-0.126244096,1.781347632408142,-0.2655154764652252,0.5437199473381042,0.9736783504486084,0.01011602208018303,-0.1883869171142578,-0.12790071964263916
redkitchen,test,seq-12,redkitchen/seq-12/frame-000731.color.png,1.5131692,-0.29096523,0.58760923,0.963725617,0.02489892,-0.232653834,-0.1283946,1.8638416528701782,-0.27431565523147583,0.6162158250808716,0.9726529717445374,0.015350869856774807,-0.19432690739631653,-0.12628374993801117
redkitchen,test,seq-12,redkitchen/seq-12/frame-000732.color.png,1.5243744,-0.29213294,0.59605372,0.964064647,0.029828306,-0.230403425,-0.128856085,1.9192402362823486,-0.2585451602935791,0.6560218334197998,0.9716825485229492,0.01562766544520855,-0.19767485558986664,-0.12850485742092133
redkitchen,test,seq-12,redkitchen/seq-12/frame-000733.color.png,1.539039,-0.29618067,0.60572678,0.963895105,0.03380797,-0.230858486,-0.128326175,1.8995829820632935,-0.2530955374240875,0.6683371067047119,0.969089925289154,0.0199128407984972,-0.2079554945230484,-0.13123518228530884
redkitchen,test,seq-12,redkitchen/seq-12/frame-000734.color.png,1.5571758,-0.29835752,0.61767668,0.963370392,0.038119929,-0.232984098,-0.127211509,1.9173455238342285,-0.2788723111152649,0.6585462689399719,0.9693116545677185,0.024453995749354362,-0.20542721450328827,-0.13280263543128967
redkitchen,test,seq-12,redkitchen/seq-12/frame-000735.color.png,1.5766007,-0.30019128,0.6307739,0.963008284,0.040702179,-0.234675715,-0.126038432,1.863025188446045,-0.29627373814582825,0.6447538733482361,0.9723180532455444,0.032143738120794296,-0.19255311787128448,-0.12840408086776733
redkitchen,test,seq-12,redkitchen/seq-12/frame-000736.color.png,1.5953144,-0.30372778,0.64281946,0.963279791,0.042671951,-0.233772397,-0.124986457,1.8609055280685425,-0.26708149909973145,0.6748769879341125,0.9725188612937927,0.03662740811705589,-0.1934145838022232,-0.12432335317134857
redkitchen,test,seq-12,redkitchen/seq-12/frame-000737.color.png,1.6038841,-0.30505463,0.65446347,0.963716877,0.045645559,-0.231997009,-0.123869493,1.8105370998382568,-0.25753799080848694,0.7136412858963013,0.9706860780715942,0.048911500722169876,-0.19661614298820496,-0.1292990744113922
redkitchen,test,seq-12,redkitchen/seq-12/frame-000738.color.png,1.6147349,-0.30747762,0.66700888,0.964112317,0.047758214,-0.23032022,-0.123122662,1.7850313186645508,-0.2650728225708008,0.7798839807510376,0.9698233604431152,0.05466415733098984,-0.20231114327907562,-0.12459765374660492
redkitchen,test,seq-12,redkitchen/seq-12/frame-000739.color.png,1.6249413,-0.3125098,0.67998701,0.964094833,0.050627539,-0.229459406,-0.123718979,1.7981476783752441,-0.2759777903556824,0.7993857264518738,0.9686841368675232,0.05263449624180794,-0.20695984363555908,-0.1266816407442093
redkitchen,test,seq-12,redkitchen/seq-12/frame-000740.color.png,1.6339797,-0.31728473,0.69312614,0.963900991,0.056904181,-0.228125895,-0.12496147,1.7891829013824463,-0.2970435619354248,0.850612223148346,0.9656108021736145,0.06327667087316513,-0.21673229336738586,-0.12891483306884766
redkitchen,test,seq-12,redkitchen/seq-12/frame-000741.color.png,1.6476741,-0.31500533,0.7103914,0.964041414,0.063979038,-0.226385635,-0.123613833,1.8278871774673462,-0.29586756229400635,0.81498122215271,0.9673023819923401,0.0695265457034111,-0.20999914407730103,-0.12406639754772186
redkitchen,test,seq-12,redkitchen/seq-12/frame-000742.color.png,1.6540741,-0.31490585,0.72553653,0.964600149,0.066659663,-0.224774678,-0.120745132,1.8106204271316528,-0.3108275830745697,0.8431949615478516,0.9641068577766418,0.06592825800180435,-0.21998172998428345,-0.13326522707939148
redkitchen,test,seq-12,redkitchen/seq-12/frame-000743.color.png,1.6599852,-0.31852466,0.7392782,0.96460129,0.067829625,-0.225469797,-0.118772319,1.8424979448318481,-0.30575400590896606,0.8566997647285461,0.963507354259491,0.07659775763750076,-0.2196888029575348,-0.1323750913143158
redkitchen,test,seq-12,redkitchen/seq-12/frame-000744.color.png,1.6664234,-0.32288182,0.75561368,0.964665311,0.06897035,-0.225703361,-0.117140606,1.7964531183242798,-0.309522807598114,0.8772733211517334,0.9632911086082458,0.08451817184686661,-0.22087693214416504,-0.1270449161529541
redkitchen,test,seq-12,redkitchen/seq-12/frame-000745.color.png,1.6712277,-0.32710803,0.77075511,0.96497893,0.070137116,-0.224332733,-0.116495813,1.8111498355865479,-0.33365529775619507,0.8870088458061218,0.9642000794410706,0.08621735125780106,-0.21928833425045013,-0.12164406478404999
redkitchen,test,seq-12,redkitchen/seq-12/frame-000746.color.png,1.6786432,-0.33475032,0.78655159,0.964911759,0.072840065,-0.223176359,-0.117609248,1.7868943214416504,-0.3374209403991699,0.8902653455734253,0.9623353481292725,0.09111228585243225,-0.22348126769065857,-0.1251610815525055
redkitchen,test,seq-12,redkitchen/seq-12/frame-000747.color.png,1.6829331,-0.34126487,0.80258811,0.964880931,0.077147958,-0.221184301,-0.118871722,1.736423373222351,-0.3280757665634155,0.8640661835670471,0.9616683125495911,0.09099169820547104,-0.22380331158638,-0.1297176629304886
redkitchen,test,seq-12,redkitchen/seq-12/frame-000748.color.png,1.690583,-0.34954017,0.81965017,0.964885974,0.081073293,-0.218754987,-0.120699771,1.7739651203155518,-0.319532573223114,0.853535532951355,0.96021968126297,0.08796568214893341,-0.23188890516757965,-0.1283266544342041
redkitchen,test,seq-12,redkitchen/seq-12/frame-000749.color.png,1.7008376,-0.35598069,0.83869541,0.964816052,0.085078541,-0.216838517,-0.121953619,1.8267539739608765,-0.3531286120414734,0.9248943328857422,0.959747314453125,0.08140549063682556,-0.24273964762687683,-0.11548075824975967
redkitchen,test,seq-12,redkitchen/seq-12/frame-000750.color.png,1.6994783,-0.36357072,0.85432172,0.96467135,0.088058618,-0.214501855,-0.125075259,1.8308517932891846,-0.35146546363830566,0.9600995182991028,0.9610595107078552,0.08786004781723022,-0.23174059391021729,-0.12223553657531738
redkitchen,test,seq-12,redkitchen/seq-12/frame-000751.color.png,1.7009159,-0.37231189,0.86934489,0.964109215,0.09334806,-0.212564903,-0.128824388,1.775510549545288,-0.3811611533164978,0.9865841269493103,0.9570020437240601,0.0848742127418518,-0.24428169429302216,-0.13141481578350067
redkitchen,test,seq-12,redkitchen/seq-12/frame-000752.color.png,1.7056051,-0.37590498,0.88704121,0.963444773,0.101856932,-0.211209616,-0.129575587,1.717324137687683,-0.47685182094573975,1.0487738847732544,0.9571218490600586,0.08862572908401489,-0.23959553241729736,-0.13659143447875977
redkitchen,test,seq-12,redkitchen/seq-12/frame-000753.color.png,1.7058258,-0.38314807,0.9032883,0.962846255,0.108088373,-0.209490506,-0.131748705,1.7711806297302246,-0.48267126083374023,1.0576908588409424,0.9614512324333191,0.0949452817440033,-0.21669124066829681,-0.14014939963817596
redkitchen,test,seq-12,redkitchen/seq-12/frame-000754.color.png,1.7038372,-0.38830346,0.91691893,0.962231285,0.114802025,-0.206941662,-0.134560761,1.778574824333191,-0.5174461007118225,1.142143726348877,0.9619757533073425,0.09740573912858963,-0.21045802533626556,-0.1442989856004715
redkitchen,test,seq-12,redkitchen/seq-12/frame-000755.color.png,1.7050492,-0.39392745,0.93239784,0.961594663,0.121810677,-0.205343636,-0.135395178,1.7136423587799072,-0.5289772152900696,1.124017596244812,0.9597107768058777,0.10161963850259781,-0.21515633165836334,-0.14945407211780548
redkitchen,test,seq-12,redkitchen/seq-12/frame-000756.color.png,1.7072898,-0.40078434,0.9483273,0.96073653,0.12862104,-0.204807582,-0.135999272,1.7228455543518066,-0.551863431930542,1.1281251907348633,0.9583703279495239,0.0983896404504776,-0.2284599244594574,-0.14018474519252777
redkitchen,test,seq-12,redkitchen/seq-12/frame-000757.color.png,1.7069918,-0.40537512,0.96351606,0.96029956,0.132450142,-0.205318748,-0.134632562,1.7276517152786255,-0.5339793562889099,1.1077766418457031,0.9583990573883057,0.09974010288715363,-0.2266557365655899,-0.14195194840431213
redkitchen,test,seq-12,redkitchen/seq-12/frame-000758.color.png,1.7125019,-0.40955427,0.98020655,0.960140081,0.133511151,-0.207375838,-0.13153349,1.7206416130065918,-0.5199599862098694,1.1230626106262207,0.9600011706352234,0.10459882020950317,-0.21746590733528137,-0.14200545847415924
redkitchen,test,seq-12,redkitchen/seq-12/frame-000759.color.png,1.7179794,-0.41588819,0.99799395,0.960252771,0.132513303,-0.209684651,-0.128012449,1.7141286134719849,-0.5293453335762024,1.1447157859802246,0.9570320844650269,0.10229668021202087,-0.23148782551288605,-0.14155708253383636
redkitchen,test,seq-12,redkitchen/seq-12/frame-000760.color.png,1.7174345,-0.41850904,1.0145799,0.960521436,0.131560091,-0.210492996,-0.125631253,1.7071897983551025,-0.5276647806167603,1.1294739246368408,0.9595822095870972,0.10037393867969513,-0.22203917801380157,-0.14080393314361572
redkitchen,test,seq-12,redkitchen/seq-12/frame-000761.color.png,1.718142,-0.42654955,1.0307631,0.960718711,0.129717012,-0.211732811,-0.12394463,1.73625910282135,-0.5427332520484924,1.175144910812378,0.959105908870697,0.09934467077255249,-0.22620734572410583,-0.13811835646629333
redkitchen,test,seq-12,redkitchen/seq-12/frame-000762.color.png,1.7179649,-0.4339557,1.0461429,0.960648072,0.128958698,-0.214242377,-0.120934445,1.7483450174331665,-0.5611251592636108,1.2307610511779785,0.9564257860183716,0.0967482477426529,-0.2390245944261551,-0.1369553953409195
redkitchen,test,seq-12,redkitchen/seq-12/frame-000763.color.png,1.7182475,-0.43957141,1.0623062,0.959682425,0.131038803,-0.217565506,-0.120431412,1.7547332048416138,-0.601021409034729,1.2818326950073242,0.9551715850830078,0.09739772975444794,-0.24573686718940735,-0.13332036137580872
redkitchen,test,seq-12,redkitchen/seq-12/frame-000764.color.png,1.7195224,-0.44459492,1.0792443,0.958640821,0.134716551,-0.219613538,-0.120950907,1.7871778011322021,-0.6163055896759033,1.3171710968017578,0.9557167887687683,0.09571652859449387,-0.2432900220155716,-0.13510555028915405
redkitchen,test,seq-12,redkitchen/seq-12/frame-000765.color.png,1.7202787,-0.44879538,1.0947933,0.957966605,0.138491336,-0.221025174,-0.11944876,1.7978378534317017,-0.6325485110282898,1.3544176816940308,0.9537145495414734,0.09591349959373474,-0.2507588267326355,-0.13545946776866913
redkitchen,test,seq-12,redkitchen/seq-12/frame-000766.color.png,1.7227035,-0.45379695,1.1106285,0.957224566,0.140616665,-0.224153151,-0.117061728,1.7754958868026733,-0.6427016258239746,1.3576409816741943,0.955382764339447,0.09384387731552124,-0.2511084973812103,-0.1240224540233612
redkitchen,test,seq-12,redkitchen/seq-12/frame-000767.color.png,1.727744,-0.45521945,1.1284304,0.955982516,0.143909796,-0.22746409,-0.116822464,1.751599907875061,-0.6517083644866943,1.369652509689331,0.9531723856925964,0.09456092864274979,-0.2569464147090912,-0.1284494400024414
redkitchen,test,seq-12,redkitchen/seq-12/frame-000768.color.png,1.7251421,-0.45901796,1.144576,0.955148143,0.14725815,-0.228218677,-0.117997026,1.7470159530639648,-0.6663223505020142,1.3994901180267334,0.9529462456703186,0.09537922590970993,-0.2595725953578949,-0.1241704672574997
redkitchen,test,seq-12,redkitchen/seq-12/frame-000769.color.png,1.7255827,-0.466306,1.159743,0.954398559,0.14876326,-0.23008779,-0.118543209,1.758764624595642,-0.6881517171859741,1.4132041931152344,0.9512099623680115,0.09061083197593689,-0.26596465706825256,-0.12748317420482635
redkitchen,test,seq-12,redkitchen/seq-12/frame-000770.color.png,1.7259823,-0.47240636,1.1758596,0.953256093,0.150272339,-0.233203497,-0.119737936,1.7408640384674072,-0.6873633861541748,1.4338245391845703,0.9506101012229919,0.09433581680059433,-0.26600462198257446,-0.1291615217924118
redkitchen,test,seq-12,redkitchen/seq-12/frame-000771.color.png,1.7253374,-0.47808093,1.19159,0.952215259,0.151548003,-0.236615542,-0.119717952,1.7334952354431152,-0.6913168430328369,1.4223332405090332,0.9492924213409424,0.10063333809375763,-0.2673937976360321,-0.131214901804924
redkitchen,test,seq-12,redkitchen/seq-12/frame-000772.color.png,1.7277274,-0.4860861,1.2072186,0.950582417,0.153284237,-0.242149237,-0.119418414,1.741585612297058,-0.7078004479408264,1.4492357969284058,0.9521887898445129,0.09780492633581161,-0.2598126232624054,-0.1275460571050644
redkitchen,test,seq-12,redkitchen/seq-12/frame-000773.color.png,1.7300612,-0.48952201,1.2231121,0.948507423,0.156773083,-0.246728594,-0.121987173,1.755837321281433,-0.6993300914764404,1.4737465381622314,0.9474650025367737,0.1006244644522667,-0.26630425453186035,-0.1458316147327423
redkitchen,test,seq-12,redkitchen/seq-12/frame-000774.color.png,1.7338139,-0.50360823,1.2528073,0.945597812,0.159149579,-0.252652049,-0.129163201,1.7048826217651367,-0.6796957850456238,1.4044424295425415,0.9478421807289124,0.10473228245973587,-0.2652755379676819,-0.14232084155082703
redkitchen,test,seq-12,redkitchen/seq-12/frame-000775.color.png,1.7329367,-0.51182044,1.2670126,0.944007138,0.159278171,-0.257526636,-0.131000072,1.7170239686965942,-0.6792082190513611,1.4249563217163086,0.9441084861755371,0.11008981615304947,-0.2782133221626282,-0.1383354365825653
redkitchen,test,seq-12,redkitchen/seq-12/frame-000776.color.png,1.7334454,-0.51904297,1.2824535,0.942166727,0.159256638,-0.263951672,-0.13148649,1.6490613222122192,-0.6814573407173157,1.4075815677642822,0.9413372278213501,0.10941410809755325,-0.2889038324356079,-0.13582159578800201
redkitchen,test,seq-12,redkitchen/seq-12/frame-000777.color.png,1.7321116,-0.52875465,1.2963072,0.940405877,0.15709281,-0.271394313,-0.131543768,1.7004284858703613,-0.6893155574798584,1.448688268661499,0.9407761693000793,0.10986156761646271,-0.29228243231773376,-0.13206641376018524
redkitchen,test,seq-12,redkitchen/seq-12/frame-000778.color.png,1.7324529,-0.53704524,1.3119581,0.938514295,0.155067753,-0.279413984,-0.130662682,1.7210201025009155,-0.6845127940177917,1.4823778867721558,0.9332028031349182,0.10704196244478226,-0.31603142619132996,-0.13341137766838074
redkitchen,test,seq-12,redkitchen/seq-12/frame-000779.color.png,1.7344481,-0.54553866,1.3278952,0.936162497,0.15534747,-0.286088071,-0.132742449,1.7306350469589233,-0.6771710515022278,1.5089657306671143,0.9357240796089172,0.10565382242202759,-0.30622971057891846,-0.1395743191242218
redkitchen,test,seq-12,redkitchen/seq-12/frame-000780.color.png,1.7338048,-0.55369431,1.3419521,0.9340625,0.155289683,-0.292182384,-0.134319823,1.6886906623840332,-0.6590664386749268,1.4499456882476807,0.9373270273208618,0.11037670820951462,-0.30244508385658264,-0.13327379524707794
redkitchen,test,seq-12,redkitchen/seq-12/frame-000781.color.png,1.7321568,-0.56198519,1.3562757,0.931653119,0.154509973,-0.299420513,-0.136001803,1.6568610668182373,-0.6815344095230103,1.4771486520767212,0.9374827146530151,0.11355966329574585,-0.3023317754268646,-0.1297149956226349
redkitchen,test,seq-12,redkitchen/seq-12/frame-000782.color.png,1.7330121,-0.56483877,1.3712732,0.928992777,0.154362224,-0.306873048,-0.137744894,1.6248167753219604,-0.6964086294174194,1.4728996753692627,0.935509204864502,0.1097860261797905,-0.3080316185951233,-0.133739173412323
redkitchen,test,seq-12,redkitchen/seq-12/frame-000783.color.png,1.7303413,-0.57139355,1.3843023,0.926514228,0.152896732,-0.31446321,-0.138949145,1.652868390083313,-0.690759539604187,1.520410180091858,0.9292351603507996,0.11597917228937149,-0.3245799243450165,-0.1331116408109665
redkitchen,test,seq-12,redkitchen/seq-12/frame-000784.color.png,1.7274377,-0.57394207,1.3995519,0.923786652,0.15290285,-0.322394907,-0.138926112,1.6431913375854492,-0.683096706867218,1.5238726139068604,0.9297926425933838,0.1209888607263565,-0.32067880034446716,-0.13421079516410828
redkitchen,test,seq-12,redkitchen/seq-12/frame-000785.color.png,1.7232943,-0.57923621,1.4111028,0.92164989,0.152992216,-0.32802762,-0.139831121,1.7031793594360352,-0.7467740178108215,1.555389404296875,0.9280691742897034,0.1181522086262703,-0.32782095670700073,-0.13138160109519958
redkitchen,test,seq-12,redkitchen/seq-12/frame-000786.color.png,1.716267,-0.5842135,1.4384551,0.918791034,0.144901008,-0.340599462,-0.137181411,1.7182363271713257,-0.7716608047485352,1.5859034061431885,0.9276720881462097,0.10290677100419998,-0.33724942803382874,-0.12287196516990662
redkitchen,test,seq-12,redkitchen/seq-12/frame-000787.color.png,1.7124459,-0.58650923,1.4527137,0.916789324,0.143367022,-0.346417602,-0.137615688,1.6707955598831177,-0.7558320164680481,1.6130585670471191,0.9254620671272278,0.10649175941944122,-0.342032790184021,-0.12326044589281082
redkitchen,test,seq-12,redkitchen/seq-12/frame-000788.color.png,1.7079576,-0.59141862,1.467011,0.914761848,0.143338572,-0.350857958,-0.139869615,1.642992615699768,-0.7625393867492676,1.6234902143478394,0.922957718372345,0.10981462895870209,-0.3459107279777527,-0.1282019317150116
redkitchen,test,seq-12,redkitchen/seq-12/frame-000789.color.png,1.7004814,-0.59459662,1.4779859,0.913293737,0.142961431,-0.354234985,-0.141329947,1.6186596155166626,-0.7521619200706482,1.623823881149292,0.9227160215377808,0.10818514227867126,-0.34724506735801697,-0.127717524766922
redkitchen,test,seq-12,redkitchen/seq-12/frame-000790.color.png,1.6969113,-0.59441626,1.4927801,0.911327833,0.142859001,-0.358766186,-0.142687454,1.6264963150024414,-0.7757278680801392,1.657068133354187,0.9222503304481506,0.10284063965082169,-0.34823259711265564,-0.1327107846736908
redkitchen,test,seq-12,redkitchen/seq-12/frame-000791.color.png,1.6843253,-0.59595931,1.5202234,0.909319068,0.143182622,-0.363932297,-0.142094518,1.592966079711914,-0.7675575017929077,1.645754098892212,0.9243161082267761,0.10379423946142197,-0.3452529013156891,-0.12516775727272034
redkitchen,test,seq-12,redkitchen/seq-12/frame-000792.color.png,1.6747217,-0.59992236,1.5329497,0.908359799,0.139979003,-0.368188665,-0.140447359,1.5614815950393677,-0.7969014048576355,1.6409261226654053,0.9239251017570496,0.09979093074798584,-0.3476530909538269,-0.12466555833816528
redkitchen,test,seq-12,redkitchen/seq-12/frame-000793.color.png,1.6668026,-0.59860319,1.5460289,0.907240886,0.137707153,-0.372160907,-0.139452405,1.5904167890548706,-0.8278825283050537,1.6728477478027344,0.9216449856758118,0.09640779346227646,-0.35305073857307434,-0.1289619356393814
redkitchen,test,seq-12,redkitchen/seq-12/frame-000794.color.png,1.6565741,-0.60262078,1.5589558,0.906012788,0.134909494,-0.376364938,-0.13888733,1.5933722257614136,-0.8312667608261108,1.6762418746948242,0.9198402762413025,0.09389765560626984,-0.35820114612579346,-0.12949542701244354
redkitchen,test,seq-12,redkitchen/seq-12/frame-000795.color.png,1.6397871,-0.60475492,1.5861125,0.903143577,0.136674385,-0.38269816,-0.138542091,1.5474488735198975,-0.8436642289161682,1.6838953495025635,0.9154447913169861,0.10021896660327911,-0.36466652154922485,-0.13760526478290558
redkitchen,test,seq-12,redkitchen/seq-12/frame-000796.color.png,1.6298552,-0.60762846,1.597836,0.902196709,0.138507553,-0.384853936,-0.13690947,1.5972909927368164,-0.844419002532959,1.6944512128829956,0.9154878854751587,0.10240011662244797,-0.3653477728366852,-0.13385485112667084
redkitchen,test,seq-12,redkitchen/seq-12/frame-000797.color.png,1.6206862,-0.60926151,1.6115403,0.901549066,0.138181405,-0.388002205,-0.132549875,1.620381474494934,-0.8179139494895935,1.7025690078735352,0.9134411215782166,0.10431526601314545,-0.3721397817134857,-0.12749700248241425
redkitchen,test,seq-12,redkitchen/seq-12/frame-000798.color.png,1.609712,-0.6113168,1.625047,0.900415349,0.136543221,-0.392246792,-0.129424115,1.5726131200790405,-0.8217984437942505,1.6567027568817139,0.9154642820358276,0.10120470076799393,-0.3686022460460663,-0.12575848400592804
redkitchen,test,seq-12,redkitchen/seq-12/frame-000799.color.png,1.5905464,-0.6179269,1.6496739,0.896979249,0.136058592,-0.399366456,-0.131995152,1.5824922323226929,-0.8352285027503967,1.6709831953048706,0.9119722247123718,0.09698197990655899,-0.3777991533279419,-0.12715739011764526
redkitchen,test,seq-12,redkitchen/seq-12/frame-000800.color.png,1.5794528,-0.61691648,1.6603001,0.895605972,0.135700517,-0.401750457,-0.134431702,1.6241077184677124,-0.8603812456130981,1.7288120985031128,0.9086792469024658,0.10045350342988968,-0.38198167085647583,-0.13528192043304443
redkitchen,test,seq-12,redkitchen/seq-12/frame-000801.color.png,1.5687122,-0.62087679,1.6724036,0.893746405,0.134801244,-0.405667804,-0.135939766,1.6095472574234009,-0.8554638624191284,1.731637954711914,0.9109508991241455,0.09570460021495819,-0.37987378239631653,-0.1292484849691391
redkitchen,test,seq-12,redkitchen/seq-12/frame-000802.color.png,1.5599475,-0.6213212,1.6843094,0.891660492,0.136450006,-0.409614847,-0.136156672,1.603102684020996,-0.8627714514732361,1.7361921072006226,0.9087418913841248,0.10414339601993561,-0.380924254655838,-0.1350516974925995
redkitchen,test,seq-12,redkitchen/seq-12/frame-000803.color.png,1.5388265,-0.62113416,1.7079425,0.887731925,0.137147089,-0.418399501,-0.134404473,1.5810039043426514,-0.8453572988510132,1.7192074060440063,0.9037330150604248,0.10437062382698059,-0.39046967029571533,-0.14109155535697937
redkitchen,test,seq-12,redkitchen/seq-12/frame-000804.color.png,1.5270286,-0.62436306,1.7168015,0.885710378,0.135089176,-0.423129974,-0.135015059,1.5813153982162476,-0.8518708348274231,1.733715534210205,0.9038258194923401,0.11010091751813889,-0.3883003890514374,-0.142124742269516
redkitchen,test,seq-12,redkitchen/seq-12/frame-000805.color.png,1.5155206,-0.62823057,1.7254368,0.883920699,0.13272169,-0.428107107,-0.133392114,1.5991564989089966,-0.8403770923614502,1.7398144006729126,0.9019798636436462,0.11186046153306961,-0.39373040199279785,-0.13746248185634613
redkitchen,test,seq-12,redkitchen/seq-12/frame-000806.color.png,1.4941899,-0.63119429,1.7481902,0.878901997,0.131590919,-0.43985799,-0.129383379,1.6161260604858398,-0.8073609471321106,1.7481602430343628,0.8948603272438049,0.1150599792599678,-0.40870121121406555,-0.13765698671340942
redkitchen,test,seq-12,redkitchen/seq-12/frame-000807.color.png,1.4830122,-0.63073367,1.7584001,0.87663478,0.130709983,-0.445104323,-0.127704755,1.6241624355316162,-0.8117303848266602,1.7427157163619995,0.897282063961029,0.11482058465480804,-0.40472620725631714,-0.133782297372818
redkitchen,test,seq-12,redkitchen/seq-12/frame-000808.color.png,1.472854,-0.63149959,1.7677042,0.874349956,0.129843057,-0.450156355,-0.126539282,1.6020383834838867,-0.8009980320930481,1.7119731903076172,0.9017011523246765,0.11386321485042572,-0.396369606256485,-0.12985114753246307
redkitchen,test,seq-12,redkitchen/seq-12/frame-000809.color.png,1.4632126,-0.62960863,1.7783439,0.872255778,0.129177485,-0.454605629,-0.125764688,1.63673996925354,-0.8213633298873901,1.7034695148468018,0.8967610001564026,0.1103312075138092,-0.4075758457183838,-0.13239599764347076
redkitchen,test,seq-12,redkitchen/seq-12/frame-000810.color.png,1.4429405,-0.63242799,1.7953501,0.868572129,0.126727017,-0.462483002,-0.125028772,1.6145392656326294,-0.818927526473999,1.7410019636154175,0.8934808373451233,0.11205984652042389,-0.41623345017433167,-0.12603318691253662
redkitchen,test,seq-12,redkitchen/seq-12/frame-000811.color.png,1.4302602,-0.63247603,1.804351,0.866395363,0.127240165,-0.466781899,-0.123627159,1.5723472833633423,-0.8063293099403381,1.7466068267822266,0.8948125839233398,0.11776010692119598,-0.4120523929595947,-0.12512321770191193
redkitchen,test,seq-12,redkitchen/seq-12/frame-000812.color.png,1.4220644,-0.63334101,1.8166547,0.863477719,0.126633226,-0.473207575,-0.120186712,1.5020138025283813,-0.7804891467094421,1.7239934206008911,0.895071268081665,0.11671323329210281,-0.4136824905872345,-0.11871031671762466
redkitchen,test,seq-12,redkitchen/seq-12/frame-000813.color.png,1.4034781,-0.63146716,1.8391846,0.857207216,0.125937078,-0.485468223,-0.116859941,1.3787819147109985,-0.7395714521408081,1.6604604721069336,0.8914114832878113,0.1101791113615036,-0.42118069529533386,-0.12590843439102173
redkitchen,test,seq-12,redkitchen/seq-12/frame-000814.color.png,1.3941617,-0.63007915,1.8502383,0.854352858,0.125079797,-0.491090676,-0.115178936,1.3579785823822021,-0.7333816289901733,1.67991304397583,0.8935808539390564,0.11015266180038452,-0.4166286885738373,-0.12569847702980042
redkitchen,test,seq-12,redkitchen/seq-12/frame-000815.color.png,1.3838258,-0.63128716,1.8588445,0.851506832,0.125122418,-0.496011677,-0.115121288,1.3856347799301147,-0.7162855267524719,1.6417804956436157,0.8892826437950134,0.11369622498750687,-0.422999769449234,-0.13160839676856995
redkitchen,test,seq-12,redkitchen/seq-12/frame-000816.color.png,1.3655695,-0.62974566,1.879123,0.844915307,0.127659285,-0.50714316,-0.112370135,1.3444374799728394,-0.663243293762207,1.6181474924087524,0.8875105381011963,0.10560205578804016,-0.42723822593688965,-0.13653093576431274
redkitchen,test,seq-12,redkitchen/seq-12/frame-000817.color.png,1.3559099,-0.63182122,1.8857887,0.841146185,0.129008862,-0.51354298,-0.11001553,1.314876914024353,-0.6298156976699829,1.602090835571289,0.8829644322395325,0.11035552620887756,-0.4354231357574463,-0.13639000058174133
redkitchen,test,seq-12,redkitchen/seq-12/frame-000818.color.png,1.3478334,-0.62931085,1.8961176,0.837143788,0.132404803,-0.519731251,-0.107418218,1.300201416015625,-0.6460137963294983,1.5956401824951172,0.8779678344726562,0.11021751910448074,-0.4461401104927063,-0.1341029703617096
redkitchen,test,seq-12,redkitchen/seq-12/frame-000819.color.png,1.3347932,-0.63515502,1.9151638,0.830134892,0.133984571,-0.529790658,-0.11066189,1.3611890077590942,-0.710180938243866,1.7206823825836182,0.8706365823745728,0.11354991048574448,-0.4531289339065552,-0.15418322384357452
redkitchen,test,seq-12,redkitchen/seq-12/frame-000820.color.png,1.3290318,-0.6412257,1.9241359,0.827084457,0.133490265,-0.533959483,-0.114012807,1.2608839273452759,-0.6586576700210571,1.6375558376312256,0.8765276670455933,0.11705800890922546,-0.4436539113521576,-0.14549168944358826
redkitchen,test,seq-12,redkitchen/seq-12/frame-000821.color.png,1.3194048,-0.64581287,1.928777,0.824583258,0.133324392,-0.537655987,-0.114948234,1.2560218572616577,-0.6381041407585144,1.5910115242004395,0.877137303352356,0.11267440766096115,-0.4454024136066437,-0.13982565701007843
redkitchen,test,seq-12,redkitchen/seq-12/frame-000822.color.png,1.3085645,-0.65602714,1.9461813,0.815586318,0.135284412,-0.550498202,-0.116055225,1.226692795753479,-0.6559564471244812,1.5654072761535645,0.8770639896392822,0.11550004780292511,-0.4441858232021332,-0.1418359875679016
redkitchen,test,seq-12,redkitchen/seq-12/frame-000823.color.png,1.3023728,-0.65870404,1.9525938,0.811419649,0.137726907,-0.556223434,-0.115086678,1.2223339080810547,-0.6358016729354858,1.5871946811676025,0.8751819729804993,0.1253540962934494,-0.4452749788761139,-0.1416797637939453
redkitchen,test,seq-12,redkitchen/seq-12/frame-000824.color.png,1.2983806,-0.66462362,1.9643196,0.805910008,0.137970248,-0.564378656,-0.113798076,1.1842392683029175,-0.6375851035118103,1.5249544382095337,0.8655068278312683,0.1312052458524704,-0.4579709768295288,-0.15474410355091095
redkitchen,test,seq-12,redkitchen/seq-12/frame-000825.color.png,1.2916222,-0.67867911,1.9813383,0.794764855,0.137919851,-0.5790202,-0.118585617,1.2230921983718872,-0.6403607726097107,1.5605396032333374,0.8675270676612854,0.1302352398633957,-0.45717549324035645,-0.14637675881385803
redkitchen,test,seq-12,redkitchen/seq-12/frame-000826.color.png,1.2877895,-0.68650061,1.9910213,0.790029703,0.137293557,-0.585503849,-0.119116711,1.1845837831497192,-0.6066063046455383,1.5727397203445435,0.8666030764579773,0.13576574623584747,-0.45911696553230286,-0.14063522219657898
redkitchen,test,seq-12,redkitchen/seq-12/frame-000827.color.png,1.2780057,-0.69439071,2.0068376,0.780256677,0.136432469,-0.598480619,-0.1200277,1.1960667371749878,-0.6276564002037048,1.5421736240386963,0.8606578707695007,0.1309310495853424,-0.46878963708877563,-0.14953725039958954
redkitchen,test,seq-12,redkitchen/seq-12/frame-000828.color.png,1.274452,-0.69914788,2.0157602,0.775147319,0.135727474,-0.604993873,-0.121272831,1.1370946168899536,-0.6296941041946411,1.5331048965454102,0.8589023947715759,0.13609686493873596,-0.47018104791641235,-0.15064500272274017
redkitchen,test,seq-12,redkitchen/seq-12/frame-000829.color.png,1.2574731,-0.69613236,2.0164559,0.769421127,0.134403338,-0.612710017,-0.120471185,1.1641737222671509,-0.6347066164016724,1.5391719341278076,0.8610337972640991,0.13464809954166412,-0.4667379558086395,-0.15048684179782867
redkitchen,test,seq-12,redkitchen/seq-12/frame-000830.color.png,1.2519287,-0.70042402,2.0250888,0.763894963,0.132716523,-0.619758266,-0.121451642,1.1683378219604492,-0.6178820133209229,1.5083757638931274,0.8562034368515015,0.13389265537261963,-0.47437548637390137,-0.15477775037288666
redkitchen,test,seq-12,redkitchen/seq-12/frame-000831.color.png,1.2394465,-0.70780522,2.03462,0.75441021,0.129356167,-0.630760441,-0.127567567,1.1619322299957275,-0.6253652572631836,1.5608057975769043,0.8535164594650269,0.13584792613983154,-0.4760955572128296,-0.16244381666183472
redkitchen,test,seq-12,redkitchen/seq-12/frame-000832.color.png,1.2303387,-0.7106868,2.0361304,0.750858272,0.12664347,-0.635341575,-0.128508246,1.0713168382644653,-0.5881766676902771,1.4655660390853882,0.8585785031318665,0.1314062476158142,-0.46990227699279785,-0.15737603604793549
redkitchen,test,seq-12,redkitchen/seq-12/frame-000833.color.png,1.2172703,-0.70790488,2.0492125,0.741850564,0.122789983,-0.646369845,-0.129562277,1.0819621086120605,-0.600860595703125,1.5162696838378906,0.8524246215820312,0.13109713792800903,-0.48255249857902527,-0.1527378112077713
redkitchen,test,seq-12,redkitchen/seq-12/frame-000834.color.png,1.2113634,-0.70771748,2.0507438,0.738728624,0.11972589,-0.650108879,-0.131545337,1.084438681602478,-0.6302160620689392,1.504478096961975,0.8525343537330627,0.13193051517009735,-0.48041877150535583,-0.1580420732498169
redkitchen,test,seq-12,redkitchen/seq-12/frame-000835.color.png,1.1980689,-0.71661055,2.0713789,0.728563426,0.109887636,-0.66239565,-0.135469719,1.0936024188995361,-0.6156356334686279,1.5444602966308594,0.8506669998168945,0.12906767427921295,-0.4859609007835388,-0.15345731377601624
redkitchen,test,seq-12,redkitchen/seq-12/frame-000836.color.png,1.1901248,-0.72550321,2.0770977,0.72523716,0.103194753,-0.666909557,-0.136431478,1.0756266117095947,-0.622783362865448,1.5661627054214478,0.8493862748146057,0.12746097147464752,-0.48893511295318604,-0.1524437963962555
redkitchen,test,seq-12,redkitchen/seq-12/frame-000837.color.png,1.1732093,-0.71689975,2.1017838,0.716071323,0.095896443,-0.679148436,-0.129626903,1.1008819341659546,-0.636216938495636,1.5567936897277832,0.843262255191803,0.1223122850060463,-0.4985129237174988,-0.15947824716567993
redkitchen,test,seq-12,redkitchen/seq-12/frame-000838.color.png,1.1644958,-0.71183056,2.1077616,0.711718666,0.096643678,-0.683925052,-0.127918193,1.0975435972213745,-0.6327822804450989,1.5693825483322144,0.8441424369812012,0.12264678627252579,-0.49802935123443604,-0.15603850781917572
redkitchen,test,seq-12,redkitchen/seq-12/frame-000839.color.png,1.151778,-0.7112757,2.1132188,0.705614817,0.091966081,-0.691044731,-0.126913947,1.0193489789962769,-0.6393980979919434,1.5215928554534912,0.8475519418716431,0.12526151537895203,-0.49051329493522644,-0.15925423800945282
redkitchen,test,seq-12,redkitchen/seq-12/frame-000840.color.png,1.1461686,-0.71258092,2.1120901,0.701407096,0.093790231,-0.69440294,-0.130522163,0.9896764159202576,-0.672294557094574,1.5627907514572144,0.8388429880142212,0.11769697070121765,-0.505009114742279,-0.1656976342201233
redkitchen,test,seq-12,redkitchen/seq-12/frame-000841.color.png,1.1328635,-0.72407395,2.1094015,0.695456743,0.087211283,-0.699909509,-0.137334592,1.0448118448257446,-0.6606547832489014,1.5354024171829224,0.8361455798149109,0.1181633323431015,-0.5085252523422241,-0.16822607815265656
redkitchen,test,seq-12,redkitchen/seq-12/frame-000842.color.png,1.116909,-0.7259627,2.128031,0.687032864,0.083641244,-0.708049925,-0.140197321,1.0533970594406128,-0.662286639213562,1.5505729913711548,0.8417608737945557,0.11919963359832764,-0.5010719895362854,-0.16173116862773895
redkitchen,test,seq-12,redkitchen/seq-12/frame-000843.color.png,1.1099353,-0.72006285,2.1395693,0.6845766,0.078628645,-0.711822457,-0.135945596,1.0566552877426147,-0.6803656816482544,1.574607253074646,0.8331059217453003,0.11006595939397812,-0.5169175267219543,-0.1631447821855545
redkitchen,test,seq-12,redkitchen/seq-12/frame-000844.color.png,1.1014487,-0.72007549,2.1445189,0.679622301,0.075570135,-0.71677544,-0.136512461,1.0518903732299805,-0.6977440118789673,1.5618058443069458,0.8252990245819092,0.10401328653097153,-0.5307663679122925,-0.1623261719942093
redkitchen,test,seq-12,redkitchen/seq-12/frame-000845.color.png,1.0966518,-0.71983629,2.1431558,0.677747174,0.075794406,-0.718337815,-0.137494579,1.012281060218811,-0.6867794394493103,1.5294928550720215,0.8215811252593994,0.10566173493862152,-0.5362745523452759,-0.16201791167259216
redkitchen,test,seq-12,redkitchen/seq-12/frame-000846.color.png,1.0909392,-0.72323567,2.1424234,0.674229632,0.073599829,-0.721138392,-0.141268853,1.0902650356292725,-0.6692500710487366,1.5562019348144531,0.8266378045082092,0.1093643456697464,-0.5281099081039429,-0.16065272688865662
redkitchen,test,seq-12,redkitchen/seq-12/frame-000847.color.png,1.0877987,-0.72395921,2.1417983,0.672946687,0.074189531,-0.721764596,-0.143855962,1.1301888227462769,-0.6654883027076721,1.5584890842437744,0.8230021595954895,0.10474696010351181,-0.5342851281166077,-0.16197192668914795
redkitchen,test,seq-12,redkitchen/seq-12/frame-000848.color.png,1.0839227,-0.72390926,2.1380835,0.670233888,0.076373357,-0.723039533,-0.148887474,1.1009215116500854,-0.6568231582641602,1.5494470596313477,0.8314241170883179,0.10663541406393051,-0.5215888023376465,-0.15908479690551758
redkitchen,test,seq-12,redkitchen/seq-12/frame-000849.color.png,1.0788429,-0.72748053,2.1480885,0.666868918,0.077432956,-0.725528071,-0.151324162,1.0703535079956055,-0.6907681226730347,1.5579525232315063,0.8315858840942383,0.10571128129959106,-0.5207574367523193,-0.1615600883960724
redkitchen,test,seq-12,redkitchen/seq-12/frame-000850.color.png,1.0774879,-0.72710288,2.1505165,0.665453342,0.078034759,-0.726588442,-0.152156704,1.0951899290084839,-0.6895757913589478,1.541480302810669,0.8302263021469116,0.10349069535732269,-0.5234630703926086,-0.16124650835990906
redkitchen,test,seq-12,redkitchen/seq-12/frame-000851.color.png,1.0780543,-0.72523516,2.154855,0.663373297,0.072708702,-0.728605813,-0.154216995,1.127954363822937,-0.7028694152832031,1.5311005115509033,0.8329434394836426,0.08725469559431076,-0.5222501158714294,-0.16076913475990295
redkitchen,test,seq-12,redkitchen/seq-12/frame-000852.color.png,1.0797279,-0.7263819,2.1473796,0.66350236,0.071416197,-0.728083963,-0.156710202,1.1284403800964355,-0.7043028473854065,1.55107581615448,0.8276695609092712,0.08927127718925476,-0.5286354422569275,-0.16594693064689636
redkitchen,test,seq-12,redkitchen/seq-12/frame-000853.color.png,1.0815738,-0.72515762,2.1489828,0.661802577,0.068608521,-0.729774623,-0.157287061,1.1659847497940063,-0.724419891834259,1.5615291595458984,0.8236168622970581,0.08129052072763443,-0.5348290205001831,-0.17030854523181915
redkitchen,test,seq-12,redkitchen/seq-12/frame-000854.color.png,1.0826776,-0.72475034,2.1472194,0.660873284,0.066736238,-0.730497258,-0.158639634,1.1706616878509521,-0.6991825103759766,1.5154640674591064,0.8287333250045776,0.08293862640857697,-0.5284290909767151,-0.16457493603229523
redkitchen,test,seq-12,redkitchen/seq-12/frame-000855.color.png,1.0881544,-0.72256082,2.1413972,0.660644428,0.062756835,-0.730569783,-0.160867373,1.2249335050582886,-0.6950889825820923,1.524497151374817,0.8275654315948486,0.07849182933568954,-0.5273100137710571,-0.175836980342865
redkitchen,test,seq-12,redkitchen/seq-12/frame-000856.color.png,1.0920444,-0.72164971,2.137466,0.66070295,0.061330946,-0.730251104,-0.162614426,1.230906367301941,-0.7022538185119629,1.5480767488479614,0.8270576596260071,0.07710873335599899,-0.5284513831138611,-0.1754111349582672
redkitchen,test,seq-12,redkitchen/seq-12/frame-000857.color.png,1.0986147,-0.72089404,2.1292188,0.662017224,0.058333697,-0.728795611,-0.164885819,1.1750025749206543,-0.7195650339126587,1.5515639781951904,0.8279696702957153,0.08488155901432037,-0.5236555337905884,-0.18178631365299225
redkitchen,test,seq-12,redkitchen/seq-12/frame-000858.color.png,1.1024178,-0.72077185,2.1292531,0.662352374,0.055828848,-0.728639921,-0.165094936,1.1979361772537231,-0.7098264694213867,1.5590897798538208,0.8331006765365601,0.08012518286705017,-0.5176616907119751,-0.1776222139596939
redkitchen,test,seq-12,redkitchen/seq-12/frame-000859.color.png,1.1115781,-0.71751642,2.1186469,0.666365941,0.052938381,-0.724817372,-0.16671454,1.1829097270965576,-0.7116081714630127,1.5542025566101074,0.8285544514656067,0.08719712495803833,-0.52374666929245,-0.1777176856994629
redkitchen,test,seq-12,redkitchen/seq-12/frame-000860.color.png,1.1181487,-0.71780187,2.1083074,0.668687569,0.051547293,-0.722154858,-0.16938764,1.2385729551315308,-0.7127412557601929,1.6136391162872314,0.824382483959198,0.08344141393899918,-0.5301246047019958,-0.17999692261219025
redkitchen,test,seq-12,redkitchen/seq-12/frame-000861.color.png,1.1304628,-0.71414906,2.0806344,0.674231858,0.047353699,-0.715967217,-0.174814111,1.29088294506073,-0.6685807108879089,1.6335198879241943,0.8200475573539734,0.0930047556757927,-0.5336480736732483,-0.184639573097229
redkitchen,test,seq-12,redkitchen/seq-12/frame-000862.color.png,1.1391852,-0.71344942,2.0632195,0.678002539,0.044337043,-0.71166367,-0.178554204,1.33625066280365,-0.6707624197006226,1.6158279180526733,0.8226167559623718,0.08178450167179108,-0.5315395593643188,-0.18460409343242645
redkitchen,test,seq-12,redkitchen/seq-12/frame-000863.color.png,1.1463251,-0.71234709,2.0518475,0.681377837,0.04190834,-0.708240517,-0.179898038,1.3601977825164795,-0.6477555632591248,1.577406883239746,0.8237311244010925,0.08375781029462814,-0.52937912940979,-0.18495792150497437
redkitchen,test,seq-12,redkitchen/seq-12/frame-000864.color.png,1.1581372,-0.71553606,2.0221789,0.687164196,0.03530289,-0.701121002,-0.187051903,1.4134654998779297,-0.6708090901374817,1.6155725717544556,0.8293207883834839,0.07180914282798767,-0.5221681594848633,-0.18550175428390503
redkitchen,test,seq-12,redkitchen/seq-12/frame-000865.color.png,1.1675693,-0.71430808,2.013031,0.69100038,0.032614435,-0.697660581,-0.186345077,1.48080313205719,-0.718127429485321,1.6251412630081177,0.8183853626251221,0.06230927258729935,-0.5380231142044067,-0.19207841157913208
redkitchen,test,seq-12,redkitchen/seq-12/frame-000866.color.png,1.1831867,-0.70678973,1.9785159,0.701791153,0.030031262,-0.687553515,-0.184003982,1.445029854774475,-0.6908901929855347,1.5577036142349243,0.8239209055900574,0.05779343470931053,-0.5306687951087952,-0.19027592241764069
redkitchen,test,seq-12,redkitchen/seq-12/frame-000867.color.png,1.1908143,-0.70327556,1.9580886,0.707481916,0.0293042,-0.681433317,-0.185092511,1.4818830490112305,-0.691756010055542,1.6022000312805176,0.8206523060798645,0.057221174240112305,-0.5352129936218262,-0.191839799284935
redkitchen,test,seq-12,redkitchen/seq-12/frame-000868.color.png,1.1994271,-0.69904751,1.9437473,0.712167309,0.029479878,-0.676776451,-0.184180067,1.49856698513031,-0.6825261116027832,1.57465660572052,0.8263256549835205,0.05081029236316681,-0.5289351344108582,-0.18663275241851807
redkitchen,test,seq-12,redkitchen/seq-12/frame-000869.color.png,1.2157276,-0.69814932,1.9176201,0.721093764,0.029022022,-0.666868372,-0.185655809,1.4950242042541504,-0.6988270282745361,1.6143096685409546,0.824514627456665,0.05293821915984154,-0.5308983325958252,-0.18846772611141205
redkitchen,test,seq-12,redkitchen/seq-12/frame-000870.color.png,1.2256836,-0.69641548,1.9045371,0.724669856,0.029365384,-0.663402058,-0.184089605,1.4371618032455444,-0.6955413222312927,1.5933195352554321,0.8229489326477051,0.05381438508629799,-0.533511757850647,-0.18768133223056793
redkitchen,test,seq-12,redkitchen/seq-12/frame-000871.color.png,1.2444955,-0.68760532,1.8865412,0.731239218,0.031059968,-0.657403668,-0.179289994,1.4784965515136719,-0.6708070039749146,1.5656352043151855,0.8306679725646973,0.06375601887702942,-0.5220009088516235,-0.18286824226379395
redkitchen,test,seq-12,redkitchen/seq-12/frame-000872.color.png,1.2544771,-0.68331617,1.8725885,0.735991557,0.032009089,-0.652494453,-0.177603026,1.5328487157821655,-0.6431412696838379,1.5340385437011719,0.8354731202125549,0.06422744691371918,-0.5155050754547119,-0.17920351028442383
redkitchen,test,seq-12,redkitchen/seq-12/frame-000873.color.png,1.2636738,-0.67699128,1.8604007,0.741250393,0.033747972,-0.647307245,-0.17436244,1.569777250289917,-0.6837304830551147,1.5248007774353027,0.8439486026763916,0.06091694161295891,-0.5026330351829529,-0.1772000789642334
redkitchen,test,seq-12,redkitchen/seq-12/frame-000874.color.png,1.2796847,-0.6687063,1.8261044,0.752689083,0.034154847,-0.634016508,-0.174113925,1.4825947284698486,-0.6076714992523193,1.4697444438934326,0.8545993566513062,0.05849452689290047,-0.4883674085140228,-0.1665402501821518
redkitchen,test,seq-12,redkitchen/seq-12/frame-000875.color.png,1.2866627,-0.66049308,1.7997797,0.760315311,0.035241003,-0.624815239,-0.174024759,1.5118470191955566,-0.6097741723060608,1.5005441904067993,0.8537054061889648,0.05546225979924202,-0.4889746606349945,-0.17033728957176208
redkitchen,test,seq-12,redkitchen/seq-12/frame-000876.color.png,1.2952815,-0.65771103,1.7879299,0.76455913,0.035527715,-0.619616137,-0.173962525,1.5190136432647705,-0.6156284809112549,1.4971271753311157,0.8550551533699036,0.056890249252319336,-0.4883812665939331,-0.16470551490783691
redkitchen,test,seq-12,redkitchen/seq-12/frame-000877.color.png,1.3098481,-0.64389676,1.7558473,0.773922303,0.04014789,-0.609307793,-0.167858362,1.5024839639663696,-0.6241604089736938,1.508510947227478,0.8523423671722412,0.06858491897583008,-0.4926668405532837,-0.161517933011055
redkitchen,test,seq-12,redkitchen/seq-12/frame-000878.color.png,1.3149672,-0.63091815,1.7337486,0.778520874,0.041389415,-0.604023334,-0.165372239,1.5539368391036987,-0.6223106384277344,1.4908511638641357,0.853667676448822,0.06499167531728745,-0.4918159246444702,-0.1585703194141388
redkitchen,test,seq-12,redkitchen/seq-12/frame-000879.color.png,1.3195733,-0.62447691,1.71621,0.782623418,0.040129076,-0.598820666,-0.165239382,1.5788905620574951,-0.6171976327896118,1.484329104423523,0.855806827545166,0.06903783231973648,-0.4881429970264435,-0.1566677838563919
redkitchen,test,seq-12,redkitchen/seq-12/frame-000880.color.png,1.3242596,-0.61836308,1.6956508,0.787510656,0.039437341,-0.592557453,-0.164764463,1.5624771118164062,-0.609840452671051,1.4699970483779907,0.8522350788116455,0.06480950862169266,-0.49417445063591003,-0.15901783108711243
redkitchen,test,seq-12,redkitchen/seq-12/frame-000881.color.png,1.3381097,-0.60179204,1.6638105,0.795548261,0.038621492,-0.582503704,-0.162175152,1.6911739110946655,-0.6109596490859985,1.4972835779190063,0.8474945425987244,0.062016211450099945,-0.5012865662574768,-0.1631527841091156
redkitchen,test,seq-12,redkitchen/seq-12/frame-000882.color.png,1.3407189,-0.59237248,1.6404457,0.800691194,0.037513096,-0.575504642,-0.162113501,1.7372924089431763,-0.6011049747467041,1.4755430221557617,0.8458936214447021,0.06364015489816666,-0.5037530064582825,-0.16323859989643097
redkitchen,test,seq-12,redkitchen/seq-12/frame-000883.color.png,1.3458873,-0.58754885,1.6257023,0.803932345,0.036245612,-0.570635267,-0.163567822,1.725814700126648,-0.6112728118896484,1.4732626676559448,0.8469304442405701,0.06307178735733032,-0.5020413994789124,-0.16335570812225342
redkitchen,test,seq-12,redkitchen/seq-12/frame-000884.color.png,1.3500727,-0.58271265,1.6088817,0.807318002,0.036306093,-0.565196307,-0.165748743,1.7584123611450195,-0.6215348243713379,1.4972329139709473,0.8405084609985352,0.06000325828790665,-0.5111144185066223,-0.1694318950176239
redkitchen,test,seq-12,redkitchen/seq-12/frame-000885.color.png,1.360751,-0.57656878,1.5838239,0.81149981,0.036137449,-0.558254019,-0.168862644,1.6942760944366455,-0.5921919941902161,1.4397244453430176,0.842092752456665,0.052111707627773285,-0.5105761289596558,-0.16575931012630463
redkitchen,test,seq-12,redkitchen/seq-12/frame-000886.color.png,1.3653978,-0.57057196,1.5694702,0.812671562,0.036494407,-0.556448486,-0.169109942,1.699037790298462,-0.5986392498016357,1.4478631019592285,0.8392509818077087,0.05076146870851517,-0.5135767459869385,-0.1712305098772049
redkitchen,test,seq-12,redkitchen/seq-12/frame-000887.color.png,1.3715546,-0.56752938,1.5586772,0.812746134,0.035632735,-0.55605761,-0.170217406,1.690965175628662,-0.595943808555603,1.4428467750549316,0.840800940990448,0.05040379613637924,-0.5112505555152893,-0.17069284617900848
redkitchen,test,seq-12,redkitchen/seq-12/frame-000888.color.png,1.3755232,-0.56451589,1.544547,0.812811802,0.034237282,-0.55577324,-0.171116593,1.73372220993042,-0.5906264185905457,1.4317835569381714,0.8404350876808167,0.0525626577436924,-0.5123461484909058,-0.16854509711265564
redkitchen,test,seq-12,redkitchen/seq-12/frame-000889.color.png,1.3833481,-0.55971575,1.5238953,0.812164867,0.032618158,-0.556710481,-0.171457647,1.7134735584259033,-0.5982563495635986,1.423732042312622,0.842406153678894,0.04558899998664856,-0.5111505389213562,-0.16431225836277008
redkitchen,test,seq-12,redkitchen/seq-12/frame-000890.color.png,1.3870184,-0.5589835,1.5131832,0.812406085,0.031944321,-0.556501289,-0.171120509,1.690247654914856,-0.6051068305969238,1.4285006523132324,0.8426567316055298,0.043234072625637054,-0.5102024674415588,-0.16659510135650635
redkitchen,test,seq-12,redkitchen/seq-12/frame-000891.color.png,1.3898673,-0.55581337,1.5035155,0.813391385,0.03333049,-0.555272782,-0.17016366,1.6503007411956787,-0.5980405211448669,1.4186108112335205,0.8411370515823364,0.042259857058525085,-0.5131840705871582,-0.16536207497119904
redkitchen,test,seq-12,redkitchen/seq-12/frame-000892.color.png,1.3932341,-0.54886228,1.4951886,0.814420259,0.037117206,-0.55358483,-0.169958206,1.6725443601608276,-0.5892338752746582,1.4225865602493286,0.8469329476356506,0.055104810744524,-0.503107488155365,-0.16294454038143158
redkitchen,test,seq-12,redkitchen/seq-12/frame-000893.color.png,1.3927265,-0.54313397,1.4818734,0.816212256,0.038822969,-0.550584357,-0.1707255,1.7209562063217163,-0.6011824011802673,1.440940499305725,0.8438920974731445,0.0537414513528347,-0.5071631669998169,-0.16656358540058136
redkitchen,test,seq-12,redkitchen/seq-12/frame-000894.color.png,1.3928301,-0.53486037,1.4577084,0.820929791,0.040305512,-0.544726385,-0.16650198,1.702009677886963,-0.5860394239425659,1.4077410697937012,0.8487874865531921,0.05295290797948837,-0.5015712976455688,-0.15868839621543884
redkitchen,test,seq-12,redkitchen/seq-12/frame-000895.color.png,1.3928057,-0.52917415,1.4462276,0.823504535,0.042206587,-0.541724061,-0.163076445,1.7738476991653442,-0.6007017493247986,1.4340016841888428,0.851006805896759,0.05518808960914612,-0.49795758724212646,-0.15741614997386932
redkitchen,test,seq-12,redkitchen/seq-12/frame-000896.color.png,1.3934795,-0.52280682,1.4373506,0.826125687,0.044728334,-0.538675855,-0.159198141,1.6843273639678955,-0.585445761680603,1.4054465293884277,0.8584756851196289,0.06387996673583984,-0.4861103892326355,-0.15045109391212463
redkitchen,test,seq-12,redkitchen/seq-12/frame-000897.color.png,1.3884298,-0.51286244,1.4183496,0.830748695,0.048063696,-0.532642598,-0.154396728,1.7039610147476196,-0.572054386138916,1.384267807006836,0.8582621812820435,0.06444524228572845,-0.4877952039241791,-0.14590653777122498
redkitchen,test,seq-12,redkitchen/seq-12/frame-000898.color.png,1.3846997,-0.50062948,1.4027953,0.83490197,0.051955235,-0.527564047,-0.148038949,1.6764206886291504,-0.5733699798583984,1.3698136806488037,0.8578721880912781,0.06301863491535187,-0.49149295687675476,-0.13608318567276
redkitchen,test,seq-12,redkitchen/seq-12/frame-000899.color.png,1.3788706,-0.48605067,1.3796467,0.840323369,0.053990067,-0.522181121,-0.135161332,1.624221920967102,-0.5614457130432129,1.3053021430969238,0.8568937182426453,0.06138801947236061,-0.4942532777786255,-0.13296020030975342
redkitchen,test,seq-12,redkitchen/seq-12/frame-000900.color.png,1.3742681,-0.47741565,1.3675592,0.842901043,0.055863821,-0.519568918,-0.128238861,1.5810801982879639,-0.5542649626731873,1.3386881351470947,0.8627630472183228,0.05960071459412575,-0.48774945735931396,-0.11911409348249435
redkitchen,test,seq-12,redkitchen/seq-12/frame-000901.color.png,1.3698026,-0.46664578,1.3543948,0.845656783,0.057462286,-0.516028582,-0.123600945,1.478269338607788,-0.5322980284690857,1.3417088985443115,0.8661412596702576,0.06188112497329712,-0.48323091864585876,-0.11161535978317261
redkitchen,test,seq-12,redkitchen/seq-12/frame-000902.color.png,1.3604586,-0.4588367,1.3384253,0.84830002,0.057622224,-0.512196623,-0.121331671,1.4325586557388306,-0.5194682478904724,1.3279253244400024,0.8674704432487488,0.06478364765644073,-0.4810841977596283,-0.10888556391000748
redkitchen,test,seq-12,redkitchen/seq-12/frame-000903.color.png,1.347645,-0.44793794,1.3113328,0.852025501,0.054400267,-0.507838512,-0.114861669,1.4177123308181763,-0.5222926735877991,1.3137890100479126,0.8712082505226135,0.05752080678939819,-0.47669562697410583,-0.1022193655371666
redkitchen,test,seq-12,redkitchen/seq-12/frame-000904.color.png,1.3394634,-0.44206408,1.2968096,0.854626088,0.052975962,-0.504345294,-0.111550983,1.3770910501480103,-0.5118739008903503,1.306735873222351,0.8787541389465332,0.05643867328763008,-0.4637822210788727,-0.09752891957759857
redkitchen,test,seq-12,redkitchen/seq-12/frame-000905.color.png,1.328961,-0.44050407,1.280575,0.857060678,0.051882927,-0.500552215,-0.110465542,1.3681998252868652,-0.5102702975273132,1.2938389778137207,0.8731874823570251,0.05402803421020508,-0.4739433526992798,-0.10001161694526672
redkitchen,test,seq-12,redkitchen/seq-12/frame-000906.color.png,1.322907,-0.43671173,1.2688774,0.858816163,0.053670341,-0.497778559,-0.108493314,1.4306883811950684,-0.5370501279830933,1.2898521423339844,0.8710970282554626,0.05537227913737297,-0.476523220539093,-0.10511699318885803
redkitchen,test,seq-12,redkitchen/seq-12/frame-000907.color.png,1.3138404,-0.42904177,1.2533324,0.8614179,0.055910402,-0.493516551,-0.106182115,1.3832110166549683,-0.5416854619979858,1.283418893814087,0.8734502196311951,0.05662937089800835,-0.4736546277999878,-0.09761683642864227
redkitchen,test,seq-12,redkitchen/seq-12/frame-000908.color.png,1.2962961,-0.42133659,1.2298977,0.864546643,0.058190331,-0.48711821,-0.109035944,1.3641260862350464,-0.5167136788368225,1.2823266983032227,0.875837504863739,0.054290395230054855,-0.47065645456314087,-0.09188923239707947
redkitchen,test,seq-12,redkitchen/seq-12/frame-000909.color.png,1.290207,-0.41938382,1.2207508,0.865818563,0.059115314,-0.484140391,-0.111676664,1.3574155569076538,-0.5207664370536804,1.2707340717315674,0.8810250163078308,0.06078283488750458,-0.4584752917289734,-0.09950268268585205
redkitchen,test,seq-12,redkitchen/seq-12/frame-000910.color.png,1.2790329,-0.41747686,1.2081141,0.867484538,0.060536476,-0.48066933,-0.112973036,1.3409452438354492,-0.5216034650802612,1.258205533027649,0.876030445098877,0.05979011207818985,-0.467741996049881,-0.10106054693460464
redkitchen,test,seq-12,redkitchen/seq-12/frame-000911.color.png,1.2697978,-0.41293016,1.1973081,0.868701816,0.062464227,-0.478679665,-0.111000691,1.351690411567688,-0.531000554561615,1.2608188390731812,0.8792587518692017,0.05746060237288475,-0.46253901720046997,-0.09828515350818634
redkitchen,test,seq-12,redkitchen/seq-12/frame-000912.color.png,1.2483399,-0.40377623,1.1766138,0.872725426,0.069615528,-0.469987475,-0.112320001,1.3909202814102173,-0.5290446281433105,1.2586392164230347,0.8809646964073181,0.07013539969921112,-0.4555453658103943,-0.10705443471670151
redkitchen,test,seq-12,redkitchen/seq-12/frame-000913.color.png,1.2384224,-0.39675072,1.1653135,0.874641926,0.073980579,-0.466102727,-0.110799927,1.406402587890625,-0.5519130229949951,1.2724887132644653,0.8823802471160889,0.07246285676956177,-0.4523756802082062,-0.10728658735752106
redkitchen,test,seq-12,redkitchen/seq-12/frame-000914.color.png,1.2306583,-0.39065078,1.1578162,0.876160424,0.077617609,-0.462900343,-0.109734642,1.366692066192627,-0.5352618098258972,1.2433686256408691,0.888895571231842,0.07374472171068192,-0.44108352065086365,-0.09935679286718369
redkitchen,test,seq-12,redkitchen/seq-12/frame-000915.color.png,1.2166712,-0.38530537,1.1452407,0.878725709,0.080152657,-0.458023227,-0.107848982,1.404718279838562,-0.5242583751678467,1.2468218803405762,0.8877410292625427,0.07631295174360275,-0.44142964482307434,-0.10598196089267731
redkitchen,test,seq-12,redkitchen/seq-12/frame-000916.color.png,1.2080253,-0.3800796,1.1376969,0.87982129,0.082060443,-0.456320149,-0.104654212,1.351240634918213,-0.5102917551994324,1.2222776412963867,0.8934822678565979,0.07200523465871811,-0.4318397641181946,-0.10009492188692093
redkitchen,test,seq-12,redkitchen/seq-12/frame-000917.color.png,1.1950613,-0.37256983,1.1272998,0.880843188,0.085403169,-0.454167377,-0.102730576,1.326798439025879,-0.5350819230079651,1.2311517000198364,0.8902683258056641,0.07415103167295456,-0.43838098645210266,-0.09872239083051682
redkitchen,test,seq-12,redkitchen/seq-12/frame-000918.color.png,1.1667129,-0.35470322,1.1046159,0.885157242,0.095074962,-0.444757261,-0.098226204,1.3714462518692017,-0.5670382976531982,1.2575918436050415,0.8881087303161621,0.06895993649959564,-0.44304558634757996,-0.10108388960361481
redkitchen,test,seq-12,redkitchen/seq-12/frame-000919.color.png,1.1556575,-0.34885401,1.0963153,0.886524357,0.099367577,-0.441106557,-0.098110417,1.3361889123916626,-0.5526965856552124,1.229067087173462,0.8916822075843811,0.07196609675884247,-0.4364446699619293,-0.09612394869327545
redkitchen,test,seq-12,redkitchen/seq-12/frame-000920.color.png,1.1421894,-0.34173667,1.0859274,0.888596789,0.102636426,-0.436392208,-0.097073945,1.2924818992614746,-0.5450083017349243,1.2411140203475952,0.8937263488769531,0.07433255761861801,-0.43193233013153076,-0.09572046250104904
redkitchen,test,seq-12,redkitchen/seq-12/frame-000921.color.png,1.1279192,-0.33401364,1.0756854,0.890480476,0.105845021,-0.432029367,-0.095874812,1.3179770708084106,-0.5558596849441528,1.246307373046875,0.8916733264923096,0.072859026491642,-0.4371829628944397,-0.09209463745355606
redkitchen,test,seq-12,redkitchen/seq-12/frame-000922.color.png,1.1127056,-0.33000639,1.0633638,0.892936208,0.108339124,-0.426194975,-0.096360814,1.3456391096115112,-0.5685114860534668,1.2903378009796143,0.892794132232666,0.07283546775579453,-0.43458399176597595,-0.09354399889707565
redkitchen,test,seq-12,redkitchen/seq-12/frame-000923.color.png,1.0803053,-0.32232118,1.040949,0.897465477,0.109412375,-0.416770508,-0.094270849,1.3582208156585693,-0.5585120916366577,1.2917416095733643,0.8941985964775085,0.08233983814716339,-0.4301494359970093,-0.09273917227983475
redkitchen,test,seq-12,redkitchen/seq-12/frame-000924.color.png,1.0680857,-0.3176921,1.0317795,0.89846351,0.108384692,-0.41480563,-0.094616963,1.3535326719284058,-0.5487082004547119,1.284989356994629,0.8983877897262573,0.07210081070661545,-0.4238119423389435,-0.08991269022226334
redkitchen,test,seq-12,redkitchen/seq-12/frame-000925.color.png,1.051814,-0.32010174,1.0212361,0.900297674,0.105868532,-0.41070232,-0.097875207,1.3313162326812744,-0.5269767045974731,1.2484214305877686,0.9019700288772583,0.0678509771823883,-0.4169718027114868,-0.0893356129527092
redkitchen,test,seq-12,redkitchen/seq-12/frame-000926.color.png,1.0330912,-0.31978825,1.0078756,0.902425035,0.104742779,-0.406059959,-0.098860082,1.267846703529358,-0.5041040182113647,1.2114933729171753,0.9010230898857117,0.07236424833536148,-0.41842544078826904,-0.08854861557483673
redkitchen,test,seq-12,redkitchen/seq-12/frame-000927.color.png,1.0228345,-0.31562641,1.002019,0.903114381,0.104892367,-0.404888561,-0.097197017,1.2528822422027588,-0.49354082345962524,1.2129946947097778,0.9049152135848999,0.06961492449045181,-0.41105055809020996,-0.08555509895086288
redkitchen,test,seq-12,redkitchen/seq-12/frame-000928.color.png,1.0062555,-0.3118816,0.99154407,0.90434611,0.104018815,-0.402691069,-0.095802418,1.2635589838027954,-0.4950077533721924,1.2129335403442383,0.9041151404380798,0.07040675729513168,-0.41269323229789734,-0.08545815199613571
redkitchen,test,seq-12,redkitchen/seq-12/frame-000929.color.png,0.98114693,-0.30581921,0.97672391,0.905630828,0.10735824,-0.399028074,-0.095307967,1.2330859899520874,-0.46526676416397095,1.2084474563598633,0.9043803215026855,0.06950509548187256,-0.41259676218032837,-0.08384011685848236
redkitchen,test,seq-12,redkitchen/seq-12/frame-000930.color.png,0.96882033,-0.29963458,0.96973449,0.906343117,0.109898797,-0.397080418,-0.093763269,1.221763014793396,-0.48940807580947876,1.2658164501190186,0.9079270958900452,0.07062157988548279,-0.4054732322692871,-0.07919801771640778
redkitchen,test,seq-12,redkitchen/seq-12/frame-000931.color.png,0.957093,-0.29488498,0.96474224,0.906500038,0.110801442,-0.39695503,-0.091692011,1.2449976205825806,-0.503481388092041,1.2625877857208252,0.9057503938674927,0.0727958083152771,-0.4096944034099579,-0.08042099326848984
redkitchen,test,seq-12,redkitchen/seq-12/frame-000932.color.png,0.94642413,-0.29029167,0.9599455,0.906215625,0.112645281,-0.396984602,-0.092127672,1.2291616201400757,-0.4974824786186218,1.254669427871704,0.9075038433074951,0.07225929945707321,-0.4050145149230957,-0.08472602814435959
redkitchen,test,seq-12,redkitchen/seq-12/frame-000933.color.png,0.9341293,-0.28735411,0.95296901,0.906309632,0.113830149,-0.395837392,-0.094648334,1.177310585975647,-0.48216837644577026,1.2006809711456299,0.9059288501739502,0.07690295577049255,-0.40700259804725647,-0.08790714293718338
redkitchen,test,seq-12,redkitchen/seq-12/frame-000934.color.png,0.9220199,-0.2863774,0.94819689,0.906210573,0.115861513,-0.394968554,-0.096738557,1.183624267578125,-0.4778960347175598,1.2139500379562378,0.9048407077789307,0.08082618564367294,-0.4078388512134552,-0.09163960814476013
redkitchen,test,seq-12,redkitchen/seq-12/frame-000935.color.png,0.89973307,-0.27810341,0.94034708,0.904761831,0.121789161,-0.397102397,-0.094250289,1.1477571725845337,-0.46808087825775146,1.2074546813964844,0.9076988101005554,0.07983744889497757,-0.4023497998714447,-0.08845125883817673
redkitchen,test,seq-12,redkitchen/seq-12/frame-000936.color.png,0.89023614,-0.27677822,0.93656528,0.903920135,0.123180394,-0.398525807,-0.09451011,1.1330662965774536,-0.4871212840080261,1.216752052307129,0.9029783010482788,0.08567218482494354,-0.41021186113357544,-0.09495609253644943
redkitchen,test,seq-12,redkitchen/seq-12/frame-000937.color.png,0.88041854,-0.27287993,0.93312204,0.903313771,0.124822,-0.39950269,-0.094028184,1.075567364692688,-0.5026748180389404,1.193386197090149,0.9024693965911865,0.08936796337366104,-0.4106218218803406,-0.09461575746536255
redkitchen,test,seq-12,redkitchen/seq-12/frame-000938.color.png,0.86963236,-0.27057296,0.93008673,0.902362233,0.125765006,-0.401185358,-0.094741081,1.0449235439300537,-0.5041921138763428,1.1760034561157227,0.9057526588439941,0.08605683594942093,-0.40464866161346436,-0.09200917184352875
redkitchen,test,seq-12,redkitchen/seq-12/frame-000939.color.png,0.8579427,-0.2706584,0.92696244,0.901050496,0.126633555,-0.403572814,-0.095921475,1.0150712728500366,-0.4967804551124573,1.159959077835083,0.9051956534385681,0.08299589157104492,-0.4066489040851593,-0.09148305654525757
redkitchen,test,seq-12,redkitchen/seq-12/frame-000940.color.png,0.8459717,-0.26918977,0.9256314,0.899462676,0.129372812,-0.406069521,-0.096628746,1.0324991941452026,-0.5069705843925476,1.1617611646652222,0.9000058174133301,0.08167851716279984,-0.4169809818267822,-0.09718557447195053
redkitchen,test,seq-12,redkitchen/seq-12/frame-000941.color.png,0.83329123,-0.2608442,0.92189252,0.898131584,0.133372248,-0.407836703,-0.096128689,0.9991792440414429,-0.49746519327163696,1.184055209159851,0.8987060785293579,0.08520805090665817,-0.41985028982162476,-0.09376934170722961
redkitchen,test,seq-12,redkitchen/seq-12/frame-000942.color.png,0.81310546,-0.25597805,0.92230463,0.895061302,0.135091925,-0.413918125,-0.09637024,1.0193761587142944,-0.4965117573738098,1.1753690242767334,0.897887110710144,0.08988188952207565,-0.42003485560417175,-0.09638852626085281
redkitchen,test,seq-12,redkitchen/seq-12/frame-000943.color.png,0.7985723,-0.25103617,0.92117596,0.893455948,0.136707769,-0.416914281,-0.096072561,1.0123869180679321,-0.5012044906616211,1.135115146636963,0.8961842060089111,0.08192789554595947,-0.4236125349998474,-0.10341238230466843
redkitchen,test,seq-12,redkitchen/seq-12/frame-000944.color.png,0.78703398,-0.25001189,0.92167586,0.891745037,0.136856147,-0.420230686,-0.097300331,1.0152171850204468,-0.5292368531227112,1.1635273694992065,0.8945484757423401,0.07995059341192245,-0.4271834194660187,-0.104428730905056
redkitchen,test,seq-12,redkitchen/seq-12/frame-000945.color.png,0.77550972,-0.24861912,0.92274946,0.890439538,0.136810867,-0.42281969,-0.098100587,1.026940941810608,-0.5072599053382874,1.1605082750320435,0.8928764462471008,0.08691233396530151,-0.4279288649559021,-0.10997582972049713
redkitchen,test,seq-12,redkitchen/seq-12/frame-000946.color.png,0.7607795,-0.24638379,0.92169666,0.889627769,0.13710412,-0.424275967,-0.098766379,1.0527737140655518,-0.49052536487579346,1.1570895910263062,0.8916968107223511,0.08705800026655197,-0.4306810796260834,-0.10868080705404282
redkitchen,test,seq-12,redkitchen/seq-12/frame-000947.color.png,0.7348358,-0.24372245,0.92382282,0.887236393,0.13758773,-0.428904767,-0.099608734,1.00788414478302,-0.48127204179763794,1.1773244142532349,0.8875108957290649,0.08748631924390793,-0.43962714076042175,-0.10676378756761551
redkitchen,test,seq-12,redkitchen/seq-12/frame-000948.color.png,0.71899498,-0.24295887,0.92365414,0.885826621,0.137602259,-0.431768017,-0.099765701,0.982429563999176,-0.4821714758872986,1.1931629180908203,0.889207124710083,0.08709476888179779,-0.43708476424217224,-0.10335460305213928
redkitchen,test,seq-12,redkitchen/seq-12/frame-000949.color.png,0.7049343,-0.24305339,0.92616081,0.883878882,0.138046119,-0.435319917,-0.10098495,0.9562053084373474,-0.4887305498123169,1.1640987396240234,0.8906069993972778,0.08649871498346329,-0.43330588936805725,-0.10762520879507065
redkitchen,test,seq-12,redkitchen/seq-12/frame-000950.color.png,0.68835139,-0.24391907,0.92533797,0.882651458,0.138361645,-0.437289423,-0.102763905,0.9363729357719421,-0.5083944797515869,1.1606853008270264,0.8872668743133545,0.08612385392189026,-0.43894708156585693,-0.11254153400659561
redkitchen,test,seq-12,redkitchen/seq-12/frame-000951.color.png,0.67098939,-0.24493761,0.92327023,0.881935168,0.13769996,-0.439580941,-0.099988385,0.8917690515518188,-0.49358946084976196,1.1332664489746094,0.8903207182884216,0.08648122847080231,-0.4347127676010132,-0.1042824238538742
redkitchen,test,seq-12,redkitchen/seq-12/frame-000952.color.png,0.65290403,-0.2422782,0.92231035,0.880642752,0.138333396,-0.443119323,-0.094749566,0.8896043300628662,-0.48256927728652954,1.1188561916351318,0.894558846950531,0.08607719838619232,-0.4277971386909485,-0.09666779637336731
redkitchen,test,seq-12,redkitchen/seq-12/frame-000953.color.png,0.62115967,-0.23968196,0.92184693,0.879277923,0.136975552,-0.446778061,-0.092181324,0.7930490374565125,-0.4432346224784851,1.1162077188491821,0.897886335849762,0.0894760861992836,-0.420768678188324,-0.09353028237819672
redkitchen,test,seq-12,redkitchen/seq-12/frame-000954.color.png,0.60576457,-0.23990163,0.92270142,0.878411956,0.137350589,-0.448170771,-0.09311397,0.768375039100647,-0.45711421966552734,1.1165968179702759,0.9011011123657227,0.08742018789052963,-0.4146989583969116,-0.09164803475141525
redkitchen,test,seq-12,redkitchen/seq-12/frame-000955.color.png,0.58911812,-0.24059542,0.92162138,0.877775339,0.136437432,-0.449679101,-0.093187915,0.764883816242218,-0.4594663381576538,1.0923709869384766,0.9016299843788147,0.08813126385211945,-0.4124123156070709,-0.09598121792078018
redkitchen,test,seq-12,redkitchen/seq-12/frame-000956.color.png,0.57165581,-0.24100862,0.91931736,0.877252058,0.135815546,-0.45103071,-0.092489259,0.777008056640625,-0.46048790216445923,1.1060872077941895,0.8976326584815979,0.09109243750572205,-0.4201316833496094,-0.09719637036323547
redkitchen,test,seq-12,redkitchen/seq-12/frame-000957.color.png,0.55576938,-0.24281722,0.9192695,0.876036399,0.134903095,-0.454185079,-0.089873778,0.7626768946647644,-0.46341556310653687,1.1213421821594238,0.8960633277893066,0.08467079699039459,-0.4259283244609833,-0.092121422290802
redkitchen,test,seq-12,redkitchen/seq-12/frame-000958.color.png,0.54199106,-0.24709316,0.91991186,0.874303121,0.134604125,-0.457733718,-0.08919431,0.7198914289474487,-0.4954313635826111,1.098219633102417,0.8911721110343933,0.0756494551897049,-0.43778887391090393,-0.09181657433509827
redkitchen,test,seq-12,redkitchen/seq-12/frame-000959.color.png,0.51578176,-0.24567276,0.92237991,0.871702493,0.138514329,-0.460867088,-0.092466598,0.6272217631340027,-0.4513245224952698,1.097100019454956,0.8850706219673157,0.08738941699266434,-0.4483163058757782,-0.08958625793457031
redkitchen,test,seq-12,redkitchen/seq-12/frame-000960.color.png,0.50271159,-0.24718815,0.92132896,0.871209601,0.138928931,-0.461397898,-0.093832634,0.632084846496582,-0.44463050365448,1.0964341163635254,0.8819841146469116,0.09039495140314102,-0.4532090425491333,-0.09238177537918091
redkitchen,test,seq-12,redkitchen/seq-12/frame-000961.color.png,0.48895139,-0.24570414,0.92083013,0.870658322,0.139848769,-0.461947177,-0.094874723,0.6158188581466675,-0.44528138637542725,1.075678825378418,0.8805373311042786,0.088185153901577,-0.45610955357551575,-0.09402953833341599
redkitchen,test,seq-12,redkitchen/seq-12/frame-000962.color.png,0.47640181,-0.24754171,0.92219281,0.869952354,0.138260434,-0.463700332,-0.095126006,0.6186018586158752,-0.449562132358551,1.0748370885849,0.8819586634635925,0.09148279577493668,-0.45336735248565674,-0.09076256304979324
redkitchen,test,seq-12,redkitchen/seq-12/frame-000963.color.png,0.46364689,-0.24892792,0.92274213,0.869079843,0.136782927,-0.465736283,-0.09529099,0.6614362597465515,-0.4613417983055115,1.1158974170684814,0.8834630250930786,0.09418675303459167,-0.44900354743003845,-0.09496147930622101
redkitchen,test,seq-12,redkitchen/seq-12/frame-000964.color.png,0.43972939,-0.24811421,0.92584848,0.86715914,0.139909863,-0.467366578,-0.100143585,0.6753464341163635,-0.46764880418777466,1.1268017292022705,0.8789669275283813,0.09052342921495438,-0.4571530222892761,-0.10116225481033325
redkitchen,test,seq-12,redkitchen/seq-12/frame-000965.color.png,0.42677054,-0.24785686,0.92622024,0.867152977,0.139506067,-0.467112685,-0.101928951,0.5978383421897888,-0.47563791275024414,1.1092923879623413,0.8830779790878296,0.0930071622133255,-0.4468684196472168,-0.108773373067379
redkitchen,test,seq-12,redkitchen/seq-12/frame-000966.color.png,0.41261226,-0.24793027,0.92273837,0.867631495,0.13790863,-0.466352062,-0.103501461,0.5650343894958496,-0.4643266201019287,1.1022744178771973,0.8839821219444275,0.10079255700111389,-0.44296547770500183,-0.11044477671384811
redkitchen,test,seq-12,redkitchen/seq-12/frame-000967.color.png,0.39864174,-0.24608222,0.92235041,0.867865772,0.138439976,-0.465822661,-0.103211547,0.5100924968719482,-0.4466025233268738,1.0955113172531128,0.8876827359199524,0.1013408973813057,-0.43679624795913696,-0.10468246042728424
redkitchen,test,seq-12,redkitchen/seq-12/frame-000968.color.png,0.38532314,-0.2430543,0.9199996,0.86833229,0.138487784,-0.464919989,-0.103293619,0.5095928907394409,-0.4460441470146179,1.1106159687042236,0.8850986957550049,0.09892529994249344,-0.4421594440937042,-0.10634424537420273
redkitchen,test,seq-12,redkitchen/seq-12/frame-000969.color.png,0.35731381,-0.24120469,0.91697598,0.869230458,0.139194797,-0.462814415,-0.104240286,0.446052610874176,-0.4459470510482788,1.1030992269515991,0.8849986791610718,0.09935244172811508,-0.44080445170402527,-0.11224058270454407
redkitchen,test,seq-12,redkitchen/seq-12/frame-000970.color.png,0.34366804,-0.23995146,0.91460305,0.87007282,0.140912596,-0.460800606,-0.103825481,0.4757768511772156,-0.44825679063796997,1.1240240335464478,0.8817676305770874,0.10198385268449783,-0.44759660959243774,-0.10836255550384521
redkitchen,test,seq-12,redkitchen/seq-12/frame-000971.color.png,0.32934958,-0.23797248,0.91125762,0.870917566,0.142311863,-0.459027265,-0.102683481,0.5059295296669006,-0.45986998081207275,1.1269174814224243,0.8782594799995422,0.0979163870215416,-0.45472195744514465,-0.11090794950723648
redkitchen,test,seq-12,redkitchen/seq-12/frame-000972.color.png,0.31565171,-0.23434643,0.90889025,0.871946891,0.144323377,-0.45664899,-0.101740271,0.5245119333267212,-0.46517956256866455,1.1227233409881592,0.8868089318275452,0.09335236251354218,-0.4403437674045563,-0.10465509444475174
redkitchen,test,seq-12,redkitchen/seq-12/frame-000973.color.png,0.29945743,-0.22905044,0.90308303,0.874114107,0.146916219,-0.452158291,-0.099463722,0.4100264608860016,-0.44512444734573364,1.1098207235336304,0.8802331686019897,0.09403461217880249,-0.4541722238063812,-0.10037244856357574
redkitchen,test,seq-12,redkitchen/seq-12/frame-000974.color.png,0.27082935,-0.22274095,0.89278615,0.878056495,0.149702279,-0.444553652,-0.094752672,0.38123926520347595,-0.4417375922203064,1.0967096090316772,0.8809845447540283,0.0904998779296875,-0.4536105692386627,-0.09956705570220947
redkitchen,test,seq-12,redkitchen/seq-12/frame-000975.color.png,0.25757009,-0.21794716,0.88938493,0.879587123,0.151840239,-0.440972578,-0.093884081,0.4167487621307373,-0.45243507623672485,1.0911641120910645,0.8834257125854492,0.09554807841777802,-0.44893473386764526,-0.09427180141210556
redkitchen,test,seq-12,redkitchen/seq-12/frame-000976.color.png,0.24340892,-0.21660809,0.88369298,0.881560438,0.150984445,-0.437570321,-0.092666636,0.4228191375732422,-0.4629783630371094,1.0851624011993408,0.8840329051017761,0.09007031470537186,-0.4485017657279968,-0.09601769596338272
redkitchen,test,seq-12,redkitchen/seq-12/frame-000977.color.png,0.22984338,-0.21357891,0.87889963,0.883170973,0.150756474,-0.434597449,-0.091687376,0.4050019383430481,-0.4537595510482788,1.1101961135864258,0.8860148191452026,0.09357937425374985,-0.4431857168674469,-0.09903112798929214
redkitchen,test,seq-12,redkitchen/seq-12/frame-000978.color.png,0.21502204,-0.21076517,0.8732363,0.885164883,0.148996893,-0.431242199,-0.091176867,0.39565467834472656,-0.44406211376190186,1.1216679811477661,0.8867167830467224,0.09505680203437805,-0.44220101833343506,-0.09568610042333603
redkitchen,test,seq-12,redkitchen/seq-12/frame-000979.color.png,0.18696411,-0.20952573,0.86291093,0.888605897,0.144892286,-0.426477024,-0.086620628,0.3313989043235779,-0.41752761602401733,1.0494269132614136,0.8982878923416138,0.09194797277450562,-0.4219202399253845,-0.08128846436738968
redkitchen,test,seq-12,redkitchen/seq-12/frame-000980.color.png,0.17340301,-0.20777757,0.85811377,0.889850001,0.144470745,-0.424796366,-0.082723799,0.34378013014793396,-0.4342888593673706,1.079629898071289,0.8940590023994446,0.08935897797346115,-0.4323175251483917,-0.07599326968193054
redkitchen,test,seq-12,redkitchen/seq-12/frame-000981.color.png,0.15914036,-0.20361884,0.85292232,0.891405114,0.145519582,-0.421408015,-0.081463236,0.3913164734840393,-0.4191129803657532,1.0779616832733154,0.8966330885887146,0.08606076240539551,-0.4284650683403015,-0.07113596051931381
redkitchen,test,seq-12,redkitchen/seq-12/frame-000982.color.png,0.14623724,-0.19920072,0.84748346,0.893494007,0.144589658,-0.417597366,-0.079841904,0.3491227328777313,-0.4188673496246338,1.0609486103057861,0.903847873210907,0.08296944946050644,-0.4143790006637573,-0.06682200729846954
redkitchen,test,seq-12,redkitchen/seq-12/frame-000983.color.png,0.13440976,-0.19970556,0.84344906,0.895358219,0.141418571,-0.415393152,-0.076045887,0.3045107424259186,-0.4029753804206848,1.0263681411743164,0.9076327085494995,0.0844743475317955,-0.40639644861221313,-0.06252060830593109
redkitchen,test,seq-12,redkitchen/seq-12/frame-000984.color.png,0.12120531,-0.19730505,0.83835363,0.896760398,0.139516608,-0.413317612,-0.074326685,0.29140064120292664,-0.40446627140045166,1.0207149982452393,0.9107211232185364,0.0838044136762619,-0.4001050591468811,-0.05899076163768768
redkitchen,test,seq-12,redkitchen/seq-12/frame-000985.color.png,0.098131746,-0.1945819,0.83122361,0.898412202,0.136054332,-0.410530231,-0.076221144,0.3070161044597626,-0.4103984832763672,0.9917675256729126,0.91275554895401,0.08507274836301804,-0.394575834274292,-0.06284811347723007
redkitchen,test,seq-12,redkitchen/seq-12/frame-000986.color.png,0.087058812,-0.19448884,0.82895011,0.898824425,0.135335311,-0.4093624,-0.078876058,0.2532752454280853,-0.41321367025375366,0.9919541478157043,0.9133998155593872,0.09097609668970108,-0.39117196202278137,-0.06639806181192398
redkitchen,test,seq-12,redkitchen/seq-12/frame-000987.color.png,0.075179428,-0.19110242,0.82587922,0.899127149,0.134382656,-0.408494031,-0.08151256,0.24456994235515594,-0.4071839451789856,0.9908723831176758,0.918157696723938,0.09207925200462341,-0.3797481954097748,-0.06556772440671921
redkitchen,test,seq-12,redkitchen/seq-12/frame-000988.color.png,0.065231115,-0.19313405,0.82254905,0.899396224,0.131459685,-0.408131451,-0.085049998,0.2817896604537964,-0.412362277507782,0.9797751903533936,0.914034366607666,0.09527334570884705,-0.3874887228012085,-0.07291615754365921
redkitchen,test,seq-12,redkitchen/seq-12/frame-000989.color.png,0.054512925,-0.19078599,0.82039386,0.89930242,0.13305846,-0.407388314,-0.087094006,0.27534034848213196,-0.4234439730644226,0.9914405345916748,0.9122762084007263,0.0934845432639122,-0.39163345098495483,-0.07507404685020447
redkitchen,test,seq-12,redkitchen/seq-12/frame-000990.color.png,0.044043787,-0.19001429,0.81651741,0.89948338,0.132724335,-0.406702818,-0.088919727,0.2486589401960373,-0.42045700550079346,0.9842175245285034,0.9107181429862976,0.09673149883747101,-0.3940776288509369,-0.07706001400947571
redkitchen,test,seq-12,redkitchen/seq-12/frame-000991.color.png,0.034837667,-0.18889962,0.81607366,0.89923915,0.132819979,-0.406811573,-0.090731187,0.24422653019428253,-0.40801841020584106,0.9885897636413574,0.9024572968482971,0.09916853159666061,-0.4100755751132965,-0.08703083544969559
redkitchen,test,seq-12,redkitchen/seq-12/frame-000992.color.png,0.013458648,-0.18835807,0.80992711,0.89930684,0.134114214,-0.405646957,-0.093333446,0.2500194311141968,-0.41737091541290283,0.9933715462684631,0.9013193845748901,0.09749171137809753,-0.41209644079208374,-0.09107887744903564
redkitchen,test,seq-12,redkitchen/seq-12/frame-000993.color.png,0.005114388,-0.1883039,0.8092953,0.898707911,0.134013766,-0.406781052,-0.094305765,0.2501547634601593,-0.4227600693702698,1.0062159299850464,0.8988999128341675,0.09324841946363449,-0.41909724473953247,-0.08741424977779388
redkitchen,test,seq-12,redkitchen/seq-12/frame-000994.color.png,-0.00565488,-0.18709683,0.80720192,0.898120442,0.136085683,-0.407130934,-0.095418875,0.22876015305519104,-0.42293596267700195,0.9928504228591919,0.8922897577285767,0.09056238830089569,-0.4315938949584961,-0.09666582196950912
redkitchen,test,seq-12,redkitchen/seq-12/frame-000995.color.png,-0.015976682,-0.18429132,0.80777442,0.897179725,0.138815625,-0.408155405,-0.095957949,0.19394440948963165,-0.4099445939064026,0.9736431241035461,0.8949240446090698,0.09745263308286667,-0.42460834980010986,-0.09654843807220459
redkitchen,test,seq-12,redkitchen/seq-12/frame-000996.color.png,-0.026575154,-0.18281639,0.80612105,0.896343207,0.139521911,-0.409888717,-0.095361059,0.1924593150615692,-0.4166884422302246,1.005260944366455,0.8920594453811646,0.09798166155815125,-0.429995596408844,-0.09865759313106537
redkitchen,test,seq-12,redkitchen/seq-12/frame-000997.color.png,-0.036493652,-0.18353294,0.80572069,0.895366084,0.139205883,-0.412241462,-0.094859236,0.18080288171768188,-0.4159829616546631,1.0090810060501099,0.8844919800758362,0.09845392405986786,-0.44282087683677673,-0.10904357582330704
redkitchen,test,seq-12,redkitchen/seq-12/frame-000998.color.png,-0.046733677,-0.18218838,0.80560958,0.894355773,0.140107913,-0.414349002,-0.093874536,0.10162059962749481,-0.3935229182243347,0.977622926235199,0.8936935663223267,0.09943778067827225,-0.426520437002182,-0.09749028086662292
redkitchen,test,seq-12,redkitchen/seq-12/frame-000999.color.png,-0.066208921,-0.18239193,0.80816096,0.892292918,0.137088593,-0.420293507,-0.091506476,0.08554147928953171,-0.3795589804649353,1.035107135772705,0.8906194567680359,0.0972234457731247,-0.4340750277042389,-0.09446384757757187
redkitchen,test,seq-14,redkitchen/seq-14/frame-000000.color.png,-0.19018678,0.20605801,0.005582883,0.998264429,0.057579126,0.011074236,-0.005489571,-0.3327462673187256,0.1897711306810379,-0.12252769619226456,0.9976543188095093,0.02723745070397854,0.0619359165430069,-0.010383752174675465
redkitchen,test,seq-14,redkitchen/seq-14/frame-000001.color.png,-0.19064727,0.20567018,0.00617552,0.998314551,0.056481312,0.012041952,-0.005736785,-0.3448392450809479,0.18936781585216522,-0.11506406217813492,0.9977313280105591,0.027683643624186516,0.060760460793972015,-0.008602294139564037
redkitchen,test,seq-14,redkitchen/seq-14/frame-000002.color.png,-0.18972665,0.20760575,0.006842317,0.998366724,0.055356384,0.012990524,-0.005549971,-0.30686715245246887,0.21907742321491241,-0.12063606828451157,0.9976937174797058,0.03146403282880783,0.059672433882951736,-0.007514729164540768
redkitchen,test,seq-14,redkitchen/seq-14/frame-000003.color.png,-0.19082829,0.20897083,0.007828942,0.998425725,0.054167645,0.013458849,-0.005549543,-0.33530378341674805,0.22395049035549164,-0.11761362105607986,0.9979796409606934,0.031522057950496674,0.054478853940963745,-0.008658873848617077
redkitchen,test,seq-14,redkitchen/seq-14/frame-000004.color.png,-0.19458824,0.2050086,0.009211388,0.998522166,0.052009392,0.014894968,-0.005162164,-0.30305129289627075,0.20316334068775177,-0.1554308533668518,0.9979658126831055,0.02596731297671795,0.05775400623679161,-0.0073740724474191666
redkitchen,test,seq-14,redkitchen/seq-14/frame-000005.color.png,-0.19546351,0.20501661,0.010582198,0.998558243,0.051348903,0.015141294,-0.003932851,-0.32681170105934143,0.2092181295156479,-0.1337333619594574,0.9979870915412903,0.02450515143573284,0.05814949795603752,-0.006315464619547129
redkitchen,test,seq-14,redkitchen/seq-14/frame-000006.color.png,-0.19618523,0.20778336,0.011833872,0.998534894,0.051731947,0.01566973,-0.002516188,-0.35063546895980835,0.21433372795581818,-0.1298747956752777,0.9980286955833435,0.023992568254470825,0.05770951882004738,-0.005707542411983013
redkitchen,test,seq-14,redkitchen/seq-14/frame-000007.color.png,-0.19670993,0.20762293,0.01391665,0.998603369,0.050268798,0.016258997,7.08e-05,-0.3285940885543823,0.2265835851430893,-0.16527017951011658,0.9982262253761292,0.02425907365977764,0.05434597283601761,-0.001548357424326241
redkitchen,test,seq-14,redkitchen/seq-14/frame-000008.color.png,-0.20239148,0.20740569,0.015681243,0.998668624,0.048450809,0.017510133,0.002625738,-0.3352448344230652,0.21758906543254852,-0.13701707124710083,0.9981017708778381,0.0235179103910923,0.05691949278116226,-2.7848493118654005e-05
redkitchen,test,seq-14,redkitchen/seq-14/frame-000009.color.png,-0.20421007,0.21031021,0.018186074,0.998588846,0.049466297,0.017662987,0.007837134,-0.328290730714798,0.20353232324123383,-0.12274724990129471,0.9981982707977295,0.022454535588622093,0.05556407943367958,0.0029305461794137955
redkitchen,test,seq-14,redkitchen/seq-14/frame-000010.color.png,-0.2069851,0.21076074,0.020682013,0.998480603,0.050692504,0.016794783,0.01359011,-0.3140079379081726,0.20516671240329742,-0.14972493052482605,0.9977227449417114,0.026374956592917442,0.061898261308670044,0.00472470186650753
redkitchen,test,seq-14,redkitchen/seq-14/frame-000011.color.png,-0.21029063,0.21598187,0.023397671,0.998267733,0.052940073,0.016156922,0.019945821,-0.31186434626579285,0.16326498985290527,-0.16783306002616882,0.9969031810760498,0.021260838955640793,0.07524340599775314,0.008390679955482483
redkitchen,test,seq-14,redkitchen/seq-14/frame-000012.color.png,-0.21368276,0.21410386,0.026833693,0.998272088,0.051513299,0.015170714,0.023855146,-0.34433063864707947,0.16236168146133423,-0.16858601570129395,0.9967040419578552,0.017952876165509224,0.07852108031511307,0.009656624868512154
redkitchen,test,seq-14,redkitchen/seq-14/frame-000013.color.png,-0.21615604,0.21506211,0.030016897,0.998285104,0.049797758,0.014243757,0.027279127,-0.35127365589141846,0.1794438362121582,-0.11916298419237137,0.997566282749176,0.01670636236667633,0.06700373440980911,0.009636937640607357
redkitchen,test,seq-14,redkitchen/seq-14/frame-000014.color.png,-0.21923399,0.21295571,0.032991707,0.998258968,0.047966004,0.013713365,0.031468058,-0.3770921230316162,0.16217193007469177,-0.13190317153930664,0.9968148469924927,0.016997868195176125,0.07688972353935242,0.012618403881788254
redkitchen,test,seq-14,redkitchen/seq-14/frame-000015.color.png,-0.22302449,0.21448465,0.036090259,0.998070502,0.048331699,0.012678414,0.036858896,-0.3752358555793762,0.12702126801013947,-0.1390182077884674,0.9961956143379211,0.014634259976446629,0.08382277935743332,0.018808942288160324
redkitchen,test,seq-14,redkitchen/seq-14/frame-000016.color.png,-0.22816823,0.21294191,0.03903288,0.997912414,0.047928009,0.011634567,0.041693607,-0.38313189148902893,0.10387301445007324,-0.12688034772872925,0.9970084428787231,0.010421071201562881,0.07404729723930359,0.019558385014533997
redkitchen,test,seq-14,redkitchen/seq-14/frame-000017.color.png,-0.23109037,0.2134587,0.041718375,0.997647857,0.048924944,0.011632335,0.046581026,-0.3783033788204193,0.11292682588100433,-0.11009395867586136,0.9968950152397156,0.017090661451220512,0.07367931306362152,0.02189895696938038
redkitchen,test,seq-14,redkitchen/seq-14/frame-000018.color.png,-0.23758411,0.21562125,0.045003548,0.997186417,0.050799728,0.012616906,0.053660523,-0.39068835973739624,0.09447883069515228,-0.09492812305688858,0.9970061779022217,0.013227421790361404,0.07068896293640137,0.0284030232578516
redkitchen,test,seq-14,redkitchen/seq-14/frame-000019.color.png,-0.23783317,0.2163737,0.045185603,0.99717367,0.051122717,0.012583753,0.053598396,-0.39068835973739624,0.09447883069515228,-0.09492812305688858,0.9970061779022217,0.013227421790361404,0.07068896293640137,0.0284030232578516
redkitchen,test,seq-14,redkitchen/seq-14/frame-000020.color.png,-0.24411979,0.21465406,0.047746446,0.996764967,0.051728265,0.011668993,0.060395546,-0.39370831847190857,0.05705446004867554,-0.12235227972269058,0.9972512722015381,0.0075914678163826466,0.06618370860815048,0.03243359178304672
redkitchen,test,seq-14,redkitchen/seq-14/frame-000021.color.png,-0.24887358,0.21629976,0.050259192,0.996085071,0.054125427,0.011022439,0.069017932,-0.4078681468963623,0.049165450036525726,-0.08154656738042831,0.9971985816955566,0.012588728219270706,0.06508920341730118,0.034639034420251846
redkitchen,test,seq-14,redkitchen/seq-14/frame-000022.color.png,-0.25582555,0.21546836,0.052335456,0.995341405,0.055244151,0.011188513,0.07822013,-0.38180315494537354,0.058262526988983154,-0.08863084763288498,0.9967437982559204,0.010071477852761745,0.0675920844078064,0.042798109352588654
redkitchen,test,seq-14,redkitchen/seq-14/frame-000023.color.png,-0.26069197,0.21202917,0.054934949,0.99465915,0.055019094,0.010678719,0.086672021,-0.37379753589630127,0.03739745914936066,-0.05568619817495346,0.9968941807746887,0.006851973477751017,0.05965939909219742,0.05094824358820915
redkitchen,test,seq-14,redkitchen/seq-14/frame-000024.color.png,-0.26858729,0.2113619,0.057802878,0.993562664,0.057181664,0.010906911,0.097182973,-0.3829040229320526,0.016027487814426422,-0.010698586702346802,0.9957473278045654,0.009729348123073578,0.06873070448637009,0.06056923791766167
redkitchen,test,seq-14,redkitchen/seq-14/frame-000025.color.png,-0.27548847,0.2079308,0.060758885,0.992368112,0.059955599,0.009366223,0.107345846,-0.3920111656188965,0.006170690059661865,0.018297746777534485,0.9947536587715149,0.009087009355425835,0.0767044797539711,0.06707391887903214
redkitchen,test,seq-14,redkitchen/seq-14/frame-000026.color.png,-0.28125989,0.1978372,0.062451877,0.991288136,0.061714608,0.007660926,0.116105332,-0.36719682812690735,-0.026925690472126007,0.08854245394468307,0.9934023022651672,0.010708234272897243,0.08835464715957642,0.07232391834259033
redkitchen,test,seq-14,redkitchen/seq-14/frame-000027.color.png,-0.28366062,0.19904435,0.065494716,0.990113042,0.064756604,0.004527226,0.124347295,-0.36932066082954407,-0.05849327892065048,0.10494492202997208,0.992301344871521,0.00928261037915945,0.09319484978914261,0.08103448897600174
redkitchen,test,seq-14,redkitchen/seq-14/frame-000028.color.png,-0.29088432,0.19294621,0.067646153,0.98913471,0.065168804,0.00342213,0.131733981,-0.3450965881347656,-0.058209676295518875,0.1338934600353241,0.9925594925880432,0.011028462089598179,0.08727918565273285,0.08418002724647522
redkitchen,test,seq-14,redkitchen/seq-14/frame-000029.color.png,-0.29745865,0.19024034,0.069809608,0.988086029,0.067335159,0.002096111,0.138374789,-0.33483245968818665,-0.05808287113904953,0.12055882811546326,0.9920227527618408,0.01509169302880764,0.09063415229320526,0.0863051488995552
redkitchen,test,seq-14,redkitchen/seq-14/frame-000030.color.png,-0.30567244,0.18689851,0.071532212,0.98687124,0.069180516,0.001718378,0.145932377,-0.3001048266887665,-0.08788631111383438,0.1266394704580307,0.9902275800704956,0.015923315659165382,0.09656894207000732,0.09934870153665543
redkitchen,test,seq-14,redkitchen/seq-14/frame-000031.color.png,-0.31630844,0.18600175,0.073721483,0.985489017,0.073300719,0.002304573,0.153078705,-0.285747230052948,-0.08335564285516739,0.15836498141288757,0.9898863434791565,0.018614161759614944,0.0962269976735115,0.10256186872720718
redkitchen,test,seq-14,redkitchen/seq-14/frame-000032.color.png,-0.32466975,0.17924137,0.074531063,0.983987466,0.077477865,0.004290961,0.160460071,-0.27701807022094727,-0.1234682947397232,0.1901356279850006,0.9905661344528198,0.02085805870592594,0.08589678257703781,0.1047157421708107
redkitchen,test,seq-14,redkitchen/seq-14/frame-000033.color.png,-0.33600211,0.17391431,0.074476101,0.982561471,0.081515998,0.005294518,0.167033126,-0.2927412688732147,-0.12838029861450195,0.16846302151679993,0.9901264905929565,0.025193309411406517,0.08681203424930573,0.10713740438222885
redkitchen,test,seq-14,redkitchen/seq-14/frame-000034.color.png,-0.34356704,0.17265597,0.076816127,0.981439452,0.085218354,0.005645078,0.171704883,-0.23006150126457214,-0.1527310013771057,0.1882472187280655,0.9884166121482849,0.0344172902405262,0.08859559148550034,0.11831647157669067
redkitchen,test,seq-14,redkitchen/seq-14/frame-000035.color.png,-0.34320551,0.1728631,0.077121489,0.981408286,0.085428414,0.005741258,0.171775437,-0.23006150126457214,-0.1527310013771057,0.1882472187280655,0.9884166121482849,0.0344172902405262,0.08859559148550034,0.11831647157669067
redkitchen,test,seq-14,redkitchen/seq-14/frame-000036.color.png,-0.3471581,0.17082025,0.079177842,0.980612765,0.086008525,0.007160294,0.175925746,-0.1948610097169876,-0.14855904877185822,0.21241143345832825,0.9886727929115295,0.032371267676353455,0.08147745579481125,0.12181778252124786
redkitchen,test,seq-14,redkitchen/seq-14/frame-000037.color.png,-0.3562445,0.17061593,0.081334114,0.979407304,0.085249131,0.009083806,0.182787864,-0.1868300884962082,-0.15985900163650513,0.2097133994102478,0.9897682070732117,0.02645433507859707,0.07156688719987869,0.12057037651538849
redkitchen,test,seq-14,redkitchen/seq-14/frame-000038.color.png,-0.3618072,0.16708599,0.08227855,0.978583478,0.083398821,0.011537586,0.18784541,-0.22067449986934662,-0.1533147096633911,0.25116071105003357,0.9893760681152344,0.03091464564204216,0.07152988016605377,0.12273067235946655
redkitchen,test,seq-14,redkitchen/seq-14/frame-000039.color.png,-0.36859614,0.16350262,0.081657521,0.977885477,0.083927819,0.017683951,0.190744313,-0.2719856798648834,-0.1867363303899765,0.27606701850891113,0.9897604584693909,0.023038281127810478,0.07643703371286392,0.11832493543624878
redkitchen,test,seq-14,redkitchen/seq-14/frame-000040.color.png,-0.37489823,0.16173573,0.082581036,0.977465855,0.085339861,0.023335194,0.191658755,-0.24501065909862518,-0.2018374651670456,0.28712719678878784,0.9885560274124146,0.029655268415808678,0.07797124981880188,0.1256902515888214
redkitchen,test,seq-14,redkitchen/seq-14/frame-000041.color.png,-0.37754402,0.16017711,0.082892992,0.977109428,0.08649755,0.027870533,0.192350132,-0.23992562294006348,-0.18344882130622864,0.3432454466819763,0.9869681596755981,0.028050286695361137,0.08321952819824219,0.13483892381191254
redkitchen,test,seq-14,redkitchen/seq-14/frame-000042.color.png,-0.37863958,0.16078797,0.082747273,0.976722104,0.086980074,0.033806638,0.193146344,-0.2542908787727356,-0.16886737942695618,0.3598066568374634,0.9880454540252686,0.02714402973651886,0.08175726234912872,0.12784786522388458
redkitchen,test,seq-14,redkitchen/seq-14/frame-000043.color.png,-0.38449538,0.15933427,0.083960667,0.976750666,0.08641837,0.041220247,0.191809524,-0.2449014037847519,-0.18828892707824707,0.32019680738449097,0.9870251417160034,0.029495149850845337,0.09449245780706406,0.12642233073711395
redkitchen,test,seq-14,redkitchen/seq-14/frame-000044.color.png,-0.39207348,0.15896435,0.083596446,0.977051236,0.08586839,0.049822377,0.188454857,-0.2876470983028412,-0.18819665908813477,0.2995552122592926,0.9869760274887085,0.02745915949344635,0.10138426721096039,0.12184280157089233
redkitchen,test,seq-14,redkitchen/seq-14/frame-000045.color.png,-0.39843011,0.16170731,0.082363285,0.977704117,0.08403893,0.058718763,0.183259995,-0.3694174289703369,-0.18531233072280884,0.30165618658065796,0.987049400806427,0.024021776393055916,0.11109928041696548,0.11319591104984283
redkitchen,test,seq-14,redkitchen/seq-14/frame-000046.color.png,-0.4036386,0.16190417,0.08209417,0.97820928,0.080836829,0.069441897,0.178184835,-0.3695674240589142,-0.20315605401992798,0.3456234633922577,0.9859938621520996,0.02236720733344555,0.1213526725769043,0.11220210045576096
redkitchen,test,seq-14,redkitchen/seq-14/frame-000047.color.png,-0.41329369,0.15969244,0.081949405,0.978577705,0.076743941,0.081552959,0.172757513,-0.40417054295539856,-0.16946953535079956,0.30051249265670776,0.9871105551719666,0.018297065049409866,0.11635299026966095,0.10835128277540207
redkitchen,test,seq-14,redkitchen/seq-14/frame-000048.color.png,-0.41785803,0.15954711,0.080700755,0.979146317,0.073493028,0.09141019,0.165877792,-0.44523635506629944,-0.181890606880188,0.3001996576786041,0.9866090416908264,0.014229905791580677,0.12537215650081635,0.10335349291563034
redkitchen,test,seq-14,redkitchen/seq-14/frame-000049.color.png,-0.42588103,0.15574756,0.079455227,0.979836536,0.069896164,0.101186168,0.157468248,-0.46982133388519287,-0.14270898699760437,0.26209476590156555,0.9842237830162048,0.016561228781938553,0.1418941617012024,0.10438059270381927
redkitchen,test,seq-14,redkitchen/seq-14/frame-000050.color.png,-0.43057749,0.15650961,0.078590184,0.980000761,0.068837515,0.111432036,0.149809234,-0.49441131949424744,-0.16645079851150513,0.27251920104026794,0.9853065013885498,0.015275045298039913,0.1381683647632599,0.09923361241817474
redkitchen,test,seq-14,redkitchen/seq-14/frame-000051.color.png,-0.4339014,0.15988684,0.077811159,0.980260035,0.067360721,0.121682963,0.140520651,-0.4765983819961548,-0.12382647395133972,0.257687509059906,0.9863395690917969,0.01476387307047844,0.13239967823028564,0.09688431024551392
redkitchen,test,seq-14,redkitchen/seq-14/frame-000052.color.png,-0.44162434,0.15658389,0.076528579,0.980731057,0.062610574,0.13064243,0.131068931,-0.5063868761062622,-0.12648828327655792,0.19132816791534424,0.9849936366081238,0.005795510485768318,0.14783282577991486,0.08887888491153717
redkitchen,test,seq-14,redkitchen/seq-14/frame-000053.color.png,-0.44411913,0.15005779,0.072252728,0.981538442,0.057939403,0.136369086,0.120949509,-0.5217529535293579,-0.11162762343883514,0.13202586770057678,0.9854803681373596,0.004060337785631418,0.14882992208003998,0.08161887526512146
redkitchen,test,seq-14,redkitchen/seq-14/frame-000054.color.png,-0.45026094,0.15132082,0.068301454,0.981725837,0.056854955,0.143355204,0.111495209,-0.5009852647781372,-0.10652929544448853,0.1419769525527954,0.98637855052948,0.004824013449251652,0.14615975320339203,0.07530844211578369
redkitchen,test,seq-14,redkitchen/seq-14/frame-000055.color.png,-0.45314202,0.15106981,0.063922748,0.981781462,0.056005491,0.150501499,0.101576792,-0.49943286180496216,-0.08714229613542557,0.12210436165332794,0.986403226852417,0.00573918828740716,0.15019342303276062,0.06646452844142914
redkitchen,test,seq-14,redkitchen/seq-14/frame-000056.color.png,-0.45792368,0.15893032,0.059471067,0.981791735,0.057177969,0.156002766,0.092080431,-0.5181565880775452,-0.04262685775756836,0.07845773547887802,0.9875310063362122,0.004884092137217522,0.14545318484306335,0.06001652404665947
redkitchen,test,seq-14,redkitchen/seq-14/frame-000057.color.png,-0.46355349,0.15704703,0.053867925,0.98206059,0.052650421,0.161567237,0.081737125,-0.5003020763397217,0.032303571701049805,0.07769855111837387,0.9906237125396729,0.01256227120757103,0.12807846069335938,0.045854683965444565
redkitchen,test,seq-14,redkitchen/seq-14/frame-000058.color.png,-0.46879494,0.15397248,0.048918501,0.982190343,0.047890232,0.167257664,0.07094738,-0.4913146495819092,0.003992974758148193,0.04061368480324745,0.9918307662010193,0.012479865923523903,0.12168169021606445,0.03618835657835007
redkitchen,test,seq-14,redkitchen/seq-14/frame-000059.color.png,-0.47361818,0.15484664,0.044293117,0.981932454,0.046220682,0.173017905,0.061131902,-0.5182362794876099,0.02243463695049286,0.022627152502536774,0.9921772480010986,0.014699170365929604,0.12002658098936081,0.031013114377856255
redkitchen,test,seq-14,redkitchen/seq-14/frame-000060.color.png,-0.47863033,0.15998776,0.037869774,0.981803657,0.04559389,0.177131259,0.051061663,-0.5134841203689575,0.058864399790763855,-0.009211815893650055,0.9934402704238892,0.015817131847143173,0.11176914721727371,0.018273182213306427
redkitchen,test,seq-14,redkitchen/seq-14/frame-000061.color.png,-0.48361975,0.15985918,0.031598408,0.981681456,0.043259547,0.181076396,0.040515043,-0.55339115858078,0.06979088485240936,-0.03504524379968643,0.993570864200592,0.01614971086382866,0.11113354563713074,0.014331422746181488
redkitchen,test,seq-14,redkitchen/seq-14/frame-000062.color.png,-0.48907179,0.1608009,0.025341623,0.981340316,0.040811452,0.185327251,0.030974508,-0.5480659604072571,0.11107276380062103,-0.04564014822244644,0.9936030507087708,0.017555126920342445,0.11073733866214752,0.013489956967532635
redkitchen,test,seq-14,redkitchen/seq-14/frame-000063.color.png,-0.49628726,0.16090542,0.020646103,0.980730838,0.03946562,0.190084601,0.021847932,-0.5468330979347229,0.13644108176231384,-0.09020521491765976,0.9945037364959717,0.021121660247445107,0.10249441862106323,0.003336119232699275
redkitchen,test,seq-14,redkitchen/seq-14/frame-000064.color.png,-0.4994792,0.16676715,0.014285685,0.98049987,0.043725512,0.191223312,0.011904997,-0.5699949264526367,0.15544791519641876,-0.0978921577334404,0.9945927858352661,0.01995920203626156,0.10183002799749374,0.004186203237622976
redkitchen,test,seq-14,redkitchen/seq-14/frame-000065.color.png,-0.50085312,0.17396636,0.004536771,0.980847299,0.047313994,0.188923407,0.00281219,-0.5546085834503174,0.15370507538318634,-0.11579618602991104,0.9951038360595703,0.01821555383503437,0.09685152769088745,-0.0075056166388094425
redkitchen,test,seq-14,redkitchen/seq-14/frame-000066.color.png,-0.50156093,0.17309174,-0.004049188,0.981046935,0.046070554,0.188102576,-0.006468037,-0.5239953398704529,0.15683940052986145,-0.13816532492637634,0.995558500289917,0.025482771918177605,0.0884196013212204,-0.01989780180156231
redkitchen,test,seq-14,redkitchen/seq-14/frame-000067.color.png,-0.50165766,0.17695041,-0.014413077,0.980859444,0.044376066,0.188805951,-0.017257694,-0.526576817035675,0.1646416336297989,-0.09525401145219803,0.9959977865219116,0.029964134097099304,0.08040797710418701,-0.02500433288514614
redkitchen,test,seq-14,redkitchen/seq-14/frame-000068.color.png,-0.50569612,0.17806122,-0.021561349,0.98030964,0.042289446,0.190815902,-0.028176314,-0.48265472054481506,0.14782847464084625,-0.12439306825399399,0.9968668818473816,0.022807322442531586,0.0719110295176506,-0.023772116750478745
redkitchen,test,seq-14,redkitchen/seq-14/frame-000069.color.png,-0.50727975,0.18327051,-0.028064869,0.980199732,0.042598549,0.189618421,-0.037930254,-0.4886697232723236,0.1662420779466629,-0.10091590136289597,0.9967588186264038,0.01693839393556118,0.07359891384840012,-0.02771482802927494
redkitchen,test,seq-14,redkitchen/seq-14/frame-000070.color.png,-0.5078516,0.18801677,-0.037572119,0.980183451,0.045003803,0.187028921,-0.04727836,-0.44782495498657227,0.15999940037727356,-0.10742322355508804,0.9970148801803589,0.017702050507068634,0.06830181181430817,-0.031349290162324905
redkitchen,test,seq-14,redkitchen/seq-14/frame-000071.color.png,-0.50933051,0.1917602,-0.048414323,0.979826252,0.044654751,0.18620576,-0.057217863,-0.48006218671798706,0.1453959345817566,-0.08888033777475357,0.9965772032737732,0.021958699449896812,0.06622813642024994,-0.04433446377515793
redkitchen,test,seq-14,redkitchen/seq-14/frame-000072.color.png,-0.51065695,0.19244243,-0.055870794,0.979137641,0.043400486,0.186409552,-0.068244824,-0.4552064538002014,0.13999278843402863,-0.07286060601472855,0.9970305562019348,0.019028132781386375,0.05874323844909668,-0.04601459950208664
redkitchen,test,seq-14,redkitchen/seq-14/frame-000073.color.png,-0.51511145,0.19725925,-0.063847743,0.978600353,0.04282802,0.185967643,-0.076961978,-0.42949867248535156,0.15214255452156067,-0.11984408646821976,0.9969799518585205,0.01984969899058342,0.05825759470462799,-0.04736149311065674
redkitchen,test,seq-14,redkitchen/seq-14/frame-000074.color.png,-0.51717716,0.19954698,-0.071328864,0.978245248,0.040915979,0.18398483,-0.086670064,-0.39809802174568176,0.12706847488880157,-0.07291043549776077,0.9967009425163269,0.01638217084109783,0.05425247177481651,-0.05809910595417023
redkitchen,test,seq-14,redkitchen/seq-14/frame-000075.color.png,-0.52259248,0.1908749,-0.078357637,0.97764766,0.037383654,0.183213493,-0.096126642,-0.39482951164245605,0.13086792826652527,-0.02656065672636032,0.995927631855011,0.020952420309185982,0.05679086595773697,-0.06681224703788757
redkitchen,test,seq-14,redkitchen/seq-14/frame-000076.color.png,-0.52676308,0.19171914,-0.086959228,0.977145357,0.037100214,0.181721151,-0.103865054,-0.37795335054397583,0.11772468686103821,0.0016111060976982117,0.9955121278762817,0.016398586332798004,0.05131743103265762,-0.07780192792415619
redkitchen,test,seq-14,redkitchen/seq-14/frame-000077.color.png,-0.53205752,0.19733562,-0.093423553,0.976647763,0.040055772,0.180910651,-0.108747499,-0.33447229862213135,0.10537245869636536,-0.03615356981754303,0.9957262277603149,0.018478335812687874,0.04105936363339424,-0.08063530176877975
redkitchen,test,seq-14,redkitchen/seq-14/frame-000078.color.png,-0.53593707,0.20264509,-0.10175968,0.977142621,0.042779574,0.176010469,-0.111276778,-0.35836541652679443,0.10666945576667786,-0.0327601358294487,0.9956116676330566,0.018777143210172653,0.044802915304899216,-0.07998423278331757
redkitchen,test,seq-14,redkitchen/seq-14/frame-000079.color.png,-0.54246104,0.20095791,-0.10667244,0.977379538,0.041948459,0.172777092,-0.114532278,-0.37850022315979004,0.12985245883464813,-0.03928237408399582,0.9960086941719055,0.020284434780478477,0.038449812680482864,-0.07795468717813492
redkitchen,test,seq-14,redkitchen/seq-14/frame-000080.color.png,-0.54349601,0.19991027,-0.11162555,0.97758216,0.043506825,0.16827333,-0.118845965,-0.4162353277206421,0.13773570954799652,-0.057518370449543,0.9954732656478882,0.02100205421447754,0.029850028455257416,-0.0877549946308136
redkitchen,test,seq-14,redkitchen/seq-14/frame-000081.color.png,-0.54857433,0.20263873,-0.11612226,0.97818104,0.046158345,0.16398521,-0.1189122,-0.34691300988197327,0.05539514124393463,-0.020457856357097626,0.9950117468833923,0.013763020746409893,0.034084249287843704,-0.09273836016654968
redkitchen,test,seq-14,redkitchen/seq-14/frame-000082.color.png,-0.55004138,0.20751351,-0.12065154,0.979378681,0.04790697,0.157063095,-0.11770092,-0.3470939099788666,0.08142155408859253,-0.0002065226435661316,0.9948815703392029,0.017114883288741112,0.03927675634622574,-0.09151579439640045
redkitchen,test,seq-14,redkitchen/seq-14/frame-000083.color.png,-0.55380082,0.20568408,-0.12493914,0.980361371,0.047001931,0.150422103,-0.118556279,-0.40324845910072327,0.10179784893989563,-0.042246200144290924,0.994636595249176,0.015299451537430286,0.040293969213962555,-0.09402353316545486
redkitchen,test,seq-14,redkitchen/seq-14/frame-000084.color.png,-0.56265795,0.19921045,-0.12821592,0.980937254,0.045701847,0.145353801,-0.120605625,-0.39257439970970154,0.09994800388813019,-0.06444964557886124,0.9945127367973328,0.015845756977796555,0.03048175945878029,-0.0988134816288948
redkitchen,test,seq-14,redkitchen/seq-14/frame-000085.color.png,-0.57073307,0.20037234,-0.12964579,0.98169386,0.045714051,0.139789111,-0.121022291,-0.4024359881877899,0.08462272584438324,-0.07832323759794235,0.9942485690116882,0.010974017903208733,0.03741377219557762,-0.09974654763936996
redkitchen,test,seq-14,redkitchen/seq-14/frame-000086.color.png,-0.58228713,0.20259246,-0.13089323,0.982468189,0.045684276,0.132959334,-0.122437823,-0.44731605052948,0.034551218152046204,-0.07590479403734207,0.9945381879806519,0.005088010337203741,0.04086854308843613,-0.095904640853405
redkitchen,test,seq-14,redkitchen/seq-14/frame-000087.color.png,-0.59273553,0.2007249,-0.13235165,0.983166115,0.048239289,0.125591545,-0.123628984,-0.48498088121414185,0.052988201379776,-0.052106596529483795,0.9937795400619507,0.0009685928816907108,0.058129459619522095,-0.09498544782400131
redkitchen,test,seq-14,redkitchen/seq-14/frame-000088.color.png,-0.59571636,0.19321656,-0.1339021,0.984286315,0.049638256,0.117644371,-0.121968422,-0.4238472580909729,0.07919459044933319,-0.015396550297737122,0.9943238496780396,0.015939919278025627,0.050580114126205444,-0.09223762154579163
redkitchen,test,seq-14,redkitchen/seq-14/frame-000089.color.png,-0.60250938,0.18898384,-0.13370785,0.985533161,0.048642703,0.109929008,-0.11947338,-0.4344656467437744,0.0872407853603363,-0.013320565223693848,0.9952663779258728,0.019617173820734024,0.045930590480566025,-0.08336911350488663
redkitchen,test,seq-14,redkitchen/seq-14/frame-000090.color.png,-0.60917497,0.18787529,-0.13277039,0.986699788,0.048276576,0.101796749,-0.11717646,-0.45088934898376465,0.10773652791976929,-0.0679914727807045,0.9949480295181274,0.021493472158908844,0.048241470009088516,-0.08537597954273224
redkitchen,test,seq-14,redkitchen/seq-14/frame-000091.color.png,-0.61753309,0.186759,-0.13115489,0.98761446,0.049845275,0.095918145,-0.113722632,-0.5128999352455139,0.11481446027755737,-0.11789340525865555,0.9957133531570435,0.02385445311665535,0.04604465886950493,-0.0765882283449173
redkitchen,test,seq-14,redkitchen/seq-14/frame-000092.color.png,-0.62009966,0.18454364,-0.1301374,0.988405276,0.052275079,0.09018384,-0.110404718,-0.537180483341217,0.15018844604492188,-0.13999128341674805,0.9958434700965881,0.02957085520029068,0.04052380844950676,-0.07602041214704514
redkitchen,test,seq-14,redkitchen/seq-14/frame-000093.color.png,-0.62983054,0.18386194,-0.12846975,0.989084822,0.054327747,0.086444401,-0.10624065,-0.5449290871620178,0.1389813870191574,-0.20412719249725342,0.9959378242492676,0.02752646431326866,0.03846767172217369,-0.07661845535039902
redkitchen,test,seq-14,redkitchen/seq-14/frame-000094.color.png,-0.6347025,0.18189622,-0.12634706,0.990003828,0.054848384,0.081965766,-0.100825037,-0.5376094579696655,0.10994093120098114,-0.23180371522903442,0.9950753450393677,0.02996223233640194,0.03939919173717499,-0.08587809652090073
redkitchen,test,seq-14,redkitchen/seq-14/frame-000095.color.png,-0.64033675,0.1799542,-0.12325624,0.991061847,0.053851526,0.078702418,-0.093286427,-0.5851283669471741,0.13252796232700348,-0.19473356008529663,0.9950918555259705,0.027124594897031784,0.04979872331023216,-0.08109608292579651
redkitchen,test,seq-14,redkitchen/seq-14/frame-000096.color.png,-0.64652455,0.17715983,-0.12057361,0.992047449,0.052387599,0.075600831,-0.085918062,-0.6248067617416382,0.15539488196372986,-0.21908655762672424,0.9949581623077393,0.03240838274359703,0.05471927672624588,-0.07754851877689362
redkitchen,test,seq-14,redkitchen/seq-14/frame-000097.color.png,-0.65337294,0.17733736,-0.11696997,0.992780551,0.052015132,0.073419646,-0.079314303,-0.6530288457870483,0.14335621893405914,-0.22156375646591187,0.9953888654708862,0.03242819383740425,0.04933955892920494,-0.0755976140499115
redkitchen,test,seq-14,redkitchen/seq-14/frame-000098.color.png,-0.66149014,0.17714788,-0.11207177,0.993531329,0.050587535,0.072045123,-0.071734933,-0.6797689199447632,0.14547009766101837,-0.2389521300792694,0.9959136247634888,0.03336251899600029,0.04898905009031296,-0.0681394562125206
redkitchen,test,seq-14,redkitchen/seq-14/frame-000099.color.png,-0.66497064,0.17220272,-0.10870661,0.994580262,0.047472871,0.067577751,-0.063163892,-0.6844162940979004,0.1453375518321991,-0.24329113960266113,0.9966556429862976,0.028699783608317375,0.03876650333404541,-0.06596256792545319
redkitchen,test,seq-14,redkitchen/seq-14/frame-000100.color.png,-0.67092603,0.17105134,-0.10407902,0.995392513,0.04642413,0.063755799,-0.054532043,-0.7396695613861084,0.1412680298089981,-0.26188284158706665,0.9969936013221741,0.026365231722593307,0.04443294182419777,-0.05774369090795517
redkitchen,test,seq-14,redkitchen/seq-14/frame-000101.color.png,-0.67812514,0.16404371,-0.10082819,0.99601717,0.045181637,0.061090871,-0.046651063,-0.8348193764686584,0.13363057374954224,-0.28153425455093384,0.9970136880874634,0.02671135775744915,0.051516592502593994,-0.05095351114869118
redkitchen,test,seq-14,redkitchen/seq-14/frame-000102.color.png,-0.68521839,0.16134731,-0.097929694,0.996310057,0.048389123,0.058426104,-0.040139187,-0.8177448511123657,0.09733985364437103,-0.30287882685661316,0.9977807998657227,0.022143105044960976,0.04440189152956009,-0.04440424591302872
redkitchen,test,seq-14,redkitchen/seq-14/frame-000103.color.png,-0.69020224,0.15880212,-0.096322276,0.996487772,0.053283165,0.055761387,-0.032614308,-0.8252466320991516,0.08383014798164368,-0.3103536367416382,0.9978623986244202,0.023895880207419395,0.048971936106681824,-0.03607520833611488
redkitchen,test,seq-14,redkitchen/seq-14/frame-000104.color.png,-0.69763893,0.15791976,-0.093976334,0.996680074,0.05575776,0.054541839,-0.023347172,-0.8058238625526428,0.09022743999958038,-0.2612653374671936,0.9981136918067932,0.02513638138771057,0.04811186343431473,-0.028676357120275497
redkitchen,test,seq-14,redkitchen/seq-14/frame-000105.color.png,-0.70597738,0.15772271,-0.091382019,0.996927093,0.058075808,0.051338794,-0.011309283,-0.8216573596000671,0.058226048946380615,-0.2206876575946808,0.998414158821106,0.02203158102929592,0.046654585748910904,-0.022520361468195915
redkitchen,test,seq-14,redkitchen/seq-14/frame-000106.color.png,-0.71397239,0.15592547,-0.089637287,0.99712352,0.059264011,0.047242762,0.000764297,-0.8521390557289124,0.027496762573719025,-0.17717772722244263,0.99852055311203,0.01772387884557247,0.049238309264183044,-0.014770415611565113
redkitchen,test,seq-14,redkitchen/seq-14/frame-000107.color.png,-0.72435385,0.15486349,-0.086746082,0.99728436,0.059267751,0.042295715,0.011059426,-0.8327240943908691,0.053897589445114136,-0.1419348418712616,0.9983426928520203,0.020891087129712105,0.05361360311508179,-0.00100573874078691
redkitchen,test,seq-14,redkitchen/seq-14/frame-000108.color.png,-0.72588235,0.14803573,-0.085217647,0.997526317,0.057779238,0.035187965,0.01909484,-0.8512972593307495,0.053904250264167786,-0.1598004698753357,0.9978373646736145,0.020641012117266655,0.06235194206237793,0.0026179661508649588
redkitchen,test,seq-14,redkitchen/seq-14/frame-000109.color.png,-0.72574645,0.13580216,-0.085140847,0.997519739,0.057559081,0.03090597,0.026194338,-0.8282858729362488,0.026833951473236084,-0.23376807570457458,0.9977008104324341,0.015745751559734344,0.06550031900405884,0.007404386531561613
redkitchen,test,seq-14,redkitchen/seq-14/frame-000110.color.png,-0.73226917,0.13369352,-0.083741874,0.996953122,0.062920302,0.032638146,0.03256164,-0.8225396871566772,0.025067582726478577,-0.21956154704093933,0.9978680610656738,0.015942061319947243,0.06235196813941002,0.010829594917595387
redkitchen,test,seq-14,redkitchen/seq-14/frame-000111.color.png,-0.7391423,0.12563731,-0.082118966,0.996306829,0.067775016,0.035418705,0.039048236,-0.8394616842269897,0.027499213814735413,-0.19503411650657654,0.9975318312644958,0.017194949090480804,0.06526432931423187,0.01937030628323555
redkitchen,test,seq-14,redkitchen/seq-14/frame-000112.color.png,-0.74696589,0.12017656,-0.08080209,0.995572668,0.073527913,0.037078216,0.045320136,-0.9214783906936646,-0.01684277132153511,-0.14573335647583008,0.9969410300254822,0.019086429849267006,0.07121893763542175,0.025928890332579613
redkitchen,test,seq-14,redkitchen/seq-14/frame-000113.color.png,-0.75304174,0.1187712,-0.078845501,0.994777029,0.079676295,0.036461975,0.052353358,-0.8698893785476685,-0.0507979542016983,-0.0871557667851448,0.9970663189888,0.022819051519036293,0.06537323445081711,0.03262336552143097
redkitchen,test,seq-14,redkitchen/seq-14/frame-000114.color.png,-0.75466895,0.11547762,-0.076715074,0.993983368,0.084449609,0.034751759,0.060478453,-0.8350043296813965,-0.094745934009552,-0.06078021973371506,0.996112585067749,0.023343609645962715,0.07413320243358612,0.04146067425608635
redkitchen,test,seq-14,redkitchen/seq-14/frame-000115.color.png,-0.75900006,0.11271316,-0.07419911,0.993349656,0.08640989,0.033697421,0.068222248,-0.8114494681358337,-0.10735387355089188,-0.003584839403629303,0.9949219822883606,0.026734204962849617,0.08360815793275833,0.04924701526761055
redkitchen,test,seq-14,redkitchen/seq-14/frame-000116.color.png,-0.76103896,0.10756581,-0.071558423,0.992858358,0.085346676,0.03184701,0.077032416,-0.7877236604690552,-0.11267276108264923,0.01822296530008316,0.9957841038703918,0.025922000408172607,0.06974959373474121,0.05363694950938225
redkitchen,test,seq-14,redkitchen/seq-14/frame-000117.color.png,-0.76010376,0.1031797,-0.068362273,0.992017995,0.085873873,0.032160899,0.086554326,-0.7366207838058472,-0.15795113146305084,0.014193780720233917,0.9953576922416687,0.02561488002538681,0.068366639316082,0.06271278113126755
redkitchen,test,seq-14,redkitchen/seq-14/frame-000118.color.png,-0.75458449,0.10000788,-0.064753905,0.99084964,0.087170508,0.035690503,0.096666863,-0.7170372009277344,-0.1613926887512207,0.05889040604233742,0.9942992329597473,0.028704365715384483,0.07550974935293198,0.06959386169910431
redkitchen,test,seq-14,redkitchen/seq-14/frame-000119.color.png,-0.7535432,0.095501877,-0.06024671,0.989318549,0.087318477,0.040332881,0.109533332,-0.7015929818153381,-0.263019323348999,0.10682742297649384,0.9939218163490295,0.02044033072888851,0.07549753040075302,0.07747205346822739
redkitchen,test,seq-14,redkitchen/seq-14/frame-000120.color.png,-0.75538099,0.08994519,-0.057047319,0.987986636,0.086034827,0.041647593,0.121432668,-0.6729333996772766,-0.29101288318634033,0.15954694151878357,0.9932122230529785,0.02066335454583168,0.0764147937297821,0.08522544801235199
redkitchen,test,seq-14,redkitchen/seq-14/frame-000121.color.png,-0.75455165,0.085019492,-0.053431869,0.98623658,0.08542017,0.040224195,0.135730677,-0.6433237791061401,-0.2837798595428467,0.21073108911514282,0.9906678199768066,0.022824004292488098,0.08984432369470596,0.09992201626300812
redkitchen,test,seq-14,redkitchen/seq-14/frame-000122.color.png,-0.75355381,0.077982306,-0.051441312,0.984359352,0.085689869,0.037785503,0.149218525,-0.6332417726516724,-0.28929728269577026,0.22519591450691223,0.9894727468490601,0.022717805579304695,0.09867464751005173,0.1033974215388298
redkitchen,test,seq-14,redkitchen/seq-14/frame-000123.color.png,-0.75299919,0.070905365,-0.04862085,0.981900304,0.087983758,0.038008399,0.163358543,-0.633993923664093,-0.26516714692115784,0.23067626357078552,0.9890144467353821,0.02787906862795353,0.09613016247749329,0.10877642035484314
redkitchen,test,seq-14,redkitchen/seq-14/frame-000124.color.png,-0.74603397,0.06892617,-0.044163771,0.979948461,0.090175019,0.038711371,0.17340966,-0.5200658440589905,-0.2592480182647705,0.2829989790916443,0.9888865351676941,0.03150932118296623,0.0821307972073555,0.11985477805137634
redkitchen,test,seq-14,redkitchen/seq-14/frame-000125.color.png,-0.73996508,0.065223813,-0.040222246,0.978473103,0.089956915,0.039556563,0.18147567,-0.5343869924545288,-0.2650746703147888,0.2726611793041229,0.9869436025619507,0.029091956093907356,0.09814519435167313,0.12435214221477509
redkitchen,test,seq-14,redkitchen/seq-14/frame-000126.color.png,-0.73410678,0.057564422,-0.036316492,0.976816311,0.089611199,0.040293067,0.190200413,-0.5569302439689636,-0.25767749547958374,0.2388623058795929,0.9866422414779663,0.022953202947974205,0.10186722129583359,0.1250336617231369
redkitchen,test,seq-14,redkitchen/seq-14/frame-000127.color.png,-0.73287529,0.053683858,-0.033551291,0.975035412,0.090580704,0.041376541,0.198466779,-0.5440887212753296,-0.2569800019264221,0.1997811198234558,0.9871418476104736,0.02128794603049755,0.09961945563554764,0.12318233400583267
redkitchen,test,seq-14,redkitchen/seq-14/frame-000128.color.png,-0.72974586,0.048139211,-0.03003912,0.97317454,0.090953945,0.04091741,0.207326938,-0.534951388835907,-0.24965348839759827,0.20517966151237488,0.9866306781768799,0.020471764728426933,0.0960293635725975,0.13007396459579468
redkitchen,test,seq-14,redkitchen/seq-14/frame-000129.color.png,-0.72446167,0.04052024,-0.027742051,0.971691552,0.090254357,0.040271178,0.21458777,-0.5181090235710144,-0.2541024684906006,0.2131561040878296,0.9861807227134705,0.023959530517458916,0.10162684321403503,0.12862922251224518
redkitchen,test,seq-14,redkitchen/seq-14/frame-000130.color.png,-0.71928799,0.038490377,-0.024291463,0.9702186,0.090336475,0.040049657,0.221158798,-0.4786640703678131,-0.26093316078186035,0.23553481698036194,0.9855299592018127,0.02651611715555191,0.08658802509307861,0.14328333735466003
redkitchen,test,seq-14,redkitchen/seq-14/frame-000131.color.png,-0.71409428,0.032075945,-0.020896858,0.969244749,0.087566831,0.04061404,0.22637837,-0.5193254351615906,-0.261197030544281,0.2200506329536438,0.9847270846366882,0.022306108847260475,0.10028676688671112,0.1405615210533142
redkitchen,test,seq-14,redkitchen/seq-14/frame-000132.color.png,-0.70680863,0.028241141,-0.01627255,0.968038231,0.086660246,0.041133804,0.231732596,-0.5243607759475708,-0.27122458815574646,0.22566619515419006,0.9847376346588135,0.021888907998800278,0.09863784909248352,0.14171501994132996
redkitchen,test,seq-14,redkitchen/seq-14/frame-000133.color.png,-0.70422697,0.023234788,-0.012743047,0.966831885,0.085792457,0.041827569,0.23690972,-0.47659385204315186,-0.25080037117004395,0.22395780682563782,0.9855007529258728,0.022812558338046074,0.08551422506570816,0.14475923776626587
redkitchen,test,seq-14,redkitchen/seq-14/frame-000134.color.png,-0.6994704,0.021174746,-0.008553988,0.965820755,0.08448195,0.042191693,0.241397867,-0.4506814479827881,-0.2618635892868042,0.23249641060829163,0.9861594438552856,0.02292058803141117,0.08248714357614517,0.14198635518550873
redkitchen,test,seq-14,redkitchen/seq-14/frame-000135.color.png,-0.68981034,0.017510638,-0.004490114,0.96473373,0.082027135,0.042064789,0.246558175,-0.443609356880188,-0.27065491676330566,0.23840099573135376,0.985518753528595,0.022733531892299652,0.08344930410385132,0.14585010707378387
redkitchen,test,seq-14,redkitchen/seq-14/frame-000136.color.png,-0.68351263,0.01338642,8.34e-05,0.963734927,0.080664846,0.043215618,0.250680243,-0.4341502785682678,-0.2792770266532898,0.2386721968650818,0.9855675101280212,0.020114660263061523,0.08916138112545013,0.14248599112033844
redkitchen,test,seq-14,redkitchen/seq-14/frame-000137.color.png,-0.67361158,0.008280563,0.004620865,0.962946258,0.079107767,0.045028679,0.253867845,-0.4162371754646301,-0.273576021194458,0.28248798847198486,0.9854039549827576,0.020711293444037437,0.08632651716470718,0.1452508568763733
redkitchen,test,seq-14,redkitchen/seq-14/frame-000138.color.png,-0.67037749,0.004498497,0.008203381,0.962137407,0.077800396,0.046755491,0.257007067,-0.4495528042316437,-0.27281153202056885,0.2982478141784668,0.9842713475227356,0.021769249811768532,0.09270308166742325,0.14880245923995972
redkitchen,test,seq-14,redkitchen/seq-14/frame-000139.color.png,-0.65819961,-0.000992384,0.012975686,0.961721029,0.075622836,0.047460949,0.259077802,-0.4480900466442108,-0.2677583694458008,0.2694490849971771,0.98410564661026,0.01861649565398693,0.0989622250199318,0.14627394080162048
redkitchen,test,seq-14,redkitchen/seq-14/frame-000140.color.png,-0.64322394,-0.004734212,0.017210064,0.961007167,0.07408383,0.04835143,0.261990362,-0.4057529866695404,-0.2728077173233032,0.3149588406085968,0.9849352240562439,0.018159981817007065,0.07745051383972168,0.15353897213935852
redkitchen,test,seq-14,redkitchen/seq-14/frame-000141.color.png,-0.63462806,-0.00989579,0.020258535,0.960494681,0.072842477,0.052150072,0.263484934,-0.34670960903167725,-0.2999364137649536,0.3901340365409851,0.9838460683822632,0.013857658952474594,0.06906326860189438,0.1645757108926773
redkitchen,test,seq-14,redkitchen/seq-14/frame-000142.color.png,-0.61999351,-0.011724768,0.023369892,0.95962217,0.072790743,0.057623591,0.265530264,-0.3613128066062927,-0.31566765904426575,0.38571903109550476,0.9847608804702759,0.013070810586214066,0.0756830945611,0.15603601932525635
redkitchen,test,seq-14,redkitchen/seq-14/frame-000143.color.png,-0.60592723,-0.014317389,0.02598016,0.958867945,0.071997598,0.064033715,0.266998676,-0.3954220116138458,-0.2929648756980896,0.37106192111968994,0.983928382396698,0.022762268781661987,0.09294108301401138,0.15076084434986115
redkitchen,test,seq-14,redkitchen/seq-14/frame-000144.color.png,-0.59308082,-0.019027131,0.030373774,0.958408868,0.070942447,0.069485504,0.267565648,-0.4047818183898926,-0.3063611090183258,0.34817034006118774,0.9838562607765198,0.017826994881033897,0.10018278658390045,0.14721576869487762
redkitchen,test,seq-14,redkitchen/seq-14/frame-000145.color.png,-0.57857269,-0.022630734,0.031749878,0.958236273,0.069628976,0.073105707,0.26756421,-0.37031397223472595,-0.28747743368148804,0.36603230237960815,0.9826429486274719,0.017960945144295692,0.10210557281970978,0.1538330465555191
redkitchen,test,seq-14,redkitchen/seq-14/frame-000146.color.png,-0.56054038,-0.026204536,0.034673225,0.957831969,0.068988924,0.078125844,0.267758848,-0.3782433867454529,-0.27437591552734375,0.36974748969078064,0.9819954037666321,0.024502165615558624,0.11576851457357407,0.1472492814064026
redkitchen,test,seq-14,redkitchen/seq-14/frame-000147.color.png,-0.54045349,-0.02950228,0.036499351,0.957212794,0.06829325,0.084208249,0.268307045,-0.3737013339996338,-0.28390419483184814,0.3960399627685547,0.9789890646934509,0.03170006349682808,0.1343383640050888,0.15009580552577972
redkitchen,test,seq-14,redkitchen/seq-14/frame-000148.color.png,-0.51066303,-0.031608254,0.039752558,0.95655081,0.068381144,0.090448137,0.26861441,-0.3168327510356903,-0.29606637358665466,0.42551350593566895,0.9790872931480408,0.021779630333185196,0.12514673173427582,0.15890850126743317
redkitchen,test,seq-14,redkitchen/seq-14/frame-000149.color.png,-0.49002722,-0.033690695,0.042874116,0.955718936,0.068510148,0.097074115,0.269229068,-0.33345815539360046,-0.3295016288757324,0.40070223808288574,0.9796035289764404,0.008468803949654102,0.11738263815641403,0.1628691852092743
redkitchen,test,seq-14,redkitchen/seq-14/frame-000150.color.png,-0.4769468,-0.038593054,0.0478925,0.954769009,0.067197396,0.103468856,0.270545459,-0.3936105966567993,-0.33931809663772583,0.4469309449195862,0.9786481857299805,0.013694725930690765,0.12364869564771652,0.1636195331811905
redkitchen,test,seq-14,redkitchen/seq-14/frame-000151.color.png,-0.44572091,-0.048341356,0.049449101,0.952935107,0.063180197,0.114255128,0.273621471,-0.34914615750312805,-0.32615190744400024,0.4741213917732239,0.9779086112976074,0.005189957097172737,0.1302112340927124,0.16344080865383148
redkitchen,test,seq-14,redkitchen/seq-14/frame-000152.color.png,-0.42790112,-0.053111911,0.051772315,0.952437045,0.060757037,0.118923654,0.27391499,-0.4529115855693817,-0.3489459156990051,0.4500049650669098,0.9728776812553406,0.007507969159632921,0.1566879153251648,0.17000460624694824
redkitchen,test,seq-14,redkitchen/seq-14/frame-000153.color.png,-0.41252503,-0.055637918,0.053834975,0.951221042,0.059616266,0.124621185,0.275851393,-0.41169729828834534,-0.3532838225364685,0.4878523349761963,0.9725370407104492,-0.004158851224929094,0.1601349413394928,0.16885285079479218
redkitchen,test,seq-14,redkitchen/seq-14/frame-000154.color.png,-0.39786172,-0.064362049,0.055998493,0.949304794,0.058436567,0.131287598,0.279587452,-0.4368405342102051,-0.36753320693969727,0.5128716230392456,0.9696044325828552,-0.00800609402358532,0.17835268378257751,0.1673128455877304
redkitchen,test,seq-14,redkitchen/seq-14/frame-000155.color.png,-0.38490966,-0.064455479,0.057489891,0.947743832,0.060583295,0.135746486,0.282283872,-0.43886926770210266,-0.37311989068984985,0.4690561592578888,0.9685311317443848,-0.009147954173386097,0.182097390294075,0.16942323744297028
redkitchen,test,seq-14,redkitchen/seq-14/frame-000156.color.png,-0.36936349,-0.066611849,0.058140434,0.94637135,0.061746688,0.139880355,0.28460868,-0.4209366738796234,-0.38307738304138184,0.4922514855861664,0.9679610133171082,-0.0024829492904245853,0.17659801244735718,0.17848928272724152
redkitchen,test,seq-14,redkitchen/seq-14/frame-000157.color.png,-0.35222939,-0.069562167,0.059262298,0.945166496,0.062593717,0.144488155,0.286121467,-0.36398404836654663,-0.3439188599586487,0.43955445289611816,0.969368040561676,-0.0057470593601465225,0.1703481823205948,0.1768445074558258
redkitchen,test,seq-14,redkitchen/seq-14/frame-000158.color.png,-0.33738506,-0.070784323,0.059448622,0.944144713,0.063605998,0.14932642,0.28678678,-0.31076332926750183,-0.355557382106781,0.429941326379776,0.9683551788330078,-0.003903450910001993,0.17160409688949585,0.18117691576480865
redkitchen,test,seq-14,redkitchen/seq-14/frame-000159.color.png,-0.32488585,-0.071846157,0.061551165,0.943409525,0.064649193,0.153628037,0.286700847,-0.3251330256462097,-0.3709876537322998,0.44371744990348816,0.9670534729957581,-0.010883457027375698,0.18452559411525726,0.17504075169563293
redkitchen,test,seq-14,redkitchen/seq-14/frame-000160.color.png,-0.31242108,-0.071863778,0.063916802,0.943209138,0.06515512,0.157976337,0.284876831,-0.38008955121040344,-0.35736703872680664,0.429441899061203,0.9655582308769226,-0.004428151994943619,0.1967117190361023,0.17024151980876923
redkitchen,test,seq-14,redkitchen/seq-14/frame-000161.color.png,-0.28992501,-0.072794378,0.06789238,0.944581848,0.060957219,0.169123545,0.274675401,-0.355366975069046,-0.3462759852409363,0.4070056080818176,0.9697209000587463,-0.009453529492020607,0.18807795643806458,0.15549466013908386
redkitchen,test,seq-14,redkitchen/seq-14/frame-000162.color.png,-0.27670807,-0.073594771,0.069536015,0.945132576,0.057853366,0.175393046,0.269471113,-0.36500316858291626,-0.310824990272522,0.3918642997741699,0.9681167006492615,-0.010901120491325855,0.1971215456724167,0.15418949723243713
redkitchen,test,seq-14,redkitchen/seq-14/frame-000163.color.png,-0.26362309,-0.073400006,0.073178254,0.946006014,0.054457324,0.181278194,0.263144899,-0.376499742269516,-0.29962074756622314,0.35717567801475525,0.969865083694458,9.25045897020027e-05,0.18884365260601044,0.153947114944458
redkitchen,test,seq-14,redkitchen/seq-14/frame-000164.color.png,-0.2504077,-0.072749615,0.075045496,0.947162355,0.050163149,0.187405388,0.255433654,-0.3084281086921692,-0.3009151816368103,0.334869384765625,0.9712564945220947,-0.006941775791347027,0.18444521725177765,0.1503085047006607
redkitchen,test,seq-14,redkitchen/seq-14/frame-000165.color.png,-0.23924541,-0.078084029,0.080192536,0.948311877,0.045271574,0.194791908,0.246396392,-0.2943476140499115,-0.2757836580276489,0.3329128623008728,0.97238689661026,-0.00598763907328248,0.18943193554878235,0.13617375493049622
redkitchen,test,seq-14,redkitchen/seq-14/frame-000166.color.png,-0.22449473,-0.082405865,0.082626447,0.949614205,0.041921996,0.201209775,0.236622133,-0.2844600975513458,-0.2913718521595001,0.33484670519828796,0.9734014868736267,-0.00957550760358572,0.18852318823337555,0.12983381748199463
redkitchen,test,seq-14,redkitchen/seq-14/frame-000167.color.png,-0.21363062,-0.083107077,0.088180572,0.949993339,0.040019238,0.208581324,0.228921268,-0.2527525722980499,-0.2869848608970642,0.30539828538894653,0.974274754524231,-0.007639186456799507,0.18794859945774078,0.1241198182106018
redkitchen,test,seq-14,redkitchen/seq-14/frame-000168.color.png,-0.18911208,-0.089631177,0.096872479,0.9511677,0.036745661,0.221698543,0.211611716,-0.2749214172363281,-0.2728458642959595,0.264129102230072,0.9742705225944519,-0.013462812639772892,0.19156886637210846,0.11797036230564117
redkitchen,test,seq-14,redkitchen/seq-14/frame-000169.color.png,-0.17461094,-0.093871176,0.096203946,0.952272348,0.03532263,0.226610879,0.201437825,-0.2890395224094391,-0.288038969039917,0.2614908516407013,0.9707183837890625,-0.01555673312395811,0.20815806090831757,0.1188870295882225
redkitchen,test,seq-14,redkitchen/seq-14/frame-000170.color.png,-0.16513804,-0.094118036,0.10250586,0.952715387,0.034833407,0.231056682,0.194249415,-0.2363085299730301,-0.2878164052963257,0.24486106634140015,0.968987226486206,-0.017133895307779312,0.21552705764770508,0.11965841054916382
redkitchen,test,seq-14,redkitchen/seq-14/frame-000171.color.png,-0.14046939,-0.11978985,0.076258712,0.955252103,0.021495954,0.23272112,0.18130699,-0.22065600752830505,-0.27399909496307373,0.20836380124092102,0.9683133959770203,-0.01691279001533985,0.21999619901180267,0.11698246747255325
redkitchen,test,seq-14,redkitchen/seq-14/frame-000172.color.png,-0.12611781,-0.12178104,0.080919683,0.957418074,0.022259564,0.232709759,0.169414616,-0.2453145831823349,-0.2747345566749573,0.22601839900016785,0.9686244130134583,-0.015900898724794388,0.2183702439069748,0.11759393662214279
redkitchen,test,seq-14,redkitchen/seq-14/frame-000173.color.png,-0.11350907,-0.11753313,0.087705307,0.959696662,0.023082653,0.230855553,0.158603979,-0.18206532299518585,-0.27172935009002686,0.1839618682861328,0.9688698649406433,-0.015859926119446754,0.2199484258890152,0.11252713203430176
redkitchen,test,seq-14,redkitchen/seq-14/frame-000174.color.png,-0.095836386,-0.12203444,0.091455765,0.961907349,0.020549374,0.228088073,0.149291009,-0.1391191929578781,-0.2591216564178467,0.13958683609962463,0.9710946679115295,-0.014281668700277805,0.2121032327413559,0.10855167359113693
redkitchen,test,seq-14,redkitchen/seq-14/frame-000175.color.png,-0.070321001,-0.13111344,0.10242544,0.965730681,0.021015514,0.222712071,0.13161282,-0.13279558718204498,-0.2530968487262726,0.13224917650222778,0.9705912470817566,-0.00957150012254715,0.2147577404975891,0.10835234820842743
redkitchen,test,seq-14,redkitchen/seq-14/frame-000176.color.png,-0.05983869,-0.13550091,0.1103422,0.967072179,0.021297893,0.221236242,0.123985181,-0.12093185633420944,-0.26750752329826355,0.1200166642665863,0.9710861444473267,-0.006645461078733206,0.2146824598312378,0.1042061597108841
redkitchen,test,seq-14,redkitchen/seq-14/frame-000177.color.png,-0.04898357,-0.14215316,0.11573287,0.968334596,0.021063466,0.220485085,0.115198817,-0.11920898407697678,-0.2654547691345215,0.09350281208753586,0.9727630615234375,-0.009296265430748463,0.20984713733196259,0.09802892059087753
redkitchen,test,seq-14,redkitchen/seq-14/frame-000178.color.png,-0.031627748,-0.14650652,0.11878491,0.969673021,0.022588531,0.220340894,0.103314475,-0.14145788550376892,-0.27002453804016113,0.07807904481887817,0.9754735231399536,-0.0025299701374024153,0.20262528955936432,0.0859532505273819
redkitchen,test,seq-14,redkitchen/seq-14/frame-000179.color.png,-0.018561698,-0.15115814,0.12223867,0.970529834,0.025145916,0.221298557,0.092013438,-0.17133942246437073,-0.2552003562450409,0.06900763511657715,0.9783666729927063,0.004024640657007694,0.1917695552110672,0.07750432938337326
redkitchen,test,seq-14,redkitchen/seq-14/frame-000180.color.png,-0.012458223,-0.1546734,0.13018812,0.971092623,0.028697526,0.221536956,0.084124584,-0.11600426584482193,-0.21873004734516144,0.07649612426757812,0.9807015657424927,0.014519479125738144,0.18074187636375427,0.07311630994081497
redkitchen,test,seq-14,redkitchen/seq-14/frame-000181.color.png,-0.005261317,-0.15331504,0.13820925,0.972417625,0.032235062,0.217780671,0.077048318,-0.033682093024253845,-0.24119152128696442,0.09206877648830414,0.9846831560134888,0.004380831960588694,0.16296936571598053,0.0618131160736084
redkitchen,test,seq-14,redkitchen/seq-14/frame-000182.color.png,0.008797878,-0.15897378,0.14519565,0.974549726,0.032720122,0.211001196,0.068269464,-0.020438186824321747,-0.2485387623310089,0.11296611279249191,0.9845202565193176,-0.004030356649309397,0.16408340632915497,0.061483025550842285
redkitchen,test,seq-14,redkitchen/seq-14/frame-000183.color.png,0.02546083,-0.16735157,0.15262988,0.975983968,0.033676031,0.207052566,0.058740567,-0.08017335087060928,-0.2475227415561676,0.1085788905620575,0.9835643768310547,-0.0001387156662531197,0.17190824449062347,0.05521433800458908
redkitchen,test,seq-14,redkitchen/seq-14/frame-000184.color.png,0.043763559,-0.17147391,0.15616444,0.976340925,0.035369369,0.208260552,0.046205512,-0.05470821261405945,-0.23702147603034973,0.14323070645332336,0.9875406622886658,0.008814218454062939,0.15261083841323853,0.037358809262514114
redkitchen,test,seq-14,redkitchen/seq-14/frame-000185.color.png,0.058375333,-0.17173758,0.16233025,0.975721772,0.037970121,0.213213232,0.032640654,-0.036515917629003525,-0.25000447034835815,0.1281632035970688,0.9892497658729553,0.006707567721605301,0.1435849666595459,0.02689218334853649
redkitchen,test,seq-14,redkitchen/seq-14/frame-000186.color.png,0.070784584,-0.17213669,0.16722272,0.974907713,0.039211067,0.218146062,0.020730157,0.04761149734258652,-0.24100026488304138,0.07044589519500732,0.9885262250900269,0.007008810993283987,0.14974099397659302,0.018557323142886162
redkitchen,test,seq-14,redkitchen/seq-14/frame-000187.color.png,0.079180382,-0.17475428,0.17298257,0.97426195,0.040217841,0.221573237,0.010073642,0.09821953624486923,-0.20875130593776703,0.13954681158065796,0.9912629723548889,0.018280962482094765,0.13046704232692719,0.006473594345152378
redkitchen,test,seq-14,redkitchen/seq-14/frame-000188.color.png,0.088630311,-0.17462276,0.17960699,0.974419697,0.041960401,0.220758307,0.003368781,0.14277224242687225,-0.22730304300785065,0.18445733189582825,0.9919410347938538,0.018963342532515526,0.12524846196174622,-0.002482467330992222
redkitchen,test,seq-14,redkitchen/seq-14/frame-000189.color.png,0.11278018,-0.18076156,0.19131258,0.974967962,0.041053093,0.218356218,-0.008525196,0.13183991611003876,-0.21606366336345673,0.20749330520629883,0.991676926612854,0.02084944397211075,0.12687745690345764,-0.006657359190285206
redkitchen,test,seq-14,redkitchen/seq-14/frame-000190.color.png,0.12226347,-0.18678148,0.19786194,0.974934944,0.039446537,0.218633953,-0.012042451,0.1643112301826477,-0.21795277297496796,0.20959046483039856,0.9917735457420349,0.01693865656852722,0.12664547562599182,-0.007702246308326721
redkitchen,test,seq-14,redkitchen/seq-14/frame-000191.color.png,0.13323936,-0.18782961,0.20182197,0.974781589,0.040210025,0.21895753,-0.015543724,0.16086985170841217,-0.20975978672504425,0.19588568806648254,0.9916344285011292,0.01650804467499256,0.1277807503938675,-0.007791958749294281
redkitchen,test,seq-14,redkitchen/seq-14/frame-000192.color.png,0.13907114,-0.19254965,0.20970549,0.974529105,0.04072107,0.219887347,-0.01686338,0.12555401027202606,-0.21390490233898163,0.2105974555015564,0.992661714553833,0.014238303527235985,0.11904962360858917,-0.015719415619969368
redkitchen,test,seq-14,redkitchen/seq-14/frame-000193.color.png,0.14912595,-0.19085079,0.21411167,0.974419706,0.042094724,0.219545524,-0.023109186,0.1462317258119583,-0.2232978194952011,0.24127933382987976,0.9936422109603882,0.014192507602274418,0.10959810763597488,-0.02149195596575737
redkitchen,test,seq-14,redkitchen/seq-14/frame-000194.color.png,0.16068622,-0.19299221,0.21998346,0.974183414,0.041196543,0.219884355,-0.030337959,0.13227617740631104,-0.2219218909740448,0.23765337467193604,0.9936712384223938,0.014485666528344154,0.10605029761791229,-0.034073200076818466
redkitchen,test,seq-14,redkitchen/seq-14/frame-000195.color.png,0.17072567,-0.19191584,0.22310534,0.973717945,0.039993377,0.221246008,-0.036388148,0.1760624647140503,-0.2320391982793808,0.21082687377929688,0.9935500621795654,0.014044654555618763,0.10450548678636551,-0.041708167642354965
redkitchen,test,seq-14,redkitchen/seq-14/frame-000196.color.png,0.17986222,-0.19397241,0.22877549,0.973249711,0.037187189,0.222630921,-0.042867072,0.2048402726650238,-0.23654548823833466,0.22444859147071838,0.9941141605377197,0.011465843766927719,0.09862299263477325,-0.043347954750061035
redkitchen,test,seq-14,redkitchen/seq-14/frame-000197.color.png,0.19046305,-0.19216505,0.23124489,0.972608356,0.035109506,0.224536895,-0.048821009,0.2202191948890686,-0.22609974443912506,0.2553694248199463,0.9947783946990967,0.017384642735123634,0.08732966333627701,-0.04987280070781708
redkitchen,test,seq-14,redkitchen/seq-14/frame-000198.color.png,0.19973348,-0.19411063,0.2357865,0.971955273,0.032875032,0.226907956,-0.052296827,0.23508037626743317,-0.22512266039848328,0.24513694643974304,0.9946964979171753,0.016079284250736237,0.0927836149930954,-0.04137241467833519
redkitchen,test,seq-14,redkitchen/seq-14/frame-000199.color.png,0.21075869,-0.19478813,0.23890701,0.971794727,0.031760407,0.227216305,-0.054580544,0.24239887297153473,-0.22424766421318054,0.2468641996383667,0.9954589009284973,0.011353847570717335,0.08288079500198364,-0.045424845069646835
redkitchen,test,seq-14,redkitchen/seq-14/frame-000200.color.png,0.21996529,-0.19559062,0.24421681,0.971634828,0.031233949,0.227700281,-0.055702628,0.22573746740818024,-0.21118156611919403,0.23121017217636108,0.9951261281967163,0.010373621247708797,0.08791676163673401,-0.043439023196697235
redkitchen,test,seq-14,redkitchen/seq-14/frame-000201.color.png,0.23178993,-0.19417904,0.2479914,0.971307488,0.030008992,0.228360911,-0.059266497,0.3359738886356354,-0.22431214153766632,0.2744014263153076,0.9954402446746826,0.007647268008440733,0.07680443674325943,-0.05604686215519905
redkitchen,test,seq-14,redkitchen/seq-14/frame-000202.color.png,0.25399894,-0.19529963,0.25349435,0.969940146,0.026027372,0.232604814,-0.066585953,0.4300837516784668,-0.22167427837848663,0.35205256938934326,0.995229184627533,0.0039728251285851,0.07853048294782639,-0.057758621871471405
redkitchen,test,seq-14,redkitchen/seq-14/frame-000203.color.png,0.26415515,-0.1933317,0.25645387,0.969117198,0.026424121,0.235115461,-0.069529434,0.4163146913051605,-0.2431073635816574,0.3819349408149719,0.9949237704277039,-0.00027944252360612154,0.08092600852251053,-0.05981343984603882
redkitchen,test,seq-14,redkitchen/seq-14/frame-000204.color.png,0.27671468,-0.19387563,0.25769064,0.968552158,0.025873018,0.237034524,-0.07107699,0.45940983295440674,-0.2554466426372528,0.40668514370918274,0.9946103096008301,-0.004516978282481432,0.0799582377076149,-0.06585318595170975
redkitchen,test,seq-14,redkitchen/seq-14/frame-000205.color.png,0.28924978,-0.1917059,0.2584466,0.968309236,0.026978678,0.237517114,-0.072353268,0.44287440180778503,-0.24834048748016357,0.38699647784233093,0.9950969815254211,-5.558933116844855e-05,0.07583989948034286,-0.06348630785942078
redkitchen,test,seq-14,redkitchen/seq-14/frame-000206.color.png,0.30106238,-0.18953584,0.26104808,0.968620789,0.02759894,0.235875628,-0.073312716,0.4543466866016388,-0.24889612197875977,0.3738187849521637,0.9951254725456238,0.0014110248303040862,0.07509124279022217,-0.06391003727912903
redkitchen,test,seq-14,redkitchen/seq-14/frame-000207.color.png,0.31612343,-0.189045,0.26208296,0.969056177,0.026231459,0.234161356,-0.073556068,0.5008953213691711,-0.24757219851016998,0.3998567461967468,0.9946871399879456,-0.002394235460087657,0.0825343132019043,-0.06148091331124306
redkitchen,test,seq-14,redkitchen/seq-14/frame-000208.color.png,0.32894599,-0.18842104,0.26192433,0.96893973,0.024879829,0.234202409,-0.075405734,0.5539282560348511,-0.25857922434806824,0.4126302897930145,0.9942282438278198,-0.0038412348367273808,0.08982514590024948,-0.05854031816124916
redkitchen,test,seq-14,redkitchen/seq-14/frame-000209.color.png,0.35519707,-0.18963699,0.26306623,0.968662533,0.025144472,0.234721612,-0.077242582,0.5838173031806946,-0.2584218978881836,0.4266536831855774,0.9941583871841431,-0.007778167258948088,0.08376935124397278,-0.06761294603347778
redkitchen,test,seq-14,redkitchen/seq-14/frame-000210.color.png,0.36882263,-0.19022131,0.26127934,0.968531262,0.026525649,0.23446489,-0.079182062,0.6164842844009399,-0.24513165652751923,0.43873366713523865,0.9932259321212769,-0.010530674830079079,0.08584590256214142,-0.07760041207075119
redkitchen,test,seq-14,redkitchen/seq-14/frame-000211.color.png,0.38222146,-0.18867832,0.26164499,0.96809741,0.028892744,0.234737191,-0.082771158,0.6114279627799988,-0.2683550715446472,0.4209113121032715,0.9934962391853333,-0.01040435116738081,0.07744313031435013,-0.08282164484262466
redkitchen,test,seq-14,redkitchen/seq-14/frame-000212.color.png,0.39616087,-0.18435042,0.26083407,0.9680029,0.031160326,0.234429787,-0.08391719,0.5956138372421265,-0.2864108085632324,0.4249073266983032,0.9933274388313293,-0.0160478875041008,0.07748143374919891,-0.08390317112207413
redkitchen,test,seq-14,redkitchen/seq-14/frame-000213.color.png,0.40860975,-0.18024682,0.26087201,0.968363347,0.032396635,0.232527146,-0.084581393,0.5775517821311951,-0.27839338779449463,0.41886278986930847,0.9941340684890747,-0.013659963384270668,0.06791751086711884,-0.0830543115735054
redkitchen,test,seq-14,redkitchen/seq-14/frame-000214.color.png,0.42122307,-0.17731941,0.26155004,0.969017349,0.033114823,0.229170663,-0.085962742,0.616790235042572,-0.2814815044403076,0.4221508502960205,0.9936805963516235,-0.011902280151844025,0.07059948146343231,-0.08644536137580872
redkitchen,test,seq-14,redkitchen/seq-14/frame-000215.color.png,0.44808671,-0.17540264,0.26161245,0.969932759,0.03473535,0.223642165,-0.089487876,0.66832035779953,-0.2712517976760864,0.44551119208335876,0.9939618706703186,-0.011297839693725109,0.060854438692331314,-0.09060297906398773
redkitchen,test,seq-14,redkitchen/seq-14/frame-000216.color.png,0.46260715,-0.17458795,0.26109159,0.970321346,0.037028802,0.22039092,-0.092375299,0.6699904799461365,-0.27181243896484375,0.46207746863365173,0.9947488307952881,-0.009761556051671505,0.058343786746263504,-0.08351943641901016
redkitchen,test,seq-14,redkitchen/seq-14/frame-000217.color.png,0.46680942,-0.17374189,0.26560536,0.970537898,0.041224218,0.218018766,-0.093939184,0.6097937226295471,-0.26918113231658936,0.4770539402961731,0.9956486821174622,-0.0008971633506007493,0.04609609767794609,-0.08098164200782776
redkitchen,test,seq-14,redkitchen/seq-14/frame-000218.color.png,0.47809139,-0.17141189,0.26577735,0.971597741,0.047062974,0.211935056,-0.094161767,0.554178774356842,-0.2991291284561157,0.5310913324356079,0.9958253502845764,0.003995245322585106,0.050916049629449844,-0.07565352320671082
redkitchen,test,seq-14,redkitchen/seq-14/frame-000219.color.png,0.50073689,-0.17073488,0.26694441,0.973470921,0.058586364,0.19981149,-0.094854483,0.5918093323707581,-0.2785983085632324,0.4653458595275879,0.9958287477493286,0.011165824718773365,0.049810297787189484,-0.07562676072120667
redkitchen,test,seq-14,redkitchen/seq-14/frame-000220.color.png,0.51052475,-0.16801684,0.26935601,0.973992048,0.063794046,0.195609346,-0.094904133,0.6641920208930969,-0.2628318667411804,0.46556299924850464,0.9958612322807312,0.01733669638633728,0.03803769871592522,-0.0807030126452446
redkitchen,test,seq-14,redkitchen/seq-14/frame-000221.color.png,0.52115166,-0.16799484,0.26964718,0.974518166,0.067868158,0.191515446,-0.095026795,0.6585706472396851,-0.250641405582428,0.46530309319496155,0.9958491325378418,0.023867251351475716,0.03955589607357979,-0.07842317223548889
redkitchen,test,seq-14,redkitchen/seq-14/frame-000222.color.png,0.53079104,-0.16475542,0.27198166,0.975102802,0.072843358,0.187214132,-0.093910803,0.7079706788063049,-0.26664721965789795,0.5065650939941406,0.995768129825592,0.02054399438202381,0.03811866044998169,-0.08105983585119247
redkitchen,test,seq-14,redkitchen/seq-14/frame-000223.color.png,0.55186152,-0.16532414,0.27159548,0.976426019,0.082788479,0.175278742,-0.094950829,0.6582618355751038,-0.27676790952682495,0.5411803126335144,0.9958223700523376,0.024984940886497498,0.05055812746286392,-0.07181482017040253
redkitchen,test,seq-14,redkitchen/seq-14/frame-000224.color.png,0.55596644,-0.16321836,0.27514184,0.976891915,0.089056448,0.17015892,-0.093792738,0.5635675191879272,-0.24542585015296936,0.5478615760803223,0.9960396885871887,0.031597234308719635,0.05482304096221924,-0.06245777755975723
redkitchen,test,seq-14,redkitchen/seq-14/frame-000225.color.png,0.56594169,-0.16093241,0.27681932,0.977792766,0.09387897,0.163143354,-0.092153634,0.5865089297294617,-0.2309805005788803,0.6082382202148438,0.996360719203949,0.03507329523563385,0.050292596220970154,-0.05921084061264992
redkitchen,test,seq-14,redkitchen/seq-14/frame-000226.color.png,0.57466233,-0.16513447,0.27784541,0.978277244,0.098438515,0.156426749,-0.093883788,0.5209664702415466,-0.24086546897888184,0.6218820810317993,0.9957844614982605,0.0404181033372879,0.05367111787199974,-0.06244343891739845
redkitchen,test,seq-14,redkitchen/seq-14/frame-000227.color.png,0.58452022,-0.16434468,0.27981728,0.978326275,0.10528821,0.150714873,-0.095273917,0.5257090330123901,-0.23855026066303253,0.5762626528739929,0.9961541891098022,0.04065374284982681,0.03842809051275253,-0.06743405759334564
redkitchen,test,seq-14,redkitchen/seq-14/frame-000228.color.png,0.60202318,-0.16248231,0.28425822,0.978674745,0.116644498,0.138018569,-0.097676404,0.506470263004303,-0.2572525441646576,0.6383900046348572,0.9953455328941345,0.04427056387066841,0.033496059477329254,-0.07877487689256668
redkitchen,test,seq-14,redkitchen/seq-14/frame-000229.color.png,0.61505491,-0.15889533,0.28754526,0.978582141,0.124228963,0.130584257,-0.099458082,0.4952888488769531,-0.25921785831451416,0.6382702589035034,0.9958053231239319,0.04621795937418938,0.021769680082798004,-0.07590614259243011
redkitchen,test,seq-14,redkitchen/seq-14/frame-000230.color.png,0.62455362,-0.15592363,0.29095101,0.978843467,0.12846518,0.124418405,-0.099409379,0.5304599404335022,-0.29189956188201904,0.7212604284286499,0.9952199459075928,0.04570035636425018,0.02098510041832924,-0.08371612429618835
redkitchen,test,seq-14,redkitchen/seq-14/frame-000231.color.png,0.63265961,-0.15493618,0.29377827,0.979193184,0.13157662,0.116603481,-0.101350533,0.5012241005897522,-0.26557350158691406,0.7398390769958496,0.9944190979003906,0.05308151990175247,0.021656379103660583,-0.08856618404388428
redkitchen,test,seq-14,redkitchen/seq-14/frame-000232.color.png,0.65148282,-0.15231045,0.30098602,0.980131181,0.138298238,0.097962868,-0.103052129,0.4559408724308014,-0.26983797550201416,0.7156943082809448,0.9938430190086365,0.06266333907842636,0.026199255138635635,-0.08753813058137894
redkitchen,test,seq-14,redkitchen/seq-14/frame-000233.color.png,0.66003621,-0.15137915,0.30756441,0.980421355,0.141587523,0.08924745,-0.103739249,0.43310874700546265,-0.2836279273033142,0.7854124903678894,0.9940776824951172,0.06244610622525215,0.028349164873361588,-0.08429926633834839
redkitchen,test,seq-14,redkitchen/seq-14/frame-000234.color.png,0.6669876,-0.14780004,0.31318918,0.980793518,0.144336494,0.08133279,-0.102937015,0.45720168948173523,-0.29209375381469727,0.7531919479370117,0.9942000508308411,0.05973147228360176,0.015423968434333801,-0.08809409290552139
redkitchen,test,seq-14,redkitchen/seq-14/frame-000235.color.png,0.6759811,-0.14784376,0.31714302,0.981128142,0.145311677,0.073940812,-0.103946339,0.3893864154815674,-0.29192662239074707,0.738097608089447,0.9935169816017151,0.055359724909067154,0.01420910656452179,-0.0982721671462059
redkitchen,test,seq-14,redkitchen/seq-14/frame-000236.color.png,0.68977994,-0.14933865,0.32599792,0.981597088,0.146065403,0.061364521,-0.106613558,0.32960760593414307,-0.2824631333351135,0.711571991443634,0.9940769672393799,0.05060483142733574,0.0025596749037504196,-0.09614399075508118
redkitchen,test,seq-14,redkitchen/seq-14/frame-000237.color.png,0.69282144,-0.14794149,0.33199444,0.981526186,0.14756056,0.055478796,-0.108417394,0.4139781892299652,-0.305300772190094,0.7213418483734131,0.9934982657432556,0.04791100695729256,-0.02391280047595501,-0.10046807676553726
redkitchen,test,seq-14,redkitchen/seq-14/frame-000238.color.png,0.69766933,-0.14728138,0.33685938,0.981405368,0.148883092,0.047146041,-0.111600085,0.414725124835968,-0.30809903144836426,0.711112916469574,0.9926928877830505,0.04469285160303116,-0.022948620840907097,-0.10971217602491379
redkitchen,test,seq-14,redkitchen/seq-14/frame-000239.color.png,0.70634079,-0.14812125,0.34105226,0.981352664,0.149987201,0.039204395,-0.113638919,0.45696502923965454,-0.27565011382102966,0.6907830238342285,0.9916073083877563,0.0499611459672451,-0.022474834695458412,-0.11710559576749802
redkitchen,test,seq-14,redkitchen/seq-14/frame-000240.color.png,0.71624339,-0.14981504,0.34375525,0.981353735,0.150467568,0.033173677,-0.114908073,0.4066018760204315,-0.2780493497848511,0.6747676134109497,0.991969645023346,0.05231320858001709,-0.016937777400016785,-0.11389745771884918
redkitchen,test,seq-14,redkitchen/seq-14/frame-000241.color.png,0.71739495,-0.14996435,0.34752023,0.981361976,0.151560539,0.029152179,-0.11449116,0.41114017367362976,-0.26417839527130127,0.6915835738182068,0.9920386075973511,0.053957704454660416,-0.023708337917923927,-0.1112917810678482
redkitchen,test,seq-14,redkitchen/seq-14/frame-000242.color.png,0.72008604,-0.14990079,0.3516399,0.981180359,0.153082004,0.023298421,-0.115361116,0.4389088749885559,-0.2742825150489807,0.7166510224342346,0.9918464422225952,0.057189226150512695,-0.029096152633428574,-0.11010624468326569
redkitchen,test,seq-14,redkitchen/seq-14/frame-000243.color.png,0.72019094,-0.15207765,0.35543424,0.980728525,0.154139448,0.017213196,-0.118812024,0.45255300402641296,-0.29462873935699463,0.653415322303772,0.9911767244338989,0.05698278918862343,-0.02851346880197525,-0.11622751504182816
redkitchen,test,seq-14,redkitchen/seq-14/frame-000244.color.png,0.7205357,-0.15351367,0.35825264,0.980381932,0.155321703,0.012271495,-0.120730472,0.43619054555892944,-0.2953023612499237,0.6130656003952026,0.9910448789596558,0.06101943179965019,-0.021390903741121292,-0.11682968586683273
redkitchen,test,seq-14,redkitchen/seq-14/frame-000245.color.png,0.71661156,-0.15464108,0.36087912,0.980266368,0.156035223,0.008273121,-0.121088451,0.45079025626182556,-0.32730531692504883,0.6568025946617126,0.9912647604942322,0.06293337792158127,-0.018350666388869286,-0.11444105207920074
redkitchen,test,seq-14,redkitchen/seq-14/frame-000246.color.png,0.71598327,-0.15627906,0.36417297,0.980112482,0.15639198,0.001785025,-0.122138793,0.4529966115951538,-0.32277071475982666,0.6488081812858582,0.9900393486022949,0.06589942425489426,-0.030651524662971497,-0.12058134377002716
redkitchen,test,seq-14,redkitchen/seq-14/frame-000247.color.png,0.69700819,-0.1594013,0.36666492,0.980012008,0.156905096,-0.006614119,-0.122120878,0.47002148628234863,-0.30734574794769287,0.6347970366477966,0.9884780645370483,0.0795050859451294,-0.04086776077747345,-0.1221470907330513
redkitchen,test,seq-14,redkitchen/seq-14/frame-000248.color.png,0.68265873,-0.15950762,0.36898398,0.979698999,0.158553729,-0.013671483,-0.121916681,0.5056458711624146,-0.3173954486846924,0.5792224407196045,0.9862893223762512,0.08267854899168015,-0.0531340129673481,-0.13256855309009552
redkitchen,test,seq-14,redkitchen/seq-14/frame-000249.color.png,0.67641795,-0.16231929,0.37150621,0.979163065,0.160191062,-0.021170268,-0.123005427,0.518963098526001,-0.28323450684547424,0.5768202543258667,0.9876102805137634,0.07699169963598251,-0.05059319734573364,-0.12703721225261688
redkitchen,test,seq-14,redkitchen/seq-14/frame-000250.color.png,0.67573422,-0.16195773,0.37436217,0.978578533,0.162324384,-0.029260441,-0.123201766,0.5292728543281555,-0.29300355911254883,0.5850738883018494,0.9866432547569275,0.09091179817914963,-0.060714639723300934,-0.12076368182897568
redkitchen,test,seq-14,redkitchen/seq-14/frame-000251.color.png,0.66404599,-0.16154495,0.37641099,0.977925904,0.163581006,-0.035345738,-0.125111385,0.5549112558364868,-0.3321799039840698,0.5753851532936096,0.9840074777603149,0.09055372327566147,-0.0806577131152153,-0.1304749697446823
redkitchen,test,seq-14,redkitchen/seq-14/frame-000252.color.png,0.6598084,-0.16161482,0.37839717,0.977424706,0.164416576,-0.040367907,-0.126406355,0.5846134424209595,-0.345159113407135,0.502754271030426,0.9838930368423462,0.08718706667423248,-0.08648152649402618,-0.12989863753318787
redkitchen,test,seq-14,redkitchen/seq-14/frame-000253.color.png,0.6613282,-0.16179706,0.38077056,0.976974001,0.164907,-0.045133773,-0.127633949,0.6148136854171753,-0.37545186281204224,0.4964887499809265,0.9837393760681152,0.08148127049207687,-0.08941780775785446,-0.13274820148944855
redkitchen,test,seq-14,redkitchen/seq-14/frame-000254.color.png,0.66398466,-0.16350812,0.3810623,0.976686632,0.164081376,-0.050978587,-0.128692305,0.5767188668251038,-0.3329384922981262,0.5214312672615051,0.9828877449035645,0.08796156197786331,-0.09296554327011108,-0.1324830800294876
redkitchen,test,seq-14,redkitchen/seq-14/frame-000255.color.png,0.66192925,-0.16574234,0.38351032,0.9759819,0.16478237,-0.057426655,-0.130415797,0.6022103428840637,-0.34386396408081055,0.5493636131286621,0.9808530807495117,0.08367592096328735,-0.10680548846721649,-0.13970747590065002
redkitchen,test,seq-14,redkitchen/seq-14/frame-000256.color.png,0.65916497,-0.16773158,0.38570464,0.974740624,0.167472304,-0.065802558,-0.1323018,0.5626009702682495,-0.3644062876701355,0.5590620636940002,0.9758228063583374,0.09190824627876282,-0.13098958134651184,-0.14887729287147522
redkitchen,test,seq-14,redkitchen/seq-14/frame-000257.color.png,0.65320522,-0.17156908,0.38678241,0.973087006,0.170256843,-0.075188486,-0.135871182,0.5254372358322144,-0.36032748222351074,0.5941068530082703,0.9755037426948547,0.09944996982812881,-0.12389273941516876,-0.15216001868247986
redkitchen,test,seq-14,redkitchen/seq-14/frame-000258.color.png,0.64684027,-0.1734941,0.38852292,0.971575639,0.172910307,-0.086432499,-0.136646358,0.5123834013938904,-0.381976842880249,0.6125849485397339,0.976198136806488,0.10811632126569748,-0.1202257052063942,-0.14454655349254608
redkitchen,test,seq-14,redkitchen/seq-14/frame-000259.color.png,0.64130604,-0.17041597,0.39114204,0.970431448,0.175575665,-0.093932233,-0.136428463,0.5212695002555847,-0.40131986141204834,0.6447492241859436,0.9705482125282288,0.12311896681785583,-0.14112228155136108,-0.15153339505195618
redkitchen,test,seq-14,redkitchen/seq-14/frame-000260.color.png,0.63073534,-0.16660646,0.39330044,0.969887307,0.176747051,-0.095548165,-0.137657689,0.5390089154243469,-0.41264110803604126,0.656119167804718,0.9683409929275513,0.12174724042415619,-0.15244856476783752,-0.1557331085205078
redkitchen,test,seq-14,redkitchen/seq-14/frame-000261.color.png,0.62689406,-0.16622661,0.39441103,0.969400503,0.176744855,-0.095579977,-0.141026198,0.5617383718490601,-0.41186046600341797,0.6544327139854431,0.9681923389434814,0.11925049126148224,-0.15233464539051056,-0.158672496676445
redkitchen,test,seq-14,redkitchen/seq-14/frame-000262.color.png,0.62236887,-0.16900985,0.39427063,0.968824018,0.17621074,-0.096727651,-0.144822508,0.5983651280403137,-0.4122588634490967,0.6699355244636536,0.9658838510513306,0.12151993066072464,-0.15720640122890472,-0.16609442234039307
redkitchen,test,seq-14,redkitchen/seq-14/frame-000263.color.png,0.6179772,-0.17129385,0.39505592,0.968210106,0.175782413,-0.100168802,-0.147091621,0.6370428204536438,-0.39649635553359985,0.6869353652000427,0.9670456647872925,0.12347138673067093,-0.15510998666286469,-0.15974514186382294
redkitchen,test,seq-14,redkitchen/seq-14/frame-000264.color.png,0.61821771,-0.1753114,0.3961848,0.967143263,0.175885585,-0.106127013,-0.149783934,0.6304163932800293,-0.4114255905151367,0.7102894186973572,0.9670532941818237,0.12338170409202576,-0.14923547208309174,-0.1652681976556778
redkitchen,test,seq-14,redkitchen/seq-14/frame-000265.color.png,0.61451948,-0.17682514,0.3984015,0.965834021,0.177759025,-0.112262958,-0.151536801,0.5595966577529907,-0.4221080541610718,0.6797167062759399,0.9643630385398865,0.12239069491624832,-0.15582576394081116,-0.17533612251281738
redkitchen,test,seq-14,redkitchen/seq-14/frame-000266.color.png,0.6106863,-0.1752501,0.40214762,0.96456406,0.18047185,-0.118462208,-0.151699672,0.5903914570808411,-0.4447295069694519,0.7495090961456299,0.9609357714653015,0.12722031772136688,-0.17034128308296204,-0.17720365524291992
redkitchen,test,seq-14,redkitchen/seq-14/frame-000267.color.png,0.59684688,-0.17449617,0.40577894,0.963546878,0.182899197,-0.126008546,-0.149154762,0.5659418106079102,-0.4458288550376892,0.7751181125640869,0.9622018933296204,0.12718336284160614,-0.16983284056186676,-0.17072956264019012
redkitchen,test,seq-14,redkitchen/seq-14/frame-000268.color.png,0.59198695,-0.1763375,0.40879765,0.962017307,0.185181508,-0.13350301,-0.149691204,0.5559675097465515,-0.43729454278945923,0.8208414912223816,0.963040828704834,0.13476251065731049,-0.16292445361614227,-0.16687442362308502
redkitchen,test,seq-14,redkitchen/seq-14/frame-000269.color.png,0.5866639,-0.17752552,0.41159835,0.960741943,0.187074912,-0.139253889,-0.150287228,0.5219043493270874,-0.42604541778564453,0.7866324186325073,0.9637745022773743,0.13776561617851257,-0.1594412922859192,-0.16351713240146637
redkitchen,test,seq-14,redkitchen/seq-14/frame-000270.color.png,0.58003688,-0.18006775,0.41372246,0.959535321,0.189148054,-0.143672857,-0.151238522,0.5277667045593262,-0.4063955545425415,0.8401570320129395,0.9620879292488098,0.1441468745470047,-0.16530270874500275,-0.16212216019630432
redkitchen,test,seq-14,redkitchen/seq-14/frame-000271.color.png,0.5687266,-0.17758591,0.41881242,0.958408438,0.191742716,-0.150104544,-0.148851011,0.5467023849487305,-0.38820117712020874,0.8310009241104126,0.962344229221344,0.14761655032634735,-0.1621696949005127,-0.16063585877418518
redkitchen,test,seq-14,redkitchen/seq-14/frame-000272.color.png,0.56467599,-0.17089769,0.42684895,0.957004794,0.194889672,-0.158439901,-0.145109051,0.5889450907707214,-0.40411585569381714,0.81805819272995,0.9602773189544678,0.14311707019805908,-0.17062535881996155,-0.16814258694648743
redkitchen,test,seq-14,redkitchen/seq-14/frame-000273.color.png,0.55920005,-0.17154717,0.43111625,0.955559542,0.197335113,-0.164105784,-0.1450314,0.5498546361923218,-0.4108300805091858,0.7963159680366516,0.9609289765357971,0.14687268435955048,-0.15653495490550995,-0.17475923895835876
redkitchen,test,seq-14,redkitchen/seq-14/frame-000274.color.png,0.55208081,-0.17127652,0.4358457,0.954475504,0.19936102,-0.16866746,-0.144163046,0.5298337340354919,-0.4253941774368286,0.7929790616035461,0.9599971175193787,0.14219681918621063,-0.1706397533416748,-0.1704925149679184
redkitchen,test,seq-14,redkitchen/seq-14/frame-000275.color.png,0.54626334,-0.16958633,0.44034275,0.95334483,0.201599768,-0.173849027,-0.142364615,0.512809157371521,-0.451816201210022,0.7840267419815063,0.958869218826294,0.1426333487033844,-0.17329971492290497,-0.17376072704792023
redkitchen,test,seq-14,redkitchen/seq-14/frame-000276.color.png,0.53915209,-0.17088033,0.44452217,0.952068963,0.203698088,-0.17848874,-0.142174362,0.4807854890823364,-0.43433427810668945,0.7987795472145081,0.957870364189148,0.14784492552280426,-0.18138332664966583,-0.16651222109794617
redkitchen,test,seq-14,redkitchen/seq-14/frame-000277.color.png,0.53040951,-0.17231673,0.44806108,0.951061004,0.204198653,-0.182579477,-0.143005632,0.5864063501358032,-0.45975106954574585,0.8402115106582642,0.9534013271331787,0.15026578307151794,-0.20312127470970154,-0.16488730907440186
redkitchen,test,seq-14,redkitchen/seq-14/frame-000278.color.png,0.52401769,-0.17279531,0.45208913,0.950137727,0.204764455,-0.185291335,-0.144834178,0.5469412803649902,-0.48247307538986206,0.8110344409942627,0.9534668922424316,0.15083160996437073,-0.19691438972949982,-0.1713922917842865
redkitchen,test,seq-14,redkitchen/seq-14/frame-000279.color.png,0.51538819,-0.17470989,0.45460528,0.94958917,0.204815754,-0.186946205,-0.146225961,0.5249871611595154,-0.4837515950202942,0.8061584830284119,0.9531248211860657,0.15321725606918335,-0.1965590864419937,-0.17158660292625427
redkitchen,test,seq-14,redkitchen/seq-14/frame-000280.color.png,0.50762087,-0.17109855,0.4600774,0.949164973,0.205226914,-0.191310195,-0.142717122,0.586287796497345,-0.4746577739715576,0.8710848689079285,0.9489727020263672,0.15516115725040436,-0.22049924731254578,-0.163572296500206
redkitchen,test,seq-14,redkitchen/seq-14/frame-000281.color.png,0.50281924,-0.17118041,0.46472934,0.94819228,0.205481849,-0.196648909,-0.141554994,0.5231288075447083,-0.47134947776794434,0.8359953761100769,0.9511345624923706,0.14712227880954742,-0.2194337695837021,-0.1598338484764099
redkitchen,test,seq-14,redkitchen/seq-14/frame-000282.color.png,0.49803007,-0.17121871,0.46903485,0.947042743,0.205578641,-0.202092548,-0.141442805,0.49090540409088135,-0.44755375385284424,0.8196508884429932,0.9543660283088684,0.14326360821723938,-0.21078243851661682,-0.1556650847196579
redkitchen,test,seq-14,redkitchen/seq-14/frame-000283.color.png,0.49031466,-0.17399253,0.47136885,0.945952169,0.205146454,-0.20680776,-0.142548153,0.558228611946106,-0.49294525384902954,0.8308942914009094,0.9466607570648193,0.14674441516399384,-0.23937846720218658,-0.15810582041740417
redkitchen,test,seq-14,redkitchen/seq-14/frame-000284.color.png,0.48597655,-0.17415954,0.47694674,0.944663637,0.205742811,-0.212320137,-0.142129055,0.5337070822715759,-0.4819931387901306,0.7849249243736267,0.9444459676742554,0.13886716961860657,-0.2610430419445038,-0.1435074359178543
redkitchen,test,seq-14,redkitchen/seq-14/frame-000285.color.png,0.4780741,-0.16959801,0.48297131,0.943332492,0.20636326,-0.219016004,-0.139892831,0.5582343935966492,-0.47152286767959595,0.8476794362068176,0.9404054284095764,0.14074116945266724,-0.27456924319267273,-0.14297281205654144
redkitchen,test,seq-14,redkitchen/seq-14/frame-000286.color.png,0.47266096,-0.16826002,0.48931873,0.941404266,0.206415499,-0.226882481,-0.140267566,0.5747621059417725,-0.4778481721878052,0.7857959866523743,0.9413986802101135,0.13358448445796967,-0.27503812313079834,-0.14240017533302307
redkitchen,test,seq-14,redkitchen/seq-14/frame-000287.color.png,0.45646727,-0.1638319,0.48986682,0.93996677,0.205470863,-0.232726129,-0.141713598,0.5986643433570862,-0.47887593507766724,0.8189387917518616,0.9382845163345337,0.13151808083057404,-0.2865390479564667,-0.14219903945922852
redkitchen,test,seq-14,redkitchen/seq-14/frame-000288.color.png,0.45648876,-0.16423097,0.49582067,0.93850523,0.202115804,-0.240511556,-0.143217758,0.6347531676292419,-0.4556633234024048,0.8135143518447876,0.9344294667243958,0.1222236305475235,-0.30479010939598083,-0.13786213099956512
redkitchen,test,seq-14,redkitchen/seq-14/frame-000289.color.png,0.45317435,-0.16614418,0.50128973,0.937153485,0.198270023,-0.247162033,-0.146093369,0.7198508977890015,-0.4521883726119995,0.8795862793922424,0.9269178509712219,0.11935078352689743,-0.3273596465587616,-0.1393355131149292
redkitchen,test,seq-14,redkitchen/seq-14/frame-000290.color.png,0.45276329,-0.16585913,0.50865257,0.935896572,0.193723462,-0.255590654,-0.145747195,0.7486229538917542,-0.46821528673171997,0.8514395952224731,0.9294516444206238,0.12372331321239471,-0.3179527223110199,-0.14042185246944427
redkitchen,test,seq-14,redkitchen/seq-14/frame-000291.color.png,0.44986364,-0.16674477,0.51362884,0.934333638,0.189472608,-0.2650556,-0.144451762,0.7385733723640442,-0.4661094546318054,0.8376109004020691,0.9252392053604126,0.11915862560272217,-0.3291330933570862,-0.14630483090877533
redkitchen,test,seq-14,redkitchen/seq-14/frame-000292.color.png,0.44776276,-0.16701779,0.51915532,0.932480595,0.185208837,-0.275372578,-0.142644908,0.7482343316078186,-0.4641638994216919,0.8311237096786499,0.9285051822662354,0.10951993614435196,-0.3241434693336487,-0.14427252113819122
redkitchen,test,seq-14,redkitchen/seq-14/frame-000293.color.png,0.45173597,-0.16848888,0.52528572,0.930562447,0.181191076,-0.284467218,-0.142484136,0.7078222036361694,-0.49109190702438354,0.7720959186553955,0.9298108816146851,0.11053480952978134,-0.3164210021495819,-0.15202464163303375
redkitchen,test,seq-14,redkitchen/seq-14/frame-000294.color.png,0.45204547,-0.17357862,0.52852154,0.92990449,0.176334624,-0.288643715,-0.144459495,0.6087183356285095,-0.44857358932495117,0.7364041805267334,0.9350993037223816,0.10627206414937973,-0.3051491379737854,-0.14553223550319672
redkitchen,test,seq-14,redkitchen/seq-14/frame-000295.color.png,0.45740351,-0.17427191,0.53481978,0.929280542,0.172659019,-0.292667403,-0.144818265,0.5962333083152771,-0.4751177430152893,0.6998168230056763,0.9337828755378723,0.10551067441701889,-0.30789682269096375,-0.14871647953987122
redkitchen,test,seq-14,redkitchen/seq-14/frame-000296.color.png,0.46147218,-0.1778616,0.53828609,0.9284397,0.167369592,-0.297469618,-0.146625272,0.7053000926971436,-0.5154207348823547,0.735125720500946,0.9255432486534119,0.10480420291423798,-0.3293527364730835,-0.1546367108821869
redkitchen,test,seq-14,redkitchen/seq-14/frame-000297.color.png,0.47084385,-0.18204813,0.54671782,0.926913045,0.161788299,-0.305261357,-0.146534147,0.7331171035766602,-0.5024570226669312,0.7100444436073303,0.9268128275871277,0.09701041877269745,-0.32925179600715637,-0.15231576561927795
redkitchen,test,seq-14,redkitchen/seq-14/frame-000298.color.png,0.47711471,-0.1834985,0.55154777,0.925751391,0.157924327,-0.31078937,-0.14647265,0.7087868452072144,-0.4788072109222412,0.7029520273208618,0.9236782789230347,0.10231620073318481,-0.3348999619483948,-0.155536949634552
redkitchen,test,seq-14,redkitchen/seq-14/frame-000299.color.png,0.49095407,-0.18938883,0.55721176,0.924337252,0.148623939,-0.319578222,-0.146223561,0.6537432074546814,-0.47025948762893677,0.6748612523078918,0.9310305714607239,0.0927002802491188,-0.3213373124599457,-0.14605186879634857
redkitchen,test,seq-14,redkitchen/seq-14/frame-000300.color.png,0.49832579,-0.1919564,0.5614568,0.923472074,0.144713803,-0.323319422,-0.147383158,0.6986832618713379,-0.467354953289032,0.6999328136444092,0.9184580445289612,0.09987308084964752,-0.3496398627758026,-0.15560254454612732
redkitchen,test,seq-14,redkitchen/seq-14/frame-000301.color.png,0.50423729,-0.19623297,0.5616166,0.923958942,0.140405002,-0.323215519,-0.148721342,0.6986128091812134,-0.4441068172454834,0.6890146732330322,0.919987678527832,0.09878931194543839,-0.34477004408836365,-0.15810438990592957
redkitchen,test,seq-14,redkitchen/seq-14/frame-000302.color.png,0.51475358,-0.20112374,0.56433952,0.924284451,0.136780716,-0.323807623,-0.148788144,0.7149134278297424,-0.42732328176498413,0.7135541439056396,0.9246450066566467,0.09673465043306351,-0.3374716341495514,-0.14760363101959229
redkitchen,test,seq-14,redkitchen/seq-14/frame-000303.color.png,0.52400589,-0.20465975,0.56579727,0.923879892,0.134392689,-0.325912583,-0.148880954,0.6859216094017029,-0.44763678312301636,0.6824859976768494,0.9267181158065796,0.09432898461818695,-0.32985594868659973,-0.15326659381389618
redkitchen,test,seq-14,redkitchen/seq-14/frame-000304.color.png,0.5348624,-0.20595443,0.5681988,0.923387068,0.131760033,-0.329267939,-0.14689534,0.6804035902023315,-0.4463360905647278,0.692028820514679,0.928749144077301,0.09069967269897461,-0.32825201749801636,-0.14645574986934662
redkitchen,test,seq-14,redkitchen/seq-14/frame-000305.color.png,0.54256934,-0.20811574,0.56848073,0.923679053,0.128194584,-0.33088407,-0.144564473,0.7609692811965942,-0.44604718685150146,0.7632094025611877,0.9184726476669312,0.09619075804948807,-0.3550633192062378,-0.145207941532135
redkitchen,test,seq-14,redkitchen/seq-14/frame-000306.color.png,0.56469983,-0.21183977,0.572837,0.925621102,0.123184275,-0.328123357,-0.142780504,0.7926819324493408,-0.4540160894393921,0.7296638488769531,0.9315332174301147,0.08403124660253525,-0.32421374320983887,-0.14166922867298126
redkitchen,test,seq-14,redkitchen/seq-14/frame-000307.color.png,0.57076031,-0.21473534,0.57063204,0.927269495,0.119750821,-0.325420764,-0.141181977,0.744256854057312,-0.44016706943511963,0.7054691314697266,0.9348691701889038,0.08321315050125122,-0.3143881559371948,-0.14232105016708374
redkitchen,test,seq-14,redkitchen/seq-14/frame-000308.color.png,0.58218271,-0.2158781,0.57152271,0.928343678,0.116001821,-0.324696275,-0.138902562,0.7610015273094177,-0.4344020485877991,0.7009799480438232,0.9314889907836914,0.08161762356758118,-0.32466864585876465,-0.14232732355594635
redkitchen,test,seq-14,redkitchen/seq-14/frame-000309.color.png,0.58953655,-0.21974967,0.57071322,0.929321513,0.110070897,-0.323970089,-0.138885944,0.7611972093582153,-0.4326345920562744,0.7172630429267883,0.9328731894493103,0.075669065117836,-0.32604530453681946,-0.13310272991657257
redkitchen,test,seq-14,redkitchen/seq-14/frame-000310.color.png,0.60026509,-0.22348325,0.57241362,0.93050797,0.103826741,-0.322203459,-0.13985656,0.7253259420394897,-0.43549054861068726,0.6359360218048096,0.9399216175079346,0.06761597841978073,-0.3078552782535553,-0.13115078210830688
redkitchen,test,seq-14,redkitchen/seq-14/frame-000311.color.png,0.60858458,-0.2238827,0.57262045,0.933117139,0.096810498,-0.317563681,-0.13810663,0.8243104219436646,-0.4424404501914978,0.6126128435134888,0.9351751804351807,0.06340452283620834,-0.3171253204345703,-0.14442533254623413
redkitchen,test,seq-14,redkitchen/seq-14/frame-000312.color.png,0.6148361,-0.2286582,0.5716154,0.935611261,0.088422621,-0.312369056,-0.138703214,0.8413876295089722,-0.4306787848472595,0.6262751221656799,0.9382814764976501,0.06174295395612717,-0.3097602427005768,-0.1409410983324051
redkitchen,test,seq-14,redkitchen/seq-14/frame-000313.color.png,0.62558925,-0.23281416,0.5748564,0.937089315,0.083318727,-0.308979546,-0.139474893,0.7347867488861084,-0.3916098475456238,0.5553848743438721,0.9570866823196411,0.06276143342256546,-0.25099602341651917,-0.13056430220603943
redkitchen,test,seq-14,redkitchen/seq-14/frame-000314.color.png,0.64364946,-0.23921579,0.58281344,0.9399778,0.071947102,-0.305364909,-0.134229736,0.8337022662162781,-0.3461422920227051,0.6179070472717285,0.953339159488678,0.0559801384806633,-0.2675187885761261,-0.12823547422885895
redkitchen,test,seq-14,redkitchen/seq-14/frame-000315.color.png,0.65242887,-0.24386455,0.58669865,0.940628853,0.067640417,-0.304466135,-0.133949643,0.8666899800300598,-0.33739060163497925,0.6155574321746826,0.9496315717697144,0.052102137356996536,-0.2805183231830597,-0.12959450483322144
redkitchen,test,seq-14,redkitchen/seq-14/frame-000316.color.png,0.66202778,-0.24472989,0.59157211,0.941546396,0.064780087,-0.302458115,-0.133465405,0.8291506767272949,-0.3676266074180603,0.6284024715423584,0.9507856369018555,0.04704073444008827,-0.27959203720092773,-0.1249886304140091
redkitchen,test,seq-14,redkitchen/seq-14/frame-000317.color.png,0.6688441,-0.24510002,0.59466416,0.942905294,0.06202073,-0.298993042,-0.132989462,0.8809624314308167,-0.3662183880805969,0.5746824145317078,0.9541831016540527,0.0454593263566494,-0.2685578465461731,-0.1238737553358078
redkitchen,test,seq-14,redkitchen/seq-14/frame-000318.color.png,0.67818105,-0.24485673,0.59862453,0.944310073,0.06027358,-0.295306545,-0.132059174,0.8278202414512634,-0.33979904651641846,0.5179811716079712,0.9606840014457703,0.043918635696172714,-0.2445433884859085,-0.12391950935125351
redkitchen,test,seq-14,redkitchen/seq-14/frame-000319.color.png,0.6847989,-0.24778192,0.60088605,0.945885398,0.057276478,-0.29144012,-0.130701473,0.8087078332901001,-0.3562890291213989,0.5230730772018433,0.9636945724487305,0.037966206669807434,-0.235122412443161,-0.12070098519325256
redkitchen,test,seq-14,redkitchen/seq-14/frame-000320.color.png,0.69391054,-0.25024605,0.60451066,0.946896306,0.055434358,-0.289125166,-0.129309919,0.8342050909996033,-0.3229967951774597,0.5687692165374756,0.9599282145500183,0.038566380739212036,-0.2494392842054367,-0.1217806339263916
redkitchen,test,seq-14,redkitchen/seq-14/frame-000321.color.png,0.70401108,-0.25044945,0.60864657,0.947836381,0.055641306,-0.286999938,-0.127048322,0.7951509356498718,-0.3255906105041504,0.5293866395950317,0.9611300230026245,0.03471021354198456,-0.24692830443382263,-0.11853595077991486
redkitchen,test,seq-14,redkitchen/seq-14/frame-000322.color.png,0.71160245,-0.25052032,0.61296099,0.948796212,0.05565816,-0.284548508,-0.12537968,0.8083908557891846,-0.3226093053817749,0.5230103731155396,0.9598292708396912,0.033481303602457047,-0.25326427817344666,-0.11603408306837082
redkitchen,test,seq-14,redkitchen/seq-14/frame-000323.color.png,0.72730505,-0.2521126,0.62046349,0.949436805,0.05600643,-0.282360707,-0.125321446,0.7817350029945374,-0.3382751941680908,0.5133633017539978,0.9598267674446106,0.0342826247215271,-0.2519965171813965,-0.11855407804250717
redkitchen,test,seq-14,redkitchen/seq-14/frame-000324.color.png,0.74404699,-0.25504187,0.62897509,0.950453931,0.05644489,-0.278899512,-0.125165342,0.9205576777458191,-0.34661489725112915,0.6272807717323303,0.9550526142120361,0.027404937893152237,-0.26962682604789734,-0.12010329961776733
redkitchen,test,seq-14,redkitchen/seq-14/frame-000325.color.png,0.75718474,-0.25592834,0.63588405,0.952134525,0.056732976,-0.27353687,-0.124091891,0.9850659370422363,-0.3395058512687683,0.656338095664978,0.9527557492256165,0.027737343683838844,-0.27612772583961487,-0.12345290929079056
redkitchen,test,seq-14,redkitchen/seq-14/frame-000326.color.png,0.76710302,-0.25725809,0.64001566,0.954528036,0.055629621,-0.26650053,-0.121486792,0.9574556946754456,-0.3499528169631958,0.6757068037986755,0.9566368460655212,0.025964204221963882,-0.26249974966049194,-0.12355435639619827
redkitchen,test,seq-14,redkitchen/seq-14/frame-000327.color.png,0.7810275,-0.26372966,0.64622188,0.956762313,0.053512949,-0.259544859,-0.119911247,0.9989792108535767,-0.3653802275657654,0.7043520212173462,0.9550655484199524,0.021136445924639702,-0.2669420838356018,-0.12706291675567627
redkitchen,test,seq-14,redkitchen/seq-14/frame-000328.color.png,0.7979877,-0.26911646,0.65299666,0.958480819,0.053761876,-0.253063996,-0.119928286,0.984515905380249,-0.35071659088134766,0.6778557300567627,0.9610596299171448,0.029067760333418846,-0.24230167269706726,-0.12965071201324463
redkitchen,test,seq-14,redkitchen/seq-14/frame-000329.color.png,0.81481856,-0.27016756,0.66105843,0.959940721,0.054488403,-0.247314824,-0.119917486,0.9625512361526489,-0.37227916717529297,0.6379556059837341,0.9645323753356934,0.02916971780359745,-0.23010796308517456,-0.12600283324718475
redkitchen,test,seq-14,redkitchen/seq-14/frame-000330.color.png,0.82726765,-0.27564245,0.66627645,0.961951111,0.05298698,-0.239306441,-0.120726417,1.007470726966858,-0.3704684376716614,0.6497953534126282,0.9631332159042358,0.023962493985891342,-0.23662623763084412,-0.12573102116584778
redkitchen,test,seq-14,redkitchen/seq-14/frame-000331.color.png,0.84017402,-0.28405458,0.67100239,0.964284535,0.052326458,-0.23110442,-0.118355499,0.9460321664810181,-0.34661954641342163,0.6681410670280457,0.9696547389030457,0.027331247925758362,-0.21045006811618805,-0.12138178199529648
redkitchen,test,seq-14,redkitchen/seq-14/frame-000332.color.png,0.85639179,-0.29121727,0.67737997,0.96602394,0.052807172,-0.227313507,-0.111075287,0.9472288489341736,-0.35871636867523193,0.6383401155471802,0.9778993129730225,0.022026091814041138,-0.17064477503299713,-0.11877786368131638
redkitchen,test,seq-14,redkitchen/seq-14/frame-000333.color.png,0.87072444,-0.29554835,0.68547577,0.966605339,0.053953013,-0.227818925,-0.104219616,1.12474524974823,-0.37079954147338867,0.6909122467041016,0.9717323780059814,0.03179451823234558,-0.20303024351596832,-0.11620666831731796
redkitchen,test,seq-14,redkitchen/seq-14/frame-000334.color.png,0.8880803,-0.29908192,0.69378132,0.96673958,0.055391808,-0.227924007,-0.101965575,1.1983799934387207,-0.3634195327758789,0.6571385860443115,0.9723955392837524,0.032369375228881836,-0.20054364204406738,-0.11481016874313354
redkitchen,test,seq-14,redkitchen/seq-14/frame-000335.color.png,0.90100896,-0.3021495,0.69926316,0.968120252,0.057348408,-0.221992955,-0.100863602,1.243183970451355,-0.36566996574401855,0.6777498126029968,0.9733725190162659,0.029654759913682938,-0.1992444097995758,-0.10939913988113403
redkitchen,test,seq-14,redkitchen/seq-14/frame-000336.color.png,0.91318792,-0.30491203,0.70585591,0.96926987,0.059055685,-0.21663567,-0.100485477,1.1826740503311157,-0.3492969870567322,0.6781246066093445,0.9760782122612,0.03254454955458641,-0.18861272931098938,-0.10313795506954193
redkitchen,test,seq-14,redkitchen/seq-14/frame-000337.color.png,0.92594546,-0.31037414,0.71287614,0.969711538,0.058853978,-0.214547522,-0.100822133,1.2839325666427612,-0.3624405264854431,0.6942774653434753,0.9735877513885498,0.0333564355969429,-0.19935612380504608,-0.10616721212863922
redkitchen,test,seq-14,redkitchen/seq-14/frame-000338.color.png,0.93899417,-0.31738418,0.72050101,0.970136454,0.059011831,-0.212929462,-0.100069518,1.3374886512756348,-0.34695208072662354,0.6891684532165527,0.974335253238678,0.036189258098602295,-0.19430440664291382,-0.1077360063791275
redkitchen,test,seq-14,redkitchen/seq-14/frame-000339.color.png,0.95114464,-0.3200953,0.72559708,0.970831136,0.061328171,-0.209465402,-0.099247201,1.3167951107025146,-0.3189127743244171,0.7058132290840149,0.9764904379844666,0.038782574236392975,-0.18561622500419617,-0.10251346230506897
redkitchen,test,seq-14,redkitchen/seq-14/frame-000340.color.png,0.96346438,-0.32628438,0.73228353,0.971144701,0.063346973,-0.20696045,-0.100162378,1.3215745687484741,-0.2999342381954193,0.7107020616531372,0.9749719500541687,0.04198085889220238,-0.19114641845226288,-0.1055002361536026
redkitchen,test,seq-14,redkitchen/seq-14/frame-000341.color.png,0.97479945,-0.33279383,0.74013311,0.971041108,0.066720194,-0.205678607,-0.101606558,1.2855573892593384,-0.33911842107772827,0.6871285438537598,0.9736641049385071,0.04616114869713783,-0.1961333006620407,-0.10667246580123901
redkitchen,test,seq-14,redkitchen/seq-14/frame-000342.color.png,0.98333764,-0.33907273,0.74772394,0.971219127,0.070102094,-0.204301134,-0.100399951,1.2778046131134033,-0.31110888719558716,0.7609490752220154,0.9750252962112427,0.047962673008441925,-0.19211849570274353,-0.10057733207941055
redkitchen,test,seq-14,redkitchen/seq-14/frame-000343.color.png,0.99118328,-0.34323591,0.75556368,0.971163658,0.073012825,-0.203984847,-0.099501051,1.2460001707077026,-0.3143620789051056,0.8012687563896179,0.9738704562187195,0.0495157390832901,-0.19634859263896942,-0.10281895846128464
redkitchen,test,seq-14,redkitchen/seq-14/frame-000344.color.png,1.0001811,-0.34636527,0.76426244,0.970796871,0.076060276,-0.204396183,-0.099952336,1.2679561376571655,-0.3774920701980591,0.8826671242713928,0.9693461060523987,0.045286908745765686,-0.2176387459039688,-0.10464520752429962
redkitchen,test,seq-14,redkitchen/seq-14/frame-000345.color.png,1.0116832,-0.34974548,0.77395958,0.970811117,0.079916219,-0.203078031,-0.099491136,1.2630071640014648,-0.37486809492111206,0.9374938607215881,0.9687257409095764,0.054003577679395676,-0.22050464153289795,-0.10015838593244553
redkitchen,test,seq-14,redkitchen/seq-14/frame-000346.color.png,1.0210564,-0.3519994,0.78317797,0.971546475,0.083065554,-0.199488059,-0.096964292,1.256705403327942,-0.3646831512451172,0.9063646197319031,0.9711377024650574,0.0511002391576767,-0.2124732881784439,-0.09557981044054031
redkitchen,test,seq-14,redkitchen/seq-14/frame-000347.color.png,1.0275322,-0.35727477,0.79299527,0.972189295,0.083680706,-0.197391962,-0.094243979,1.1833299398422241,-0.35859906673431396,0.9361207485198975,0.9713473320007324,0.057583294808864594,-0.2105998992919922,-0.093894824385643
redkitchen,test,seq-14,redkitchen/seq-14/frame-000348.color.png,1.0324725,-0.36608788,0.80468124,0.972288123,0.084225763,-0.197260157,-0.093006762,1.1670947074890137,-0.37073296308517456,0.9360612630844116,0.9697569608688354,0.06188250705599785,-0.21621659398078918,-0.09482823312282562
redkitchen,test,seq-14,redkitchen/seq-14/frame-000349.color.png,1.0409613,-0.36990744,0.81687731,0.971958447,0.087384003,-0.197785719,-0.092420902,1.229324221611023,-0.3725586533546448,0.9636309742927551,0.9697455167770386,0.0645759254693985,-0.21500882506370544,-0.09588950127363205
redkitchen,test,seq-14,redkitchen/seq-14/frame-000350.color.png,1.0490013,-0.37423417,0.82860774,0.971895222,0.090890287,-0.196180894,-0.09312191,1.2879668474197388,-0.36103755235671997,0.950356125831604,0.9722782969474792,0.06174569949507713,-0.20634381473064423,-0.0910196304321289
redkitchen,test,seq-14,redkitchen/seq-14/frame-000351.color.png,1.0589497,-0.37888914,0.84168565,0.972464962,0.093220638,-0.19296968,-0.091566989,1.2770816087722778,-0.3314497470855713,0.9356286525726318,0.9719592928886414,0.07223307341337204,-0.2075861692428589,-0.0835791826248169
redkitchen,test,seq-14,redkitchen/seq-14/frame-000352.color.png,1.0660293,-0.38572305,0.85419279,0.973098728,0.094622717,-0.190065757,-0.08944504,1.3671636581420898,-0.3652108311653137,0.9624783396720886,0.9711223840713501,0.07433817535638809,-0.21229808032512665,-0.07952775061130524
redkitchen,test,seq-14,redkitchen/seq-14/frame-000353.color.png,1.0759671,-0.39234442,0.86843365,0.973380718,0.09621595,-0.189276803,-0.086294613,1.385659098625183,-0.39145559072494507,0.9597270488739014,0.9706438779830933,0.07435809075832367,-0.21325825154781342,-0.0827179104089737
redkitchen,test,seq-14,redkitchen/seq-14/frame-000354.color.png,1.0852957,-0.39600334,0.88191783,0.97366824,0.09826936,-0.187727538,-0.084093173,1.4454548358917236,-0.417510986328125,0.9471893310546875,0.9705418348312378,0.06685595214366913,-0.21888874471187592,-0.07527688890695572
redkitchen,test,seq-14,redkitchen/seq-14/frame-000355.color.png,1.0952288,-0.39922261,0.89701873,0.974533655,0.100027226,-0.183778964,-0.080647388,1.4586244821548462,-0.39230698347091675,0.9343441724777222,0.9741189479827881,0.06780379265546799,-0.2036685347557068,-0.07081002742052078
redkitchen,test,seq-14,redkitchen/seq-14/frame-000356.color.png,1.1186688,-0.38682938,0.92345279,0.975748848,0.100962699,-0.182432832,-0.066625679,1.412216067314148,-0.3959859609603882,0.9757215976715088,0.973244309425354,0.08443742990493774,-0.20307610929012299,-0.06652822345495224
redkitchen,test,seq-14,redkitchen/seq-14/frame-000357.color.png,1.1256225,-0.38833603,0.9379974,0.976849518,0.102998486,-0.175818422,-0.065147626,1.3426600694656372,-0.4177752733230591,0.9961915016174316,0.9750413298606873,0.07862058281898499,-0.19701454043388367,-0.06556301563978195
redkitchen,test,seq-14,redkitchen/seq-14/frame-000358.color.png,1.1376706,-0.39088762,0.95438993,0.977732642,0.103709299,-0.17077531,-0.064179867,1.3430309295654297,-0.4203239679336548,0.9589680433273315,0.9747653007507324,0.08170446753501892,-0.19691108167171478,-0.0662040263414383
redkitchen,test,seq-14,redkitchen/seq-14/frame-000359.color.png,1.1442721,-0.39986184,0.96866202,0.977912748,0.103760159,-0.168590176,-0.067065924,1.3204503059387207,-0.42635637521743774,0.9548541307449341,0.9702407121658325,0.09020468592643738,-0.21051853895187378,-0.07860066741704941
redkitchen,test,seq-14,redkitchen/seq-14/frame-000360.color.png,1.1527517,-0.40578425,0.98353428,0.977898419,0.103619414,-0.168508964,-0.06769363,1.2861850261688232,-0.4690278172492981,0.9996460676193237,0.9701073169708252,0.08741721510887146,-0.21239537000656128,-0.07834765315055847
redkitchen,test,seq-14,redkitchen/seq-14/frame-000361.color.png,1.1590483,-0.41335738,0.99806744,0.977760641,0.103417866,-0.169529716,-0.067442938,1.3222895860671997,-0.47332602739334106,1.0073418617248535,0.9698606133460999,0.08846989274024963,-0.21290677785873413,-0.07882968336343765
redkitchen,test,seq-14,redkitchen/seq-14/frame-000362.color.png,1.1643872,-0.41825652,1.0111047,0.977321417,0.105708357,-0.169713482,-0.069756189,1.3816875219345093,-0.4790394902229309,1.0028892755508423,0.9677642583847046,0.07919452339410782,-0.22304071485996246,-0.08610106259584427
redkitchen,test,seq-14,redkitchen/seq-14/frame-000363.color.png,1.1667247,-0.42644709,1.0237278,0.977339491,0.106052281,-0.167534773,-0.074111618,1.4640697240829468,-0.486164927482605,1.0535215139389038,0.9692414999008179,0.07867256551980972,-0.21558842062950134,-0.08889971673488617
redkitchen,test,seq-14,redkitchen/seq-14/frame-000364.color.png,1.1713281,-0.43376091,1.0358994,0.977405522,0.106317752,-0.164842595,-0.078752139,1.4212801456451416,-0.4869704842567444,1.0459892749786377,0.9658834338188171,0.07821622490882874,-0.22885729372501373,-0.09260538220405579
redkitchen,test,seq-14,redkitchen/seq-14/frame-000365.color.png,1.1748425,-0.44089973,1.0485183,0.977563456,0.106178169,-0.162651883,-0.081487738,1.4211626052856445,-0.49191218614578247,1.0736503601074219,0.9680759310722351,0.07602081447839737,-0.21881069242954254,-0.09576889127492905
redkitchen,test,seq-14,redkitchen/seq-14/frame-000366.color.png,1.1809406,-0.44459617,1.0629692,0.977834023,0.105442279,-0.162706387,-0.079051764,1.3885374069213867,-0.5037068128585815,1.1239547729492188,0.9662575721740723,0.07273907214403152,-0.2282397747039795,-0.09466705471277237
redkitchen,test,seq-14,redkitchen/seq-14/frame-000367.color.png,1.1844013,-0.44794938,1.0764332,0.977825079,0.104527666,-0.164249704,-0.077162923,1.405866265296936,-0.5166458487510681,1.1550281047821045,0.9654017090797424,0.0735761970281601,-0.2333780825138092,-0.09011489897966385
redkitchen,test,seq-14,redkitchen/seq-14/frame-000368.color.png,1.1857221,-0.45348257,1.0887256,0.977850968,0.103323682,-0.165288654,-0.076232293,1.4103320837020874,-0.5274789333343506,1.1466832160949707,0.9662456512451172,0.0732957199215889,-0.2299649864435196,-0.09007366001605988
redkitchen,test,seq-14,redkitchen/seq-14/frame-000369.color.png,1.1862713,-0.45485717,1.1014036,0.978211469,0.103842493,-0.163803339,-0.074077829,1.458067536354065,-0.5309221744537354,1.1361589431762695,0.9660452604293823,0.07243399322032928,-0.23072661459445953,-0.09096761792898178
redkitchen,test,seq-14,redkitchen/seq-14/frame-000370.color.png,1.1898295,-0.45523891,1.1150361,0.978832453,0.103528114,-0.161740218,-0.070774718,1.4550845623016357,-0.4917280077934265,1.1017447710037231,0.9690505266189575,0.07731299847364426,-0.21864598989486694,-0.08460306376218796
redkitchen,test,seq-14,redkitchen/seq-14/frame-000371.color.png,1.1914039,-0.45214498,1.1303883,0.9797828,0.103862045,-0.157852292,-0.065734274,1.4274197816848755,-0.5058215856552124,1.1070876121520996,0.9703688025474548,0.06834055483341217,-0.21863828599452972,-0.07688489556312561
redkitchen,test,seq-14,redkitchen/seq-14/frame-000372.color.png,1.1949383,-0.44958732,1.1462641,0.980745199,0.103456083,-0.154781213,-0.058978557,1.505008339881897,-0.5255241394042969,1.1537983417510986,0.9691311717033386,0.0683235228061676,-0.22533689439296722,-0.07307442277669907
redkitchen,test,seq-14,redkitchen/seq-14/frame-000373.color.png,1.1975656,-0.45144618,1.1610965,0.981447672,0.101071502,-0.153937752,-0.053368403,1.5259495973587036,-0.5213532447814941,1.183366060256958,0.9699523448944092,0.06558298319578171,-0.22306224703788757,-0.07165636122226715
redkitchen,test,seq-14,redkitchen/seq-14/frame-000374.color.png,1.1987247,-0.45117405,1.1750231,0.981885889,0.099531355,-0.1536868,-0.048723482,1.498501181602478,-0.5304849147796631,1.1838712692260742,0.9694607257843018,0.060383085161447525,-0.22766032814979553,-0.06834081560373306
redkitchen,test,seq-14,redkitchen/seq-14/frame-000375.color.png,1.1985364,-0.45094472,1.1755029,0.981879401,0.099382804,-0.15387036,-0.048577907,1.498501181602478,-0.5304849147796631,1.1838712692260742,0.9694607257843018,0.060383085161447525,-0.22766032814979553,-0.06834081560373306
redkitchen,test,seq-14,redkitchen/seq-14/frame-000376.color.png,1.1978312,-0.45594323,1.1884118,0.982197167,0.097826124,-0.153979203,-0.044823872,1.4788357019424438,-0.5370199680328369,1.2054693698883057,0.9678006172180176,0.06162777543067932,-0.23571030795574188,-0.06328184902667999
redkitchen,test,seq-14,redkitchen/seq-14/frame-000377.color.png,1.196384,-0.45918676,1.2018017,0.982400254,0.095961356,-0.154865997,-0.041202933,1.4639856815338135,-0.5322301387786865,1.189422369003296,0.9690758585929871,0.06421894580125809,-0.2318243831396103,-0.0550040602684021
redkitchen,test,seq-14,redkitchen/seq-14/frame-000378.color.png,1.1943702,-0.45916703,1.2149678,0.98272096,0.094322117,-0.154802607,-0.037403289,1.4451621770858765,-0.5255480408668518,1.195293664932251,0.9681026935577393,0.06411828845739365,-0.23606717586517334,-0.0542067252099514
redkitchen,test,seq-14,redkitchen/seq-14/frame-000379.color.png,1.1941302,-0.45945439,1.2273778,0.983613027,0.093432353,-0.150813688,-0.032109817,1.3442375659942627,-0.517995297908783,1.1869467496871948,0.9728115797042847,0.0705331340432167,-0.21623405814170837,-0.04365155100822449
redkitchen,test,seq-14,redkitchen/seq-14/frame-000380.color.png,1.19311,-0.45887375,1.2277076,0.983612908,0.093386046,-0.150815645,-0.032238732,1.3442375659942627,-0.517995297908783,1.1869467496871948,0.9728115797042847,0.0705331340432167,-0.21623405814170837,-0.04365155100822449
redkitchen,test,seq-14,redkitchen/seq-14/frame-000381.color.png,1.1897634,-0.46318349,1.2400005,0.984696029,0.091059811,-0.14658313,-0.024397264,1.3075648546218872,-0.5182849168777466,1.151404619216919,0.9778909683227539,0.06248908489942551,-0.19669629633426666,-0.03368924558162689
redkitchen,test,seq-14,redkitchen/seq-14/frame-000382.color.png,1.1856079,-0.46672168,1.2526582,0.985555238,0.087702702,-0.143883709,-0.016928858,1.3380886316299438,-0.5166058540344238,1.1512123346328735,0.9806938171386719,0.06459121406078339,-0.18290948867797852,-0.024734478443861008
redkitchen,test,seq-14,redkitchen/seq-14/frame-000383.color.png,1.1809658,-0.46903029,1.2652351,0.986385804,0.085317367,-0.140098762,-0.011676062,1.359684705734253,-0.5041773915290833,1.100142478942871,0.9845613837242126,0.07190081477165222,-0.15926142036914825,-0.010244244709610939
redkitchen,test,seq-14,redkitchen/seq-14/frame-000384.color.png,1.1765589,-0.47445416,1.2777852,0.987228999,0.082181578,-0.136329794,-0.00626732,1.416616439819336,-0.5168727040290833,1.1012624502182007,0.9860942959785461,0.07149478048086166,-0.1499319225549698,-0.005185221321880817
redkitchen,test,seq-14,redkitchen/seq-14/frame-000385.color.png,1.1663657,-0.47961462,1.2895503,0.988241737,0.078459377,-0.131197594,-0.00309608,1.5194560289382935,-0.517737090587616,1.0967477560043335,0.9884103536605835,0.07259633392095566,-0.13331495225429535,-0.0013460976770147681
redkitchen,test,seq-14,redkitchen/seq-14/frame-000386.color.png,1.1667197,-0.4790445,1.2895811,0.988236433,0.078565696,-0.13118325,-0.002671751,1.4192609786987305,-0.5227250456809998,1.1537232398986816,0.9907798767089844,0.060579728335142136,-0.12093572318553925,0.007740962319076061
redkitchen,test,seq-14,redkitchen/seq-14/frame-000387.color.png,1.1586238,-0.48577282,1.2995842,0.989093933,0.076187588,-0.126047522,0.000815588,1.4192609786987305,-0.5227250456809998,1.1537232398986816,0.9907798767089844,0.060579728335142136,-0.12093572318553925,0.007740962319076061
redkitchen,test,seq-14,redkitchen/seq-14/frame-000388.color.png,1.1486216,-0.4927243,1.3100804,0.989537156,0.075676164,-0.122708859,0.005645475,1.3136069774627686,-0.5342607498168945,1.1806588172912598,0.9928449988365173,0.05668152496218681,-0.103065125644207,0.020581316202878952
redkitchen,test,seq-14,redkitchen/seq-14/frame-000389.color.png,1.1423492,-0.49622163,1.3221067,0.989684164,0.075941863,-0.121081743,0.009864083,1.261174201965332,-0.5371151566505432,1.1766963005065918,0.9933822751045227,0.05500612407922745,-0.0977727621793747,0.024626651778817177
redkitchen,test,seq-14,redkitchen/seq-14/frame-000390.color.png,1.1315258,-0.49855223,1.3330469,0.989987074,0.077082547,-0.117489984,0.013415565,1.2256752252578735,-0.5490801334381104,1.2122336626052856,0.99430251121521,0.05213245376944542,-0.08982657641172409,0.02399548701941967
redkitchen,test,seq-14,redkitchen/seq-14/frame-000391.color.png,1.1211649,-0.50508302,1.3433154,0.990029984,0.077743078,-0.1161808,0.017281945,1.1493581533432007,-0.5423514246940613,1.2073848247528076,0.994556725025177,0.053756747394800186,-0.0863042026758194,0.022773096337914467
redkitchen,test,seq-14,redkitchen/seq-14/frame-000392.color.png,1.1215842,-0.50558746,1.3432193,0.989992347,0.077774014,-0.116489624,0.017219854,1.1493581533432007,-0.5423514246940613,1.2073848247528076,0.994556725025177,0.053756747394800186,-0.0863042026758194,0.022773096337914467
redkitchen,test,seq-14,redkitchen/seq-14/frame-000393.color.png,1.1121571,-0.50871915,1.3534887,0.989723412,0.078717391,-0.117467065,0.021275056,1.122611165046692,-0.5142717361450195,1.1966990232467651,0.994233250617981,0.05128258466720581,-0.0886370912194252,0.031839609146118164
redkitchen,test,seq-14,redkitchen/seq-14/frame-000394.color.png,1.1035991,-0.50912243,1.3638854,0.989405204,0.080604713,-0.118196272,0.024695416,1.037918210029602,-0.49583256244659424,1.170186161994934,0.9940272569656372,0.05047622695565224,-0.09013815224170685,0.035172224044799805
redkitchen,test,seq-14,redkitchen/seq-14/frame-000395.color.png,1.0926971,-0.51142764,1.3727673,0.989393892,0.082446506,-0.116171467,0.028398774,1.1075600385665894,-0.5222311019897461,1.2043752670288086,0.9935241937637329,0.050757139921188354,-0.09121206402778625,0.044874366372823715
redkitchen,test,seq-14,redkitchen/seq-14/frame-000396.color.png,1.0817544,-0.51500893,1.3821646,0.989297582,0.084079495,-0.114488996,0.033364701,1.1023406982421875,-0.5019793510437012,1.2176867723464966,0.9936783909797668,0.05382873862981796,-0.08679758012294769,0.046604689210653305
redkitchen,test,seq-14,redkitchen/seq-14/frame-000397.color.png,1.0831423,-0.5148074,1.3824953,0.989265866,0.083987834,-0.114880619,0.033189354,1.1023406982421875,-0.5019793510437012,1.2176867723464966,0.9936783909797668,0.05382873862981796,-0.08679758012294769,0.046604689210653305
redkitchen,test,seq-14,redkitchen/seq-14/frame-000398.color.png,1.0724573,-0.51744586,1.3906001,0.989043076,0.085252055,-0.114102803,0.038812768,1.1310449838638306,-0.5184540748596191,1.1969889402389526,0.9948073625564575,0.04728299006819725,-0.07123199850320816,0.055214982479810715
redkitchen,test,seq-14,redkitchen/seq-14/frame-000399.color.png,1.0615263,-0.52160537,1.3976108,0.988876294,0.086738645,-0.11264125,0.043726776,1.1843929290771484,-0.46417665481567383,1.201117753982544,0.993550181388855,0.05816926434636116,-0.07710567116737366,0.05940580368041992
redkitchen,test,seq-14,redkitchen/seq-14/frame-000400.color.png,1.053075,-0.52533937,1.4045259,0.988497374,0.087705203,-0.113352139,0.048291108,1.119991660118103,-0.4754190444946289,1.2137110233306885,0.9925299882888794,0.060721319168806076,-0.07937368750572205,0.0699787512421608
redkitchen,test,seq-14,redkitchen/seq-14/frame-000401.color.png,1.0532211,-0.52531999,1.4045815,0.988527005,0.087685434,-0.113342214,0.047740638,1.0883170366287231,-0.4737892746925354,1.2310092449188232,0.9930981993675232,0.060626525431871414,-0.07009643316268921,0.07188122719526291
redkitchen,test,seq-14,redkitchen/seq-14/frame-000402.color.png,1.0447705,-0.52649748,1.411253,0.988358272,0.088816463,-0.113240198,0.04935807,1.0883170366287231,-0.4737892746925354,1.2310092449188232,0.9930981993675232,0.060626525431871414,-0.07009643316268921,0.07188122719526291
redkitchen,test,seq-14,redkitchen/seq-14/frame-000403.color.png,1.0341039,-0.52781987,1.4173411,0.988296565,0.090442299,-0.111161651,0.052279807,1.0711485147476196,-0.4762277603149414,1.2486299276351929,0.9933527112007141,0.0579473078250885,-0.0692344531416893,0.07140758633613586
redkitchen,test,seq-14,redkitchen/seq-14/frame-000404.color.png,1.0238452,-0.53227717,1.4228077,0.987873662,0.092150456,-0.111083625,0.057221939,0.9893127083778381,-0.4949471354484558,1.2597322463989258,0.9915598630905151,0.06263487786054611,-0.08082334697246552,0.07970870286226273
redkitchen,test,seq-14,redkitchen/seq-14/frame-000405.color.png,1.0168599,-0.53467834,1.4267998,0.987267762,0.094346549,-0.112854792,0.060538348,0.9591416120529175,-0.48890113830566406,1.3113218545913696,0.9911218881607056,0.06520360708236694,-0.07836762070655823,0.08534850925207138
redkitchen,test,seq-14,redkitchen/seq-14/frame-000406.color.png,1.0179459,-0.53299832,1.4274797,0.987223618,0.094412546,-0.113083562,0.060728136,0.9591416120529175,-0.48890113830566406,1.3113218545913696,0.9911218881607056,0.06520360708236694,-0.07836762070655823,0.08534850925207138
redkitchen,test,seq-14,redkitchen/seq-14/frame-000407.color.png,1.0080817,-0.53958672,1.4294947,0.987487164,0.09583254,-0.11083825,0.058310446,0.9354414343833923,-0.5029025673866272,1.3378748893737793,0.9904220700263977,0.07519560307264328,-0.07048709690570831,0.09187640994787216
redkitchen,test,seq-14,redkitchen/seq-14/frame-000408.color.png,0.99840933,-0.54435802,1.4321312,0.987955227,0.096932085,-0.106577345,0.056479283,0.9786326289176941,-0.4891083240509033,1.3069264888763428,0.9904963970184326,0.07336905598640442,-0.07871687412261963,0.08566008508205414
redkitchen,test,seq-14,redkitchen/seq-14/frame-000409.color.png,0.98700392,-0.54847854,1.4354278,0.987986164,0.097788572,-0.105490885,0.056501396,0.9089921116828918,-0.4902822971343994,1.3168842792510986,0.9898385405540466,0.0747821033000946,-0.08217759430408478,0.08873605728149414
redkitchen,test,seq-14,redkitchen/seq-14/frame-000410.color.png,0.98664427,-0.54763371,1.4358912,0.987981122,0.097827437,-0.10560038,0.056317452,0.9089921116828918,-0.4902822971343994,1.3168842792510986,0.9898385405540466,0.0747821033000946,-0.08217759430408478,0.08873605728149414
redkitchen,test,seq-14,redkitchen/seq-14/frame-000411.color.png,0.9781673,-0.54830045,1.4407369,0.987313179,0.097384435,-0.109496888,0.061150544,0.9013740420341492,-0.507752001285553,1.3464770317077637,0.988802433013916,0.07900926470756531,-0.09085997194051743,0.08815772086381912
redkitchen,test,seq-14,redkitchen/seq-14/frame-000412.color.png,0.97449273,-0.54115611,1.4471129,0.986430378,0.097207332,-0.114597861,0.06612998,0.939525842666626,-0.5208669304847717,1.3436423540115356,0.9886655211448669,0.08015704900026321,-0.090662382543087,0.0888579711318016
redkitchen,test,seq-14,redkitchen/seq-14/frame-000413.color.png,0.97551274,-0.53889954,1.4481909,0.986370018,0.097407153,-0.114785571,0.066410138,0.9489167332649231,-0.537314236164093,1.3526830673217773,0.9876232743263245,0.0817992240190506,-0.10503046959638596,0.0829315334558487
redkitchen,test,seq-14,redkitchen/seq-14/frame-000414.color.png,0.96326989,-0.53924555,1.4510436,0.986236678,0.096809498,-0.117572047,0.064357988,0.9489167332649231,-0.537314236164093,1.3526830673217773,0.9876232743263245,0.0817992240190506,-0.10503046959638596,0.0829315334558487
redkitchen,test,seq-14,redkitchen/seq-14/frame-000415.color.png,0.9536491,-0.538185,1.4532089,0.986063276,0.097061673,-0.120777802,0.060588524,0.9627141952514648,-0.5424143671989441,1.334309458732605,0.9882564544677734,0.08265824615955353,-0.10200967639684677,0.07817164808511734
redkitchen,test,seq-14,redkitchen/seq-14/frame-000416.color.png,0.94030565,-0.53903067,1.4535407,0.986267282,0.097237768,-0.122055114,0.054076003,0.9344235062599182,-0.5239274501800537,1.3260351419448853,0.9874487519264221,0.0827588364481926,-0.10972051322460175,0.07782875746488571
redkitchen,test,seq-14,redkitchen/seq-14/frame-000417.color.png,0.92981613,-0.53735065,1.4558922,0.985920253,0.097128681,-0.125606595,0.052442893,0.9210436344146729,-0.5320279002189636,1.3562430143356323,0.987467348575592,0.07965115457773209,-0.11172288656234741,0.07798644155263901
redkitchen,test,seq-14,redkitchen/seq-14/frame-000418.color.png,0.9308759,-0.53705466,1.4561684,0.985879838,0.097079887,-0.125759272,0.052924908,0.9210436344146729,-0.5320279002189636,1.3562430143356323,0.987467348575592,0.07965115457773209,-0.11172288656234741,0.07798644155263901
redkitchen,test,seq-14,redkitchen/seq-14/frame-000419.color.png,0.92106533,-0.53285652,1.4586055,0.9849426,0.095740058,-0.133366798,0.054177599,0.9393774271011353,-0.5797171592712402,1.360719919204712,0.9878719449043274,0.07265151292085648,-0.10918156802654266,0.08312761038541794
redkitchen,test,seq-14,redkitchen/seq-14/frame-000420.color.png,0.91328484,-0.53020859,1.4605392,0.983443054,0.093494122,-0.145326714,0.054577974,0.8427973985671997,-0.5759670734405518,1.3299915790557861,0.9887650609016418,0.06494677066802979,-0.104581817984581,0.08478408306837082
redkitchen,test,seq-14,redkitchen/seq-14/frame-000421.color.png,0.90493226,-0.52275801,1.461184,0.98187095,0.092290846,-0.156183748,0.054940648,0.905895471572876,-0.5809595584869385,1.3323240280151367,0.9838224649429321,0.062324170023202896,-0.14074499905109406,0.09165036678314209
redkitchen,test,seq-14,redkitchen/seq-14/frame-000422.color.png,0.8914026,-0.52456546,1.4575242,0.980900897,0.090849037,-0.163638547,0.052936838,0.7939050793647766,-0.5929424166679382,1.3718931674957275,0.9815232753753662,0.07237149029970169,-0.14985549449920654,0.09443394094705582
redkitchen,test,seq-14,redkitchen/seq-14/frame-000423.color.png,0.88232881,-0.52024239,1.4573206,0.979559392,0.088613582,-0.172562595,0.053227639,0.8327697515487671,-0.5875177979469299,1.399038553237915,0.9807408452033997,0.07576963305473328,-0.1538148820400238,0.09352751076221466
redkitchen,test,seq-14,redkitchen/seq-14/frame-000424.color.png,0.8825655,-0.52174878,1.4568932,0.979546001,0.08850986,-0.172648344,0.053368399,0.8327697515487671,-0.5875177979469299,1.399038553237915,0.9807408452033997,0.07576963305473328,-0.1538148820400238,0.09352751076221466
redkitchen,test,seq-14,redkitchen/seq-14/frame-000425.color.png,0.87352264,-0.51755649,1.4547032,0.978251965,0.086040196,-0.181202423,0.052781246,0.7882541418075562,-0.5977336168289185,1.4157094955444336,0.9811171889305115,0.0772344321012497,-0.16006001830101013,0.07631916552782059
redkitchen,test,seq-14,redkitchen/seq-14/frame-000426.color.png,0.86695856,-0.51314181,1.4532915,0.976389109,0.083283299,-0.1909021,0.057311324,0.708990752696991,-0.5915551781654358,1.367095947265625,0.9852432012557983,0.07841474562883377,-0.1325194239616394,0.07473680377006531
redkitchen,test,seq-14,redkitchen/seq-14/frame-000427.color.png,0.86323619,-0.5109809,1.4517046,0.973949211,0.078959355,-0.202499409,0.064671052,0.6641731262207031,-0.617152214050293,1.3493541479110718,0.9857078790664673,0.08347843587398529,-0.12324204295873642,0.07888436317443848
redkitchen,test,seq-14,redkitchen/seq-14/frame-000428.color.png,0.86222744,-0.50813925,1.4522995,0.970953987,0.074193154,-0.215949752,0.071480321,0.7180765867233276,-0.6146467328071594,1.3550875186920166,0.9841023683547974,0.07299519330263138,-0.13829314708709717,0.08419732004404068
redkitchen,test,seq-14,redkitchen/seq-14/frame-000429.color.png,0.85866934,-0.50084245,1.4505124,0.968688594,0.070336561,-0.225495095,0.076466581,0.7180765867233276,-0.6146467328071594,1.3550875186920166,0.9841023683547974,0.07299519330263138,-0.13829314708709717,0.08419732004404068
redkitchen,test,seq-14,redkitchen/seq-14/frame-000430.color.png,0.85752535,-0.50330222,1.449488,0.968768419,0.070134634,-0.225273779,0.076292915,0.7610105276107788,-0.5765901207923889,1.3724700212478638,0.9800086617469788,0.07367746531963348,-0.16035065054893494,0.09188182651996613
redkitchen,test,seq-14,redkitchen/seq-14/frame-000431.color.png,0.85271341,-0.50097507,1.4463159,0.966670221,0.065905308,-0.233333775,0.082222405,0.8162678480148315,-0.5414311289787292,1.4152559041976929,0.980064332485199,0.07132641226053238,-0.15281495451927185,0.10504288971424103
redkitchen,test,seq-14,redkitchen/seq-14/frame-000432.color.png,0.84748214,-0.49619979,1.4430702,0.964502301,0.062374539,-0.241724747,0.086103864,0.795617401599884,-0.5315260291099548,1.3411664962768555,0.9794932007789612,0.07653436064720154,-0.15207739174365997,0.10774029046297073
redkitchen,test,seq-14,redkitchen/seq-14/frame-000433.color.png,0.84203434,-0.49290037,1.4392738,0.96293339,0.057663033,-0.247956054,0.089174307,0.7288709282875061,-0.5151548981666565,1.3521764278411865,0.9771125316619873,0.07245805114507675,-0.16538015007972717,0.11247308552265167
redkitchen,test,seq-14,redkitchen/seq-14/frame-000434.color.png,0.83596361,-0.49955329,1.4343475,0.961015422,0.05089986,-0.255984283,0.09127218,0.7107791304588318,-0.5092844367027283,1.329308032989502,0.9763047695159912,0.07219880074262619,-0.16332212090492249,0.12223859876394272
redkitchen,test,seq-14,redkitchen/seq-14/frame-000435.color.png,0.83055645,-0.49671993,1.4317157,0.958491761,0.045826634,-0.265753887,0.092565306,0.7192065119743347,-0.5040075778961182,1.362945556640625,0.9725678563117981,0.07193662971258163,-0.17808394134044647,0.13123652338981628
redkitchen,test,seq-14,redkitchen/seq-14/frame-000436.color.png,0.8253752,-0.49345917,1.4268434,0.956531304,0.042086535,-0.273394161,0.092370016,0.7355681657791138,-0.5236765146255493,1.395172119140625,0.9673111438751221,0.06563747674226761,-0.20385874807834625,0.1358030140399933
redkitchen,test,seq-14,redkitchen/seq-14/frame-000437.color.png,0.81978071,-0.49312431,1.4223833,0.955447954,0.036011971,-0.277824799,0.092928609,0.7626404166221619,-0.4752892255783081,1.3416481018066406,0.9597292542457581,0.07020840048789978,-0.22958101332187653,0.14588727056980133
redkitchen,test,seq-14,redkitchen/seq-14/frame-000438.color.png,0.8143692,-0.49221987,1.4195726,0.954017637,0.030621016,-0.28277888,0.09459813,0.7935096621513367,-0.5126126408576965,1.3257036209106445,0.9555950164794922,0.06228097528219223,-0.2342739701271057,0.16755548119544983
redkitchen,test,seq-14,redkitchen/seq-14/frame-000439.color.png,0.80902374,-0.48600075,1.4173378,0.952145048,0.026931943,-0.288528268,0.097190106,0.7349281907081604,-0.521609365940094,1.348355770111084,0.9548266530036926,0.05856719985604286,-0.23807618021965027,0.16791540384292603
redkitchen,test,seq-14,redkitchen/seq-14/frame-000440.color.png,0.80345106,-0.47953179,1.4139171,0.95040915,0.02495298,-0.293163931,0.100770564,0.7424666285514832,-0.492962121963501,1.3040461540222168,0.9525999426841736,0.05418745428323746,-0.23727652430534363,0.18252913653850555
redkitchen,test,seq-14,redkitchen/seq-14/frame-000441.color.png,0.80097175,-0.47457749,1.4117984,0.948678031,0.022033235,-0.297387892,0.105285191,0.7170684337615967,-0.49707943201065063,1.30745530128479,0.9518224000930786,0.045950502157211304,-0.23529191315174103,0.1912079155445099
redkitchen,test,seq-14,redkitchen/seq-14/frame-000442.color.png,0.79716104,-0.47528771,1.4091904,0.946779122,0.017025008,-0.302608072,0.108387264,0.6676347851753235,-0.4913097023963928,1.3100630044937134,0.9511523842811584,0.0385318323969841,-0.23836840689182281,0.19236674904823303
redkitchen,test,seq-14,redkitchen/seq-14/frame-000443.color.png,0.7925756,-0.46622235,1.4067521,0.944844725,0.015276466,-0.307748022,0.111023559,0.6301349401473999,-0.4847515821456909,1.2572686672210693,0.9490528702735901,0.02646724320948124,-0.23693552613258362,0.20605745911598206
redkitchen,test,seq-14,redkitchen/seq-14/frame-000444.color.png,0.79216319,-0.46942508,1.403456,0.943095635,0.011632796,-0.312176357,0.113935172,0.6221625804901123,-0.46982914209365845,1.2128700017929077,0.9453302621841431,0.029589539393782616,-0.24319590628147125,0.2152460217475891
redkitchen,test,seq-14,redkitchen/seq-14/frame-000445.color.png,0.79033589,-0.46794716,1.4002254,0.941753317,0.009549351,-0.315993887,0.114705548,0.6351794600486755,-0.47243547439575195,1.2579988241195679,0.9491574764251709,0.026032740250229836,-0.23044531047344208,0.21287891268730164
redkitchen,test,seq-14,redkitchen/seq-14/frame-000446.color.png,0.7823931,-0.45978051,1.3940628,0.941351432,0.011230069,-0.316864899,0.115446969,0.6544522643089294,-0.498832643032074,1.2665085792541504,0.9464108347892761,0.018795445561408997,-0.23856443166732788,0.21688789129257202
redkitchen,test,seq-14,redkitchen/seq-14/frame-000447.color.png,0.77835453,-0.45592269,1.3905662,0.941219091,0.012078242,-0.316978317,0.116127022,0.6169931292533875,-0.4793342351913452,1.2549954652786255,0.9445422291755676,0.024257680401206017,-0.23928946256637573,0.22358885407447815
redkitchen,test,seq-14,redkitchen/seq-14/frame-000448.color.png,0.77363414,-0.45527044,1.3849939,0.941228037,0.013489317,-0.317132781,0.115475625,0.5909383296966553,-0.4786779284477234,1.2854394912719727,0.9472735524177551,0.024308839812874794,-0.23393994569778442,0.217609703540802
redkitchen,test,seq-14,redkitchen/seq-14/frame-000449.color.png,0.76971716,-0.45810533,1.3780435,0.9413568,0.013087629,-0.316940414,0.114999402,0.5923324227333069,-0.49619483947753906,1.2652274370193481,0.9464420080184937,0.02492755651473999,-0.23051047325134277,0.22470220923423767
redkitchen,test,seq-14,redkitchen/seq-14/frame-000450.color.png,0.76477903,-0.45775568,1.3714685,0.940943871,0.01412945,-0.316893868,0.118335401,0.5809905529022217,-0.4834417700767517,1.21116042137146,0.9448922872543335,0.024769019335508347,-0.23636269569396973,0.22516146302223206
redkitchen,test,seq-14,redkitchen/seq-14/frame-000451.color.png,0.76089585,-0.46142647,1.3636149,0.940636801,0.014064707,-0.316444078,0.121933338,0.5880993008613586,-0.4885548949241638,1.2206652164459229,0.9454832673072815,0.02329968847334385,-0.22831490635871887,0.23106467723846436
redkitchen,test,seq-14,redkitchen/seq-14/frame-000452.color.png,0.75768918,-0.45591021,1.35832,0.939979675,0.015711317,-0.316906634,0.125545013,0.5496703386306763,-0.4785432815551758,1.1916961669921875,0.9456320405006409,0.01749427802860737,-0.22316628694534302,0.23594650626182556
redkitchen,test,seq-14,redkitchen/seq-14/frame-000453.color.png,0.75405335,-0.45683825,1.350598,0.940022619,0.016883992,-0.316174359,0.126910127,0.5747036337852478,-0.4828035235404968,1.175226092338562,0.9453899264335632,0.015104381367564201,-0.21798798441886902,0.24184930324554443
redkitchen,test,seq-14,redkitchen/seq-14/frame-000454.color.png,0.75020772,-0.45581511,1.3435613,0.939711791,0.017894324,-0.315578148,0.130506612,0.5748922228813171,-0.49023860692977905,1.1712719202041626,0.9460080862045288,0.017693908885121346,-0.2215050458908081,0.23598966002464294
redkitchen,test,seq-14,redkitchen/seq-14/frame-000455.color.png,0.74462581,-0.45393345,1.3336074,0.939674395,0.020546603,-0.315337821,0.130965362,0.5965118408203125,-0.4868779182434082,1.1869778633117676,0.9455124735832214,0.019054071977734566,-0.23413173854351044,0.2254452258348465
redkitchen,test,seq-14,redkitchen/seq-14/frame-000456.color.png,0.7401967,-0.44886506,1.324685,0.939831509,0.023512948,-0.313961484,0.132635072,0.5584391951560974,-0.4806208610534668,1.1907203197479248,0.9496245384216309,0.022248974069952965,-0.2122013121843338,0.22954043745994568
redkitchen,test,seq-14,redkitchen/seq-14/frame-000457.color.png,0.73528224,-0.44841614,1.3144879,0.940410224,0.02553106,-0.311738133,0.13340207,0.5973691344261169,-0.5038518905639648,1.2196106910705566,0.9483466148376465,0.02756815031170845,-0.21880735456943512,0.2280394732952118
redkitchen,test,seq-14,redkitchen/seq-14/frame-000458.color.png,0.73115534,-0.44329536,1.3045727,0.941114707,0.028375802,-0.310140296,0.131570965,0.6085909605026245,-0.49811065196990967,1.2078677415847778,0.9450852870941162,0.025559278205037117,-0.2380790412425995,0.22243845462799072
redkitchen,test,seq-14,redkitchen/seq-14/frame-000459.color.png,0.72227973,-0.43865463,1.2933137,0.942188349,0.03200589,-0.307350877,0.129584631,0.6316441297531128,-0.48348522186279297,1.2173972129821777,0.9458236694335938,0.0291733480989933,-0.24006275832653046,0.2166478931903839
redkitchen,test,seq-14,redkitchen/seq-14/frame-000460.color.png,0.71670014,-0.43455085,1.2841227,0.942304297,0.033092796,-0.305874448,0.131940524,0.6754486560821533,-0.49515998363494873,1.2044999599456787,0.9457570314407349,0.028372401371598244,-0.24068999290466309,0.21634888648986816
redkitchen,test,seq-14,redkitchen/seq-14/frame-000461.color.png,0.70932126,-0.4325245,1.2732131,0.942421025,0.033114122,-0.305990864,0.130826823,0.6437655091285706,-0.4833791255950928,1.201524019241333,0.9443591237068176,0.030369052663445473,-0.2428462952375412,0.21974815428256989
redkitchen,test,seq-14,redkitchen/seq-14/frame-000462.color.png,0.70065695,-0.4260312,1.2628874,0.942536498,0.034814537,-0.306121375,0.129238548,0.6737266778945923,-0.5031987428665161,1.2012356519699097,0.9422585368156433,0.029428793117403984,-0.2555127441883087,0.21446673572063446
redkitchen,test,seq-14,redkitchen/seq-14/frame-000463.color.png,0.69304013,-0.42200658,1.253583,0.943009873,0.035891686,-0.305516105,0.126901838,0.6477087140083313,-0.493602454662323,1.1720960140228271,0.9379128813743591,0.026874922215938568,-0.2662205398082733,0.22073473036289215
redkitchen,test,seq-14,redkitchen/seq-14/frame-000464.color.png,0.6866824,-0.41597304,1.2447158,0.943866515,0.038117056,-0.304382144,0.122534083,0.6650630235671997,-0.4990342855453491,1.178887963294983,0.9405416250228882,0.028241243213415146,-0.2605710029602051,0.21607068181037903
redkitchen,test,seq-14,redkitchen/seq-14/frame-000465.color.png,0.67747533,-0.40794167,1.2339467,0.945905047,0.04205468,-0.300059634,0.116014054,0.6887807846069336,-0.4983789920806885,1.1670867204666138,0.9408868551254272,0.02692331373691559,-0.26273611187934875,0.21207740902900696
redkitchen,test,seq-14,redkitchen/seq-14/frame-000466.color.png,0.67104489,-0.40127259,1.2270204,0.94778649,0.043361563,-0.295540878,0.111696615,0.658511221408844,-0.48357611894607544,1.1488629579544067,0.9456399083137512,0.030121367424726486,-0.25305911898612976,0.20203670859336853
redkitchen,test,seq-14,redkitchen/seq-14/frame-000467.color.png,0.66329151,-0.40035778,1.2185849,0.948938236,0.041144986,-0.293294674,0.108634938,0.6679379940032959,-0.48508918285369873,1.15392005443573,0.9472314119338989,0.026788929477334023,-0.2461085319519043,0.20363086462020874
redkitchen,test,seq-14,redkitchen/seq-14/frame-000468.color.png,0.65539056,-0.39689586,1.211349,0.948924777,0.040376156,-0.294757649,0.105021248,0.6754634380340576,-0.472432017326355,1.1599727869033813,0.9459958672523499,0.02300371788442135,-0.25093647837638855,0.20394501090049744
redkitchen,test,seq-14,redkitchen/seq-14/frame-000469.color.png,0.64693129,-0.39052758,1.2041696,0.949108939,0.041166107,-0.296124133,0.099035712,0.6898958683013916,-0.45865368843078613,1.1591401100158691,0.9452672600746155,0.022715508937835693,-0.26489120721817017,0.1891731172800064
redkitchen,test,seq-14,redkitchen/seq-14/frame-000470.color.png,0.63822806,-0.38500798,1.194656,0.950239753,0.041542238,-0.294866651,0.091500336,0.7049956917762756,-0.45567989349365234,1.1422442197799683,0.943473756313324,0.018353722989559174,-0.27357929944992065,0.18621137738227844
redkitchen,test,seq-14,redkitchen/seq-14/frame-000471.color.png,0.63063425,-0.38127872,1.1867509,0.951314817,0.040583128,-0.293848526,0.083702879,0.7150689363479614,-0.45646846294403076,1.1661620140075684,0.9436136484146118,0.025466863065958023,-0.2794126868247986,0.17570805549621582
redkitchen,test,seq-14,redkitchen/seq-14/frame-000472.color.png,0.62196803,-0.37747237,1.1777625,0.952332384,0.041290847,-0.292889561,0.074657896,0.7072501182556152,-0.45456427335739136,1.1549861431121826,0.945604145526886,0.017963174730539322,-0.27984708547592163,0.1649114191532135
redkitchen,test,seq-14,redkitchen/seq-14/frame-000473.color.png,0.61201638,-0.37156305,1.1686295,0.953086032,0.044063792,-0.291892132,0.066965516,0.7101261615753174,-0.42680108547210693,1.1628345251083374,0.9477516412734985,0.024835815653204918,-0.2839750647544861,0.1432066708803177
redkitchen,test,seq-14,redkitchen/seq-14/frame-000474.color.png,0.60319936,-0.3666864,1.1599473,0.953972208,0.047537849,-0.290104649,0.059299844,0.7183982729911804,-0.4244956970214844,1.1856780052185059,0.9492259621620178,0.029025422409176826,-0.2882716655731201,0.12258502840995789
redkitchen,test,seq-14,redkitchen/seq-14/frame-000475.color.png,0.59600151,-0.36307147,1.1528469,0.954837956,0.051079453,-0.288292511,0.050624065,0.7132902145385742,-0.4284377694129944,1.2013381719589233,0.9519201517105103,0.03422364220023155,-0.28904810547828674,0.09553965926170349
redkitchen,test,seq-14,redkitchen/seq-14/frame-000476.color.png,0.58814907,-0.35855085,1.1448863,0.955735643,0.055121094,-0.285874499,0.042506666,0.7209103107452393,-0.44617748260498047,1.2189092636108398,0.9549528956413269,0.03879156708717346,-0.28301137685775757,0.08040308207273483
redkitchen,test,seq-14,redkitchen/seq-14/frame-000477.color.png,0.57916027,-0.35385913,1.136997,0.956516042,0.059044676,-0.283658634,0.03359415,0.748094916343689,-0.4339446425437927,1.1972830295562744,0.9555234313011169,0.037522923201322556,-0.2845732867717743,0.06771240383386612
redkitchen,test,seq-14,redkitchen/seq-14/frame-000478.color.png,0.57295835,-0.35248402,1.1306032,0.956796817,0.061785527,-0.283041294,0.024698688,0.7385339140892029,-0.44935500621795654,1.2432160377502441,0.9518409967422485,0.043148498982191086,-0.2984081506729126,0.055582255125045776
redkitchen,test,seq-14,redkitchen/seq-14/frame-000479.color.png,0.56453419,-0.34936154,1.1245428,0.956543943,0.066612063,-0.283480466,0.015011437,0.7534505724906921,-0.4485909938812256,1.2436572313308716,0.9502020478248596,0.04301338642835617,-0.3056047558784485,0.04326162859797478
redkitchen,test,seq-14,redkitchen/seq-14/frame-000480.color.png,0.55656427,-0.34562895,1.1183333,0.956469391,0.071805143,-0.282835776,0.003774866,0.8181989789009094,-0.48243117332458496,1.3194520473480225,0.9492735266685486,0.050803955644369125,-0.30896344780921936,0.028987621888518333
redkitchen,test,seq-14,redkitchen/seq-14/frame-000481.color.png,0.54859853,-0.34299418,1.1128469,0.956551058,0.076822771,-0.28114281,-0.00818871,0.8374447226524353,-0.4859805107116699,1.345715880393982,0.9455352425575256,0.052188798785209656,-0.32111963629722595,0.011029241606593132
redkitchen,test,seq-14,redkitchen/seq-14/frame-000482.color.png,0.53985578,-0.34104916,1.1065685,0.956498101,0.081869157,-0.279300772,-0.019997548,0.754362940788269,-0.48434966802597046,1.3001515865325928,0.9472684264183044,0.061712417751550674,-0.31444060802459717,0.0011278865858912468
redkitchen,test,seq-14,redkitchen/seq-14/frame-000483.color.png,0.53118414,-0.33807117,1.1017268,0.955838606,0.087981959,-0.278689388,-0.031047686,0.707086980342865,-0.44957733154296875,1.2475285530090332,0.9479684829711914,0.06210008263587952,-0.31218841671943665,-0.006137134041637182
redkitchen,test,seq-14,redkitchen/seq-14/frame-000484.color.png,0.52072877,-0.33420235,1.0964738,0.954885484,0.094546096,-0.27828386,-0.042577475,0.6868106722831726,-0.4545811414718628,1.249745488166809,0.9450910687446594,0.060260042548179626,-0.32087811827659607,-0.014449588023126125
redkitchen,test,seq-14,redkitchen/seq-14/frame-000485.color.png,0.51204133,-0.328982,1.0917227,0.953792451,0.099838603,-0.27872472,-0.051232252,0.6710172891616821,-0.41898006200790405,1.272707223892212,0.9427576661109924,0.06504061073064804,-0.3264565169811249,-0.020095452666282654
redkitchen,test,seq-14,redkitchen/seq-14/frame-000486.color.png,0.5005188,-0.32615983,1.0874894,0.95261219,0.102691647,-0.280021165,-0.059771138,0.678328275680542,-0.43639087677001953,1.2775928974151611,0.9416700005531311,0.07167042791843414,-0.32741308212280273,-0.030357601121068
redkitchen,test,seq-14,redkitchen/seq-14/frame-000487.color.png,0.49013063,-0.32260799,1.0847369,0.95115851,0.105205125,-0.282152286,-0.067966601,0.6407546401023865,-0.4235382676124573,1.2586919069290161,0.9407992362976074,0.06893343478441238,-0.3294009566307068,-0.04049628600478172
redkitchen,test,seq-14,redkitchen/seq-14/frame-000488.color.png,0.48056301,-0.32302964,1.0814799,0.949900036,0.106047596,-0.2836551,-0.077353818,0.6309103965759277,-0.4265540838241577,1.2672531604766846,0.941765308380127,0.07001771032810211,-0.3252097964286804,-0.04913433641195297
redkitchen,test,seq-14,redkitchen/seq-14/frame-000489.color.png,0.47016391,-0.32228526,1.0781035,0.948607237,0.108247108,-0.284625227,-0.086112445,0.5695012807846069,-0.4000171422958374,1.2136385440826416,0.946302056312561,0.07395054399967194,-0.31006014347076416,-0.053912077099084854
redkitchen,test,seq-14,redkitchen/seq-14/frame-000490.color.png,0.45914349,-0.31825477,1.0747675,0.94742985,0.112433786,-0.284252122,-0.094530701,0.6085694432258606,-0.3891151547431946,1.1771807670593262,0.9480437636375427,0.07966352999210358,-0.3002210259437561,-0.06880407780408859
redkitchen,test,seq-14,redkitchen/seq-14/frame-000491.color.png,0.4467662,-0.31495073,1.070495,0.946710762,0.117036733,-0.28130671,-0.104439793,0.5871908068656921,-0.3639189600944519,1.0978679656982422,0.9493128061294556,0.09114770591259003,-0.2890908122062683,-0.08320970833301544
redkitchen,test,seq-14,redkitchen/seq-14/frame-000492.color.png,0.43626487,-0.31072226,1.0677977,0.945965911,0.120868783,-0.278846107,-0.113066714,0.576392650604248,-0.38718003034591675,1.1036561727523804,0.9442885518074036,0.09007228165864944,-0.3030547499656677,-0.09145470708608627
redkitchen,test,seq-14,redkitchen/seq-14/frame-000493.color.png,0.42381281,-0.30616361,1.0642124,0.944810839,0.123695774,-0.277671111,-0.122190789,0.5750206112861633,-0.38774991035461426,1.1192407608032227,0.9417573809623718,0.096132792532444,-0.3057229220867157,-0.10190735757350922
redkitchen,test,seq-14,redkitchen/seq-14/frame-000494.color.png,0.41139188,-0.30206263,1.0605406,0.943228599,0.126356211,-0.277226006,-0.132286278,0.5406301021575928,-0.38643962144851685,1.1053470373153687,0.9408721327781677,0.09551923722028732,-0.303447961807251,-0.11642596125602722
redkitchen,test,seq-14,redkitchen/seq-14/frame-000495.color.png,0.39886159,-0.29982007,1.0574962,0.94150429,0.128420285,-0.276696606,-0.143237183,0.505062460899353,-0.40263819694519043,1.0900051593780518,0.9436384439468384,0.09024403244256973,-0.2940760552883148,-0.12215475738048553
redkitchen,test,seq-14,redkitchen/seq-14/frame-000496.color.png,0.38554469,-0.29684055,1.0546592,0.939635594,0.132411545,-0.274495353,-0.155577742,0.47861313819885254,-0.40318095684051514,1.0603967905044556,0.9414834976196289,0.09327325224876404,-0.29469192028045654,-0.13440795242786407
redkitchen,test,seq-14,redkitchen/seq-14/frame-000497.color.png,0.37325585,-0.29242212,1.0527385,0.937894904,0.138277487,-0.270508216,-0.167504597,0.4881110191345215,-0.42086946964263916,1.0180914402008057,0.9435707926750183,0.09544792026281357,-0.27956509590148926,-0.14969058334827423
redkitchen,test,seq-14,redkitchen/seq-14/frame-000498.color.png,0.36276945,-0.29203096,1.0509155,0.935983672,0.143771571,-0.265489993,-0.181050725,0.49969953298568726,-0.45341014862060547,0.9932313561439514,0.9395985007286072,0.10027340799570084,-0.28040066361427307,-0.16874635219573975
redkitchen,test,seq-14,redkitchen/seq-14/frame-000499.color.png,0.35122871,-0.28888583,1.048807,0.934044071,0.150402962,-0.260163767,-0.193016674,0.5143500566482544,-0.4434942603111267,1.0212205648422241,0.9372409582138062,0.10404041409492493,-0.28174492716789246,-0.17712944746017456
redkitchen,test,seq-14,redkitchen/seq-14/frame-000500.color.png,0.34160167,-0.28707018,1.0475204,0.932270132,0.154356797,-0.257320574,-0.202070536,0.4871472418308258,-0.41543716192245483,0.9623197317123413,0.9418776631355286,0.11693989485502243,-0.2586372494697571,-0.17971722781658173
redkitchen,test,seq-14,redkitchen/seq-14/frame-000501.color.png,0.33083045,-0.28706029,1.0450481,0.929534548,0.156877746,-0.258028839,-0.211603436,0.4183739721775055,-0.41286301612854004,0.9259301424026489,0.941529393196106,0.120218425989151,-0.253729909658432,-0.18625539541244507
redkitchen,test,seq-14,redkitchen/seq-14/frame-000502.color.png,0.31268746,-0.29018304,1.0408788,0.924128871,0.16385684,-0.261076348,-0.225778444,0.3620952069759369,-0.42650556564331055,0.8553717732429504,0.9456285834312439,0.12514784932136536,-0.2181590497493744,-0.20623093843460083
redkitchen,test,seq-14,redkitchen/seq-14/frame-000503.color.png,0.30679652,-0.29146475,1.0390108,0.92193905,0.169658616,-0.26133741,-0.23010237,0.35333091020584106,-0.4246913194656372,0.854095458984375,0.9384787082672119,0.12169165909290314,-0.23838381469249725,-0.2182246744632721
redkitchen,test,seq-14,redkitchen/seq-14/frame-000504.color.png,0.30028352,-0.28800699,1.0384411,0.920256841,0.175581968,-0.261136136,-0.232607475,0.3180169463157654,-0.4514017105102539,0.8765150904655457,0.933660626411438,0.12305102497339249,-0.2696293890476227,-0.2010878026485443
redkitchen,test,seq-14,redkitchen/seq-14/frame-000505.color.png,0.2926178,-0.28838634,1.0353916,0.918359066,0.178712443,-0.261386274,-0.237393564,0.3173694312572479,-0.4787956476211548,0.9325869679450989,0.922369122505188,0.13635925948619843,-0.2955227494239807,-0.20810487866401672
redkitchen,test,seq-14,redkitchen/seq-14/frame-000506.color.png,0.28784382,-0.28764901,1.0341094,0.91563143,0.182459065,-0.263819262,-0.242336897,0.32808569073677063,-0.4644620418548584,0.9368276596069336,0.9152717590332031,0.1399022936820984,-0.3126624524593353,-0.212007537484169
redkitchen,test,seq-14,redkitchen/seq-14/frame-000507.color.png,0.2825782,-0.28661349,1.0329251,0.91299311,0.186202913,-0.265109522,-0.247969751,0.33008986711502075,-0.4599185585975647,0.9156685471534729,0.9195528626441956,0.13222935795783997,-0.3039695620536804,-0.2110462486743927
redkitchen,test,seq-14,redkitchen/seq-14/frame-000508.color.png,0.27743155,-0.28652108,1.0309002,0.910133417,0.190492647,-0.266133819,-0.254052169,0.370792031288147,-0.47748714685440063,0.9266899228096008,0.9119307398796082,0.15050752460956573,-0.31005018949508667,-0.22270770370960236
redkitchen,test,seq-14,redkitchen/seq-14/frame-000509.color.png,0.27109396,-0.28686044,1.0285664,0.907331092,0.194584189,-0.267645367,-0.259332296,0.3719339370727539,-0.4543203115463257,0.91643226146698,0.9089956283569336,0.15389570593833923,-0.3148326277732849,-0.22566241025924683
redkitchen,test,seq-14,redkitchen/seq-14/frame-000510.color.png,0.2653386,-0.28657985,1.0264113,0.904412335,0.198800378,-0.268747491,-0.265125487,0.355269193649292,-0.4547528028488159,0.9166017770767212,0.8996598124504089,0.15987177193164825,-0.32934069633483887,-0.23788228631019592
redkitchen,test,seq-14,redkitchen/seq-14/frame-000511.color.png,0.25929821,-0.28561327,1.0237324,0.901619895,0.202532625,-0.269720333,-0.270763814,0.3704271614551544,-0.4674147367477417,0.930748462677002,0.8964574337005615,0.17628180980682373,-0.32195279002189636,-0.24826446175575256
redkitchen,test,seq-14,redkitchen/seq-14/frame-000512.color.png,0.25308412,-0.28286478,1.0211163,0.899639008,0.205615807,-0.272242572,-0.272499132,0.36136698722839355,-0.4486401677131653,0.9819377660751343,0.8886984586715698,0.18485376238822937,-0.33547091484069824,-0.2519990801811218
redkitchen,test,seq-14,redkitchen/seq-14/frame-000513.color.png,0.24781948,-0.28234005,1.018675,0.89743692,0.207289719,-0.276751436,-0.273946325,0.40566253662109375,-0.48428070545196533,0.9883115291595459,0.8909857869148254,0.18859846889972687,-0.32776352763175964,-0.25128886103630066
redkitchen,test,seq-14,redkitchen/seq-14/frame-000514.color.png,0.23741221,-0.28306344,1.0151407,0.892960813,0.212761871,-0.281743506,-0.279238196,0.4328944683074951,-0.47173911333084106,0.9572782516479492,0.8710891604423523,0.18709005415439606,-0.3650713264942169,-0.27004432678222656
redkitchen,test,seq-14,redkitchen/seq-14/frame-000515.color.png,0.23091355,-0.27936199,1.0135138,0.89202988,0.214895029,-0.282033674,-0.280285258,0.4698854088783264,-0.4787646532058716,1.0164302587509155,0.8647494316101074,0.19460532069206238,-0.37916508316993713,-0.26565197110176086
redkitchen,test,seq-14,redkitchen/seq-14/frame-000516.color.png,0.2247252,-0.27593219,1.0105953,0.891029092,0.213651761,-0.285542423,-0.280865816,0.4101409316062927,-0.4764454960823059,1.007106900215149,0.8629717230796814,0.21945767104625702,-0.3620188236236572,-0.27579087018966675
redkitchen,test,seq-14,redkitchen/seq-14/frame-000517.color.png,0.21913551,-0.27516794,1.0097482,0.888963173,0.211485466,-0.292441186,-0.281951283,0.40342456102371216,-0.48017460107803345,0.9918332099914551,0.864489734172821,0.21464473009109497,-0.3626406490802765,-0.2740015685558319
redkitchen,test,seq-14,redkitchen/seq-14/frame-000518.color.png,0.21444629,-0.27794352,1.0086991,0.885960628,0.210973744,-0.298042504,-0.285892482,0.36497461795806885,-0.4950317144393921,1.0275123119354248,0.865370512008667,0.2062637358903885,-0.3687068819999695,-0.26952603459358215
redkitchen,test,seq-14,redkitchen/seq-14/frame-000519.color.png,0.20732798,-0.27754772,1.006386,0.883256924,0.21232243,-0.300869079,-0.290265723,0.3384195864200592,-0.4822961688041687,0.9955731630325317,0.8591866493225098,0.199666827917099,-0.3857872486114502,-0.2703694999217987
redkitchen,test,seq-14,redkitchen/seq-14/frame-000520.color.png,0.20438674,-0.27545464,1.0054623,0.880516607,0.213872638,-0.303535056,-0.294644649,0.37395429611206055,-0.48495399951934814,1.0372346639633179,0.8430154919624329,0.21225608885288239,-0.40678247809410095,-0.2807137668132782
redkitchen,test,seq-14,redkitchen/seq-14/frame-000521.color.png,0.20032296,-0.27170846,1.003621,0.878267097,0.214334978,-0.307574377,-0.296825583,0.3838447034358978,-0.4815205931663513,1.050474762916565,0.8269200921058655,0.20998544991016388,-0.429781436920166,-0.2956302762031555
redkitchen,test,seq-14,redkitchen/seq-14/frame-000522.color.png,0.20057416,-0.2703048,1.0033951,0.87482943,0.214371574,-0.314786706,-0.299378733,0.3685045540332794,-0.47210657596588135,1.0040093660354614,0.8434112668037415,0.19540712237358093,-0.4087772071361542,-0.28874677419662476
redkitchen,test,seq-14,redkitchen/seq-14/frame-000523.color.png,0.20192578,-0.27017659,1.0051439,0.870524719,0.216079587,-0.32161984,-0.303408973,0.4767957031726837,-0.49353867769241333,0.99223393201828,0.8401288986206055,0.20937888324260712,-0.4098551869392395,-0.2869887948036194
redkitchen,test,seq-14,redkitchen/seq-14/frame-000524.color.png,0.20244814,-0.27005783,1.00475,0.867735901,0.218412827,-0.325259358,-0.305837528,0.4913598895072937,-0.490753710269928,1.0386097431182861,0.8298313021659851,0.21223782002925873,-0.42382192611694336,-0.2944658100605011
redkitchen,test,seq-14,redkitchen/seq-14/frame-000525.color.png,0.2066129,-0.26664689,1.0035384,0.864226817,0.220159448,-0.333594516,-0.305543001,0.514251172542572,-0.5062955617904663,1.0993714332580566,0.8030794262886047,0.22339481115341187,-0.4602404236793518,-0.30551090836524963
redkitchen,test,seq-14,redkitchen/seq-14/frame-000526.color.png,0.21209696,-0.26747909,1.0047777,0.861503189,0.219860824,-0.34210405,-0.304036662,0.4726901054382324,-0.48543381690979004,1.1273382902145386,0.7967829704284668,0.22280040383338928,-0.46813714504241943,-0.3103943467140198
redkitchen,test,seq-14,redkitchen/seq-14/frame-000527.color.png,0.21834192,-0.26844081,1.0071211,0.858218368,0.22097467,-0.3515316,-0.301756461,0.4766690135002136,-0.4963233470916748,1.103426218032837,0.8000689148902893,0.21788455545902252,-0.46917304396629333,-0.3037972152233124
redkitchen,test,seq-14,redkitchen/seq-14/frame-000528.color.png,0.22399615,-0.27000636,1.0081644,0.854713186,0.223242788,-0.358839252,-0.301433938,0.4412040710449219,-0.48111724853515625,1.0562528371810913,0.8062068223953247,0.21917375922203064,-0.45729342103004456,-0.3047557771205902
redkitchen,test,seq-14,redkitchen/seq-14/frame-000529.color.png,0.22962868,-0.27172554,1.0071157,0.851831713,0.225174101,-0.36380718,-0.302198103,0.46289995312690735,-0.48221296072006226,1.077796220779419,0.7927999496459961,0.22364331781864166,-0.475778192281723,-0.3083619475364685
redkitchen,test,seq-14,redkitchen/seq-14/frame-000530.color.png,0.23710831,-0.27277502,1.0068125,0.848846976,0.22767116,-0.369088872,-0.302321119,0.48711663484573364,-0.5041597485542297,1.0736193656921387,0.7843896150588989,0.22421562671661377,-0.4858624339103699,-0.31368470191955566
redkitchen,test,seq-14,redkitchen/seq-14/frame-000531.color.png,0.24539301,-0.27404669,1.0085924,0.846378448,0.230318358,-0.374722388,-0.30030003,0.5139621496200562,-0.5108169913291931,1.1050199270248413,0.7849764823913574,0.22043125331401825,-0.49253425002098083,-0.3043551445007324
redkitchen,test,seq-14,redkitchen/seq-14/frame-000532.color.png,0.26160485,-0.27386194,1.0099499,0.842249684,0.234372967,-0.382758544,-0.298631343,0.44556480646133423,-0.49356019496917725,1.0682932138442993,0.771980345249176,0.22452224791049957,-0.5043242573738098,-0.31510815024375916
redkitchen,test,seq-14,redkitchen/seq-14/frame-000533.color.png,0.27003363,-0.27431595,1.0088036,0.84137239,0.233188534,-0.386929944,-0.296649334,0.49861788749694824,-0.52322918176651,1.1131556034088135,0.7644379734992981,0.22127224504947662,-0.5208179950714111,-0.30890411138534546
redkitchen,test,seq-14,redkitchen/seq-14/frame-000534.color.png,0.28066134,-0.27489546,1.0109361,0.839623752,0.231862821,-0.394070178,-0.293223946,0.4809982478618622,-0.519173264503479,1.1041560173034668,0.7714200615882874,0.21509237587451935,-0.5169947147369385,-0.3022627830505371
redkitchen,test,seq-14,redkitchen/seq-14/frame-000535.color.png,0.28968036,-0.27542779,1.011597,0.838216626,0.229686379,-0.399933033,-0.291016537,0.5433152318000793,-0.5421012043952942,1.1261714696884155,0.7645686268806458,0.22339937090873718,-0.5169505476951599,-0.3135117292404175
redkitchen,test,seq-14,redkitchen/seq-14/frame-000536.color.png,0.29761386,-0.27808544,1.0110412,0.837329548,0.227199946,-0.403155334,-0.291075915,0.5178249478340149,-0.5734086632728577,1.165771722793579,0.7610846161842346,0.21871709823608398,-0.5245806574821472,-0.3126148581504822
redkitchen,test,seq-14,redkitchen/seq-14/frame-000537.color.png,0.30713609,-0.28063887,1.010869,0.837079731,0.225561046,-0.405717581,-0.289504721,0.5231395363807678,-0.5721675753593445,1.1665359735488892,0.767910897731781,0.21893134713172913,-0.5189597606658936,-0.3050617277622223
redkitchen,test,seq-14,redkitchen/seq-14/frame-000538.color.png,0.31788796,-0.2794098,1.0122945,0.836250908,0.225712579,-0.408534122,-0.287816123,0.4968329071998596,-0.565910816192627,1.1542946100234985,0.7715733051300049,0.2137700915336609,-0.5176272988319397,-0.3017265796661377
redkitchen,test,seq-14,redkitchen/seq-14/frame-000539.color.png,0.32751572,-0.27967688,1.0106864,0.835682025,0.224744742,-0.41008925,-0.288014167,0.4962717294692993,-0.5601901412010193,1.1590160131454468,0.7644476294517517,0.21647149324417114,-0.5262691378593445,-0.3029862344264984
redkitchen,test,seq-14,redkitchen/seq-14/frame-000540.color.png,0.3506442,-0.27709931,1.008836,0.836024542,0.219043359,-0.416075719,-0.282779009,0.45730385184288025,-0.5524607300758362,1.166069507598877,0.7684475779533386,0.20955106616020203,-0.5293379426002502,-0.292195200920105
redkitchen,test,seq-14,redkitchen/seq-14/frame-000541.color.png,0.36454052,-0.27789539,1.0100785,0.836037676,0.214593731,-0.420879596,-0.279017742,0.5019442439079285,-0.5589107871055603,1.1569932699203491,0.7749393582344055,0.20268118381500244,-0.5246318578720093,-0.2883586585521698
redkitchen,test,seq-14,redkitchen/seq-14/frame-000542.color.png,0.37704089,-0.28017104,1.0096353,0.836086852,0.20994397,-0.425108398,-0.275980353,0.47949913144111633,-0.546596109867096,1.1476902961730957,0.7724300026893616,0.2009405791759491,-0.5293756723403931,-0.28763917088508606
redkitchen,test,seq-14,redkitchen/seq-14/frame-000543.color.png,0.38784167,-0.28136307,1.0092577,0.836531865,0.207512403,-0.426987164,-0.273559869,0.4647196829319,-0.5476346015930176,1.1434334516525269,0.7794406414031982,0.19708122313022614,-0.5240604281425476,-0.28105485439300537
redkitchen,test,seq-14,redkitchen/seq-14/frame-000544.color.png,0.39991713,-0.2833266,1.0084749,0.837331319,0.205576637,-0.428725259,-0.269831726,0.4921029210090637,-0.5603615641593933,1.161407470703125,0.7830230593681335,0.19481053948402405,-0.5195420980453491,-0.28106889128685
redkitchen,test,seq-14,redkitchen/seq-14/frame-000545.color.png,0.41393182,-0.2821736,1.0090207,0.838324296,0.203962769,-0.431041866,-0.264224284,0.5079477429389954,-0.5349764227867126,1.1439653635025024,0.7882345914840698,0.19047260284423828,-0.5161324143409729,-0.27570584416389465
redkitchen,test,seq-14,redkitchen/seq-14/frame-000546.color.png,0.42872146,-0.28047282,1.0106237,0.839135563,0.200144586,-0.435408244,-0.257319476,0.5619245767593384,-0.5076119303703308,1.1811250448226929,0.8003044724464417,0.18335960805416107,-0.5090705752372742,-0.2583392560482025
redkitchen,test,seq-14,redkitchen/seq-14/frame-000547.color.png,0.45775503,-0.28716856,1.0150565,0.838476352,0.187544134,-0.448688631,-0.245892491,0.5482110381126404,-0.5142631530761719,1.1831037998199463,0.8142299056053162,0.1680930256843567,-0.5018042325973511,-0.2386777698993683
redkitchen,test,seq-14,redkitchen/seq-14/frame-000548.color.png,0.4700008,-0.29243162,1.0166981,0.838133575,0.184645144,-0.452373268,-0.242480326,0.485172837972641,-0.5101029276847839,1.1316406726837158,0.8136121034622192,0.16276752948760986,-0.5046089291572571,-0.23856185376644135
redkitchen,test,seq-14,redkitchen/seq-14/frame-000549.color.png,0.48228055,-0.29382166,1.0172107,0.839048861,0.184375318,-0.45296296,-0.238384788,0.5976269841194153,-0.5457202792167664,1.208984613418579,0.8176015615463257,0.16213186085224152,-0.5034100413322449,-0.22763870656490326
redkitchen,test,seq-14,redkitchen/seq-14/frame-000550.color.png,0.49376753,-0.2943168,1.0170841,0.840396287,0.184652048,-0.452415895,-0.234430286,0.598111093044281,-0.5363335609436035,1.1781883239746094,0.8188735246658325,0.16562266647815704,-0.4974813163280487,-0.23351120948791504
redkitchen,test,seq-14,redkitchen/seq-14/frame-000551.color.png,0.50584823,-0.29447788,1.0183122,0.841709151,0.183364103,-0.45331134,-0.228936978,0.5692671537399292,-0.5241090059280396,1.1427322626113892,0.8194825649261475,0.1656591147184372,-0.495083749294281,-0.2364262044429779
redkitchen,test,seq-14,redkitchen/seq-14/frame-000552.color.png,0.52981627,-0.29771519,1.0222359,0.842563455,0.180043356,-0.45749687,-0.21992687,0.6261207461357117,-0.5126910209655762,1.1721642017364502,0.8242313265800476,0.1618102639913559,-0.49374353885650635,-0.22511622309684753
redkitchen,test,seq-14,redkitchen/seq-14/frame-000553.color.png,0.54080349,-0.29820147,1.0238777,0.843976797,0.18035748,-0.456591265,-0.216098964,0.6962674856185913,-0.5412299633026123,1.2152353525161743,0.8288935422897339,0.16215969622135162,-0.48999613523483276,-0.21573957800865173
redkitchen,test,seq-14,redkitchen/seq-14/frame-000554.color.png,0.55173635,-0.29922405,1.0254419,0.845359398,0.180267664,-0.455180705,-0.213732507,0.6759998798370361,-0.5204688906669617,1.1733179092407227,0.8306958079338074,0.1595553159713745,-0.48851412534713745,-0.2141040414571762
redkitchen,test,seq-14,redkitchen/seq-14/frame-000555.color.png,0.56002522,-0.30163243,1.0243589,0.846814263,0.180689644,-0.453063769,-0.212108646,0.7289146780967712,-0.5251256823539734,1.224178671836853,0.8342359066009521,0.16102302074432373,-0.4830429255962372,-0.21164026856422424
redkitchen,test,seq-14,redkitchen/seq-14/frame-000556.color.png,0.57092065,-0.30204216,1.0259511,0.848441607,0.182995767,-0.450887363,-0.208230583,0.83954256772995,-0.5405009388923645,1.21853506565094,0.843517541885376,0.15313979983329773,-0.47449612617492676,-0.19969910383224487
redkitchen,test,seq-14,redkitchen/seq-14/frame-000557.color.png,0.58124936,-0.30076832,1.0257498,0.851368305,0.184788785,-0.446895816,-0.203246757,0.8304728269577026,-0.5507705807685852,1.204440951347351,0.8413563966751099,0.14983735978603363,-0.48040783405303955,-0.19717127084732056
redkitchen,test,seq-14,redkitchen/seq-14/frame-000558.color.png,0.6019218,-0.29914749,1.0278771,0.857588099,0.180973841,-0.441735541,-0.191470191,0.8276696801185608,-0.5421497821807861,1.2311298847198486,0.8444470167160034,0.14020293951034546,-0.4817867875099182,-0.18744026124477386
redkitchen,test,seq-14,redkitchen/seq-14/frame-000559.color.png,0.61143237,-0.29638612,1.0286723,0.860276851,0.176167225,-0.442220382,-0.182565007,0.8711344003677368,-0.5554133653640747,1.2161338329315186,0.8508633375167847,0.13088788092136383,-0.47447669506073,-0.18377089500427246
redkitchen,test,seq-14,redkitchen/seq-14/frame-000560.color.png,0.62222785,-0.30013373,1.0323226,0.861512318,0.168853943,-0.445281455,-0.176094571,0.9585541486740112,-0.5594336986541748,1.2516356706619263,0.8498626351356506,0.12461689114570618,-0.47840142250061035,-0.18258216977119446
redkitchen,test,seq-14,redkitchen/seq-14/frame-000561.color.png,0.63498771,-0.30481845,1.0389495,0.862622305,0.164031518,-0.44678356,-0.17135014,0.9997787475585938,-0.5730372667312622,1.2931159734725952,0.8580137491226196,0.11909660696983337,-0.4696367383003235,-0.17049850523471832
redkitchen,test,seq-14,redkitchen/seq-14/frame-000562.color.png,0.64702612,-0.30750003,1.0442576,0.864713463,0.159904284,-0.446289958,-0.16591118,1.0179051160812378,-0.5686344504356384,1.287936806678772,0.8593384623527527,0.1171066090464592,-0.46779823303222656,-0.17025919258594513
redkitchen,test,seq-14,redkitchen/seq-14/frame-000563.color.png,0.65695632,-0.30913061,1.045307,0.866975875,0.157953585,-0.444296874,-0.161256889,1.0147595405578613,-0.5720015168190002,1.3106456995010376,0.8619584441184998,0.11585815250873566,-0.4651240110397339,-0.1651190221309662
redkitchen,test,seq-14,redkitchen/seq-14/frame-000564.color.png,0.67996174,-0.31106377,1.0504745,0.872007096,0.151087779,-0.441574553,-0.147607659,1.0121009349822998,-0.5609564781188965,1.2628310918807983,0.8737832307815552,0.10193104296922684,-0.45013394951820374,-0.1532720923423767
redkitchen,test,seq-14,redkitchen/seq-14/frame-000565.color.png,0.6928786,-0.31386817,1.0539143,0.873089368,0.146306995,-0.442950907,-0.141787561,1.028471827507019,-0.5254992842674255,1.2393548488616943,0.8770661950111389,0.11024507880210876,-0.4418387711048126,-0.1529029905796051
redkitchen,test,seq-14,redkitchen/seq-14/frame-000566.color.png,0.70836091,-0.31961399,1.0607761,0.87237721,0.14262661,-0.447020246,-0.137071345,1.001679539680481,-0.5188093781471252,1.2505481243133545,0.8807616829872131,0.10752512514591217,-0.43788769841194153,-0.14474643766880035
redkitchen,test,seq-14,redkitchen/seq-14/frame-000567.color.png,0.72129238,-0.32170999,1.0658185,0.871550239,0.143213862,-0.449231284,-0.134466442,1.0354008674621582,-0.5479906797409058,1.2430788278579712,0.8748090863227844,0.10537755489349365,-0.4500543177127838,-0.14510588347911835
redkitchen,test,seq-14,redkitchen/seq-14/frame-000568.color.png,0.73553485,-0.32086721,1.0713483,0.871820359,0.144962529,-0.449314479,-0.130505274,1.0202690362930298,-0.5532746315002441,1.2513623237609863,0.8720446228981018,0.10595908761024475,-0.45552030205726624,-0.14426395297050476
redkitchen,test,seq-14,redkitchen/seq-14/frame-000569.color.png,0.74893838,-0.32144651,1.0740105,0.872422494,0.144877182,-0.449560462,-0.125638311,1.1039139032363892,-0.5506312847137451,1.27101469039917,0.8722239136695862,0.10505501925945282,-0.4570866525173187,-0.13878273963928223
redkitchen,test,seq-14,redkitchen/seq-14/frame-000570.color.png,0.76333475,-0.32250282,1.0770925,0.872189481,0.144677984,-0.451190474,-0.121576919,1.0998414754867554,-0.5443241000175476,1.2823143005371094,0.8744538426399231,0.10139156132936478,-0.45562493801116943,-0.13212183117866516
redkitchen,test,seq-14,redkitchen/seq-14/frame-000571.color.png,0.79359055,-0.32843515,1.0846488,0.872073965,0.143768864,-0.452851069,-0.117232341,1.1251956224441528,-0.5325314998626709,1.2687212228775024,0.8748772144317627,0.1018337607383728,-0.45628485083580017,-0.12658552825450897
redkitchen,test,seq-14,redkitchen/seq-14/frame-000572.color.png,0.80650312,-0.32688335,1.0861597,0.872984703,0.142967547,-0.452688586,-0.111942094,1.027152180671692,-0.535606324672699,1.2482860088348389,0.8858857750892639,0.1022835299372673,-0.4372712969779968,-0.11635418236255646
redkitchen,test,seq-14,redkitchen/seq-14/frame-000573.color.png,0.82036155,-0.33024618,1.0882258,0.873542926,0.141118735,-0.453297913,-0.107374398,1.0467056035995483,-0.5271963477134705,1.256548523902893,0.8857355713844299,0.10535413026809692,-0.43823304772377014,-0.11101704835891724
redkitchen,test,seq-14,redkitchen/seq-14/frame-000574.color.png,0.83272821,-0.33007637,1.0888052,0.874249724,0.141357395,-0.452774648,-0.103443824,1.0288605690002441,-0.5349783301353455,1.2699229717254639,0.8813263177871704,0.10071495175361633,-0.4472530484199524,-0.11439067125320435
redkitchen,test,seq-14,redkitchen/seq-14/frame-000575.color.png,0.84528708,-0.33002749,1.0891761,0.876067856,0.14347828,-0.449129542,-0.101003711,1.059231162071228,-0.5645630955696106,1.2857234477996826,0.8760690093040466,0.10148065537214279,-0.45744267106056213,-0.11380212008953094
redkitchen,test,seq-14,redkitchen/seq-14/frame-000576.color.png,0.85553783,-0.32653007,1.0889958,0.879406872,0.143985514,-0.443509581,-0.095973829,1.0319862365722656,-0.5493425726890564,1.2815972566604614,0.8775621056556702,0.09480243921279907,-0.4579654037952423,-0.10566387325525284
redkitchen,test,seq-14,redkitchen/seq-14/frame-000577.color.png,0.8646602,-0.32763454,1.0866089,0.88263292,0.14043868,-0.439282032,-0.090925253,1.0135992765426636,-0.5300864577293396,1.265230417251587,0.8902097940444946,0.09171432256698608,-0.43755266070365906,-0.08753670006990433
redkitchen,test,seq-14,redkitchen/seq-14/frame-000578.color.png,0.88734186,-0.32863581,1.0898061,0.885645679,0.132107057,-0.438346244,-0.077666123,0.9478640556335449,-0.509157121181488,1.2323503494262695,0.8954750299453735,0.0848287045955658,-0.4309363067150116,-0.0722660943865776
redkitchen,test,seq-14,redkitchen/seq-14/frame-000579.color.png,0.89704931,-0.33341148,1.0906043,0.887752073,0.126342443,-0.436699958,-0.072297927,0.8737936615943909,-0.5118526816368103,1.193690538406372,0.9001793265342712,0.07721439003944397,-0.4246830642223358,-0.05796023830771446
redkitchen,test,seq-14,redkitchen/seq-14/frame-000580.color.png,0.90341258,-0.33446407,1.0874971,0.890250117,0.12149631,-0.434127259,-0.065014603,0.8547343611717224,-0.502160370349884,1.2209168672561646,0.9065789580345154,0.07534342259168625,-0.4125215411186218,-0.04758106544613838
redkitchen,test,seq-14,redkitchen/seq-14/frame-000581.color.png,0.9107334,-0.3334721,1.0876857,0.891588689,0.117641473,-0.433780772,-0.055356434,0.892277717590332,-0.4939776062965393,1.2504398822784424,0.9035042524337769,0.08029201626777649,-0.41889652609825134,-0.04193980246782303
redkitchen,test,seq-14,redkitchen/seq-14/frame-000582.color.png,0.91623956,-0.33176443,1.0849894,0.892988517,0.11289319,-0.433300828,-0.045574424,0.8223868012428284,-0.47048187255859375,1.2576626539230347,0.9100187420845032,0.06770656257867813,-0.4086490869522095,-0.01695890724658966
redkitchen,test,seq-14,redkitchen/seq-14/frame-000583.color.png,0.91812128,-0.33072257,1.0772927,0.894998261,0.104754051,-0.432977344,-0.023137022,0.8536110520362854,-0.4784066677093506,1.2767947912216187,0.9105648398399353,0.05623442679643631,-0.4094921052455902,0.005061578471213579
redkitchen,test,seq-14,redkitchen/seq-14/frame-000584.color.png,0.91857594,-0.32928231,1.0753549,0.894957363,0.102949152,-0.433857477,-0.014848615,0.8042407631874084,-0.4866717457771301,1.2522552013397217,0.9132869243621826,0.05525779724121094,-0.4031573534011841,0.01782693900167942
redkitchen,test,seq-14,redkitchen/seq-14/frame-000585.color.png,0.91709435,-0.32778558,1.0735344,0.895253452,0.100223244,-0.434124485,-0.003534033,0.7574856877326965,-0.47696489095687866,1.2498230934143066,0.9167486429214478,0.052261777222156525,-0.3950566053390503,0.02776523120701313
redkitchen,test,seq-14,redkitchen/seq-14/frame-000586.color.png,0.91508478,-0.32852286,1.0723379,0.89450165,0.096432098,-0.436500694,0.005898616,0.776901125907898,-0.4916289448738098,1.2238569259643555,0.9162783026695251,0.05370788276195526,-0.39551177620887756,0.03346725180745125
redkitchen,test,seq-14,redkitchen/seq-14/frame-000587.color.png,0.90966493,-0.32824236,1.0718269,0.890602663,0.088111813,-0.445525977,0.023870659,0.7691252827644348,-0.5070703625679016,1.1776113510131836,0.9117452502250671,0.053266704082489014,-0.4051082730293274,0.042077578604221344
redkitchen,test,seq-14,redkitchen/seq-14/frame-000588.color.png,0.90405661,-0.32573101,1.0729368,0.887455478,0.084800529,-0.451963761,0.030990388,0.7495779395103455,-0.5258180499076843,1.1488507986068726,0.908083438873291,0.05214744433760643,-0.4130784571170807,0.04506983235478401
redkitchen,test,seq-14,redkitchen/seq-14/frame-000589.color.png,0.89999366,-0.32363653,1.0744094,0.884604508,0.080758787,-0.457760176,0.037530037,0.6760339140892029,-0.4848511815071106,1.1202800273895264,0.9058977961540222,0.050287876278162,-0.41723617911338806,0.052289679646492004
redkitchen,test,seq-14,redkitchen/seq-14/frame-000590.color.png,0.89048135,-0.32578057,1.0727345,0.882349488,0.076498765,-0.462162049,0.04487271,0.6395025849342346,-0.4994106888771057,1.1370536088943481,0.905969500541687,0.045757927000522614,-0.41688084602355957,0.05775703489780426
redkitchen,test,seq-14,redkitchen/seq-14/frame-000591.color.png,0.870794,-0.32091159,1.07024,0.878460045,0.075501419,-0.468278334,0.05764449,0.5917842984199524,-0.47605717182159424,1.10446035861969,0.9017608761787415,0.04147017374634743,-0.4246193766593933,0.069324791431427
redkitchen,test,seq-14,redkitchen/seq-14/frame-000592.color.png,0.85979664,-0.31689647,1.0682982,0.876800159,0.076622909,-0.470511221,0.063004769,0.6122990846633911,-0.48590749502182007,1.1097218990325928,0.8972946405410767,0.03931596130132675,-0.4324224293231964,0.07954443246126175
redkitchen,test,seq-14,redkitchen/seq-14/frame-000593.color.png,0.84635752,-0.30990514,1.0633321,0.876767305,0.078852623,-0.469624279,0.067189238,0.5699180364608765,-0.48566222190856934,1.1299973726272583,0.9084464907646179,0.042003583163022995,-0.4078710973262787,0.081252321600914
redkitchen,test,seq-14,redkitchen/seq-14/frame-000594.color.png,0.81401676,-0.29872549,1.0485173,0.879173806,0.081115608,-0.463502653,0.075093056,0.5761464238166809,-0.5004380345344543,1.1327354907989502,0.9122288823127747,0.043595120310783386,-0.39684179425239563,0.0919484868645668
redkitchen,test,seq-14,redkitchen/seq-14/frame-000595.color.png,0.79697126,-0.29872981,1.0410318,0.88020152,0.081428183,-0.460587572,0.080460078,0.5187634825706482,-0.5030167102813721,1.1244550943374634,0.910807728767395,0.04310601204633713,-0.3972879648208618,0.10360188037157059
redkitchen,test,seq-14,redkitchen/seq-14/frame-000596.color.png,0.77893364,-0.29025975,1.0330875,0.881465346,0.087708875,-0.456092426,0.085473362,0.5722446441650391,-0.45771878957748413,1.068333625793457,0.9043493270874023,0.031709711998701096,-0.4096674621105194,0.11540920287370682
redkitchen,test,seq-14,redkitchen/seq-14/frame-000597.color.png,0.73164403,-0.2750752,1.0068084,0.891686892,0.092204995,-0.432933771,0.094662955,0.5566901564598083,-0.4555392861366272,1.1288715600967407,0.9065408706665039,0.03862733021378517,-0.4045691192150116,0.11408544331789017
redkitchen,test,seq-14,redkitchen/seq-14/frame-000598.color.png,0.70679975,-0.27805218,0.99445128,0.894932095,0.091388575,-0.425987609,0.096328758,0.49590885639190674,-0.4332941174507141,1.1115400791168213,0.9177097082138062,0.04933968186378479,-0.3764174282550812,0.1169806495308876
redkitchen,test,seq-14,redkitchen/seq-14/frame-000599.color.png,0.65933096,-0.26969716,0.97615039,0.900324207,0.095424119,-0.413089476,0.098324177,0.48331430554389954,-0.4465545415878296,1.0864825248718262,0.9129022359848022,0.044615086168050766,-0.3882807195186615,0.11771618574857712
redkitchen,test,seq-14,redkitchen/seq-14/frame-000600.color.png,0.63531274,-0.26978499,0.96843439,0.902565654,0.095832634,-0.407544819,0.100491628,0.46449482440948486,-0.42968690395355225,1.0993062257766724,0.9221609234809875,0.053614165633916855,-0.3631054759025574,0.12206235527992249
redkitchen,test,seq-14,redkitchen/seq-14/frame-000601.color.png,0.61469036,-0.26613408,0.96300304,0.90435147,0.098299747,-0.403118492,0.09990526,0.4415576756000519,-0.4333535432815552,1.1134226322174072,0.9219582080841064,0.04813632369041443,-0.3639204502105713,0.12344186753034592
redkitchen,test,seq-14,redkitchen/seq-14/frame-000602.color.png,0.59272069,-0.26318589,0.95699835,0.906534156,0.100445831,-0.397227537,0.101571371,0.4568590521812439,-0.44112759828567505,1.1286969184875488,0.9219704866409302,0.04727419838309288,-0.3641936779022217,0.12287603318691254
redkitchen,test,seq-14,redkitchen/seq-14/frame-000603.color.png,0.54945856,-0.26042739,0.94709843,0.910213278,0.103950697,-0.387349414,0.103278614,0.5206511616706848,-0.4517953395843506,1.1096513271331787,0.9229941964149475,0.04917537048459053,-0.3602154552936554,0.12612812221050262
redkitchen,test,seq-14,redkitchen/seq-14/frame-000604.color.png,0.52849776,-0.26007423,0.94318807,0.911682094,0.105869297,-0.383103467,0.104207413,0.5185338854789734,-0.4616444706916809,1.1363881826400757,0.9265313744544983,0.05464600399136543,-0.3517678678035736,0.12170761078596115
redkitchen,test,seq-14,redkitchen/seq-14/frame-000605.color.png,0.51038325,-0.26012817,0.93934286,0.913404035,0.107230075,-0.378779069,0.103543208,0.517467200756073,-0.4652404189109802,1.1133008003234863,0.9268037676811218,0.054772354662418365,-0.352323442697525,0.11791084706783295
redkitchen,test,seq-14,redkitchen/seq-14/frame-000606.color.png,0.49121106,-0.26176333,0.93590838,0.915030831,0.109004286,-0.374210982,0.103936448,0.5328092575073242,-0.46795910596847534,1.1363900899887085,0.9267179369926453,0.050605203956365585,-0.351844847202301,0.12181197106838226
redkitchen,test,seq-14,redkitchen/seq-14/frame-000607.color.png,0.45269361,-0.26359674,0.93113148,0.918395019,0.116877625,-0.364187713,0.101279416,0.5302372574806213,-0.5219910144805908,1.1911331415176392,0.9299028515815735,0.050827447324991226,-0.3448113799095154,0.11748379468917847
redkitchen,test,seq-14,redkitchen/seq-14/frame-000608.color.png,0.43480375,-0.26299757,0.92989987,0.920587958,0.120248282,-0.358153948,0.09891366,0.5521278381347656,-0.5201408267021179,1.2130521535873413,0.9288275241851807,0.05297026410698891,-0.3491465747356415,0.11211703717708588
redkitchen,test,seq-14,redkitchen/seq-14/frame-000609.color.png,0.41614997,-0.26346636,0.92992145,0.922783981,0.123119058,-0.35166161,0.098211677,0.5424709916114807,-0.5278399586677551,1.2177245616912842,0.9303945302963257,0.05524088814854622,-0.3454831838607788,0.10934238880872726
redkitchen,test,seq-14,redkitchen/seq-14/frame-000610.color.png,0.39659196,-0.26759282,0.92919612,0.924813855,0.124200166,-0.345661589,0.099054119,0.5062745809555054,-0.5460185408592224,1.2014192342758179,0.9356906414031982,0.05738326907157898,-0.32911741733551025,0.11345389485359192
redkitchen,test,seq-14,redkitchen/seq-14/frame-000611.color.png,0.37934873,-0.27100119,0.92979985,0.92589129,0.124270357,-0.342511738,0.099839403,0.5187591314315796,-0.5484301447868347,1.1786034107208252,0.9346311092376709,0.0574653223156929,-0.3336062431335449,0.10894618183374405
redkitchen,test,seq-14,redkitchen/seq-14/frame-000612.color.png,0.34498817,-0.27484965,0.93117326,0.928355836,0.128450471,-0.335098611,0.096772101,0.5167191624641418,-0.5472084879875183,1.2502079010009766,0.9366764426231384,0.06023656949400902,-0.32981231808662415,0.10115543007850647
redkitchen,test,seq-14,redkitchen/seq-14/frame-000613.color.png,0.32619032,-0.27899382,0.93099898,0.930631699,0.129558318,-0.328798064,0.095032188,0.4802384674549103,-0.5472894906997681,1.2543723583221436,0.9405719637870789,0.06566023081541061,-0.31983914971351624,0.09336032718420029
redkitchen,test,seq-14,redkitchen/seq-14/frame-000614.color.png,0.30746615,-0.28391662,0.93221062,0.933077726,0.130862111,-0.322331827,0.091341443,0.5169700980186462,-0.568382203578949,1.2789013385772705,0.9401215314865112,0.0646977424621582,-0.3199548125267029,0.09805334359407425
redkitchen,test,seq-14,redkitchen/seq-14/frame-000615.color.png,0.28977883,-0.28173468,0.93633431,0.935633994,0.134389238,-0.314023151,0.088983268,0.5531725287437439,-0.5358965992927551,1.265273928642273,0.9384005069732666,0.06405588984489441,-0.3257031738758087,0.09601457417011261
redkitchen,test,seq-14,redkitchen/seq-14/frame-000616.color.png,0.27120709,-0.28240937,0.9413743,0.938866565,0.133915115,-0.304625057,0.088316985,0.5505717396736145,-0.532665491104126,1.2795392274856567,0.946658730506897,0.07046014070510864,-0.30194902420043945,0.08774662017822266
redkitchen,test,seq-14,redkitchen/seq-14/frame-000617.color.png,0.25184795,-0.28949404,0.9448911,0.941721275,0.132593769,-0.296787111,0.086587197,0.5137201547622681,-0.5553192496299744,1.2853913307189941,0.9474061727523804,0.07130690664052963,-0.3008463382720947,0.08263390511274338
redkitchen,test,seq-14,redkitchen/seq-14/frame-000618.color.png,0.23403856,-0.28484815,0.9539485,0.943826389,0.134827832,-0.290213883,0.082396031,0.5151923894882202,-0.554726243019104,1.2812737226486206,0.9466132521629333,0.07349696755409241,-0.304340660572052,0.0768001452088356
redkitchen,test,seq-14,redkitchen/seq-14/frame-000619.color.png,0.2180624,-0.2861293,0.96147507,0.94633322,0.136436493,-0.282859454,0.076348211,0.5882479548454285,-0.5425695776939392,1.2866922616958618,0.948335587978363,0.07798895239830017,-0.2982333302497864,0.07506199926137924
redkitchen,test,seq-14,redkitchen/seq-14/frame-000620.color.png,0.17969845,-0.29338756,0.97469366,0.950469953,0.134161137,-0.271028522,0.071771851,0.5056881308555603,-0.5835328698158264,1.3181681632995605,0.9527095556259155,0.0826975479722023,-0.2832447290420532,0.0726499930024147
redkitchen,test,seq-14,redkitchen/seq-14/frame-000621.color.png,0.16244432,-0.29481539,0.98220658,0.952552432,0.1341432,-0.264059002,0.070159173,0.5122553110122681,-0.5673804879188538,1.3178247213363647,0.9545283913612366,0.08665923774242401,-0.2769283056259155,0.06838435679674149
redkitchen,test,seq-14,redkitchen/seq-14/frame-000622.color.png,0.14596812,-0.29671383,0.99077749,0.954783397,0.132331439,-0.256774027,0.070314679,0.46805471181869507,-0.5551347732543945,1.319288730621338,0.9586568474769592,0.09745833277702332,-0.25708818435668945,0.07337949424982071
redkitchen,test,seq-14,redkitchen/seq-14/frame-000623.color.png,0.12790011,-0.30154061,0.99862355,0.956719457,0.129838228,-0.250290592,0.072003712,0.4881962835788727,-0.5667411684989929,1.3706060647964478,0.9590829014778137,0.09120651334524155,-0.25981974601745605,0.06584130227565765
redkitchen,test,seq-14,redkitchen/seq-14/frame-000624.color.png,0.11034161,-0.31026456,1.0047072,0.958612093,0.126259972,-0.243981616,0.074794684,0.48357197642326355,-0.5579255819320679,1.3540043830871582,0.9618520736694336,0.08446697145700455,-0.24841377139091492,0.07743753492832184
redkitchen,test,seq-14,redkitchen/seq-14/frame-000625.color.png,0.093727201,-0.31564,1.0120772,0.960040544,0.122918913,-0.238606549,0.079246511,0.4887787401676178,-0.5664849877357483,1.3612282276153564,0.9600338935852051,0.0772218182682991,-0.25695040822029114,0.0796753391623497
redkitchen,test,seq-14,redkitchen/seq-14/frame-000626.color.png,0.079363428,-0.32094607,1.0187153,0.961422042,0.12140388,-0.232340924,0.083345367,0.5096608400344849,-0.5626234412193298,1.3360276222229004,0.9560162425041199,0.07599231600761414,-0.2690804600715637,0.0886213406920433
redkitchen,test,seq-14,redkitchen/seq-14/frame-000627.color.png,0.067322508,-0.31581441,1.0298774,0.962292007,0.123264401,-0.224962836,0.090508024,0.4290778338909149,-0.5253046751022339,1.3173069953918457,0.9515207409858704,0.08529403060674667,-0.27380895614624023,0.11118440330028534
redkitchen,test,seq-14,redkitchen/seq-14/frame-000628.color.png,0.054859187,-0.31753454,1.0364711,0.964002277,0.124891787,-0.214905954,0.094430302,0.46791067719459534,-0.5409348011016846,1.3072599172592163,0.9570212364196777,0.08840247988700867,-0.2622993290424347,0.0865694060921669
redkitchen,test,seq-14,redkitchen/seq-14/frame-000629.color.png,0.040319584,-0.32439315,1.0407944,0.966456838,0.123065517,-0.204126911,0.095646548,0.47977370023727417,-0.5415794849395752,1.289017677307129,0.9619789719581604,0.07659338414669037,-0.24658888578414917,0.08901602029800415
redkitchen,test,seq-14,redkitchen/seq-14/frame-000630.color.png,0.02730101,-0.33450368,1.0444754,0.968628209,0.119751385,-0.194787133,0.097349734,0.39667177200317383,-0.5494169592857361,1.3250377178192139,0.9627830386161804,0.0779910609126091,-0.24114340543746948,0.09389416128396988
redkitchen,test,seq-14,redkitchen/seq-14/frame-000631.color.png,0.013527195,-0.34004724,1.050532,0.969599215,0.117041028,-0.189449677,0.101427704,0.40472087264060974,-0.5271662473678589,1.3047107458114624,0.9614748358726501,0.07574695348739624,-0.2404373437166214,0.10962855070829391
redkitchen,test,seq-14,redkitchen/seq-14/frame-000632.color.png,0.007736983,-0.34671673,1.055464,0.970422361,0.115110055,-0.184857649,0.104200605,0.3675521910190582,-0.5171237587928772,1.2857239246368408,0.9612717032432556,0.079755499958992,-0.2388460338115692,0.11201884597539902
redkitchen,test,seq-14,redkitchen/seq-14/frame-000633.color.png,-0.001483409,-0.34613454,1.062265,0.971695982,0.113963668,-0.178496742,0.104681014,0.3429810404777527,-0.5319616794586182,1.272329330444336,0.963416576385498,0.07458776980638504,-0.2331313043832779,0.10915521532297134
redkitchen,test,seq-14,redkitchen/seq-14/frame-000634.color.png,-0.010811966,-0.33707067,1.0731102,0.972915718,0.114865469,-0.170360132,0.105916736,0.415457546710968,-0.5367254018783569,1.3072922229766846,0.9635745286941528,0.07660918682813644,-0.23403400182724,0.10432294756174088
redkitchen,test,seq-14,redkitchen/seq-14/frame-000635.color.png,-0.021623084,-0.34049022,1.0780401,0.975479316,0.113945162,-0.15931399,0.100377574,0.36878702044487,-0.5307134985923767,1.256384253501892,0.9661181569099426,0.07963422685861588,-0.22636285424232483,0.0950464978814125
redkitchen,test,seq-14,redkitchen/seq-14/frame-000636.color.png,-0.029053319,-0.35006273,1.0814114,0.978258637,0.1099408,-0.149803691,0.092097308,0.2917252779006958,-0.5060585141181946,1.2135957479476929,0.9677014350891113,0.08757737278938293,-0.2137536257505417,0.10096225887537003
redkitchen,test,seq-14,redkitchen/seq-14/frame-000637.color.png,-0.038680822,-0.35848925,1.0853403,0.9805531,0.105640848,-0.142034408,0.084745838,0.28151655197143555,-0.5175789594650269,1.230100154876709,0.9708787798881531,0.0818747952580452,-0.19983629882335663,0.10371270030736923
redkitchen,test,seq-14,redkitchen/seq-14/frame-000638.color.png,-0.050621558,-0.35776764,1.0913496,0.982077501,0.104202269,-0.133937995,0.082013917,0.33959946036338806,-0.5310423374176025,1.26227605342865,0.9740524291992188,0.07823943346738815,-0.18663297593593597,0.10133438557386398
redkitchen,test,seq-14,redkitchen/seq-14/frame-000639.color.png,-0.062912256,-0.36111617,1.0963932,0.983759706,0.102560455,-0.124539235,0.078664939,0.2999848425388336,-0.5521910190582275,1.2456374168395996,0.9765418171882629,0.08227706700563431,-0.17674295604228973,0.09142483025789261
redkitchen,test,seq-14,redkitchen/seq-14/frame-000640.color.png,-0.076415837,-0.35964158,1.103471,0.985146482,0.101888632,-0.115065358,0.076583805,0.2644194960594177,-0.544242262840271,1.2207661867141724,0.9780300259590149,0.08279535174369812,-0.16925755143165588,0.08918557316064835
redkitchen,test,seq-14,redkitchen/seq-14/frame-000641.color.png,-0.084158972,-0.36670208,1.1088926,0.98641284,0.098540819,-0.107638612,0.075454263,0.21153265237808228,-0.5032238960266113,1.1945782899856567,0.9798212051391602,0.08291090279817581,-0.15236583352088928,0.0993020161986351
redkitchen,test,seq-14,redkitchen/seq-14/frame-000642.color.png,-0.094263218,-0.37190363,1.1153616,0.987263152,0.095061063,-0.103949126,0.073955681,0.19298766553401947,-0.5189717411994934,1.248034954071045,0.9802284240722656,0.080324687063694,-0.15001067519187927,0.10097967833280563
redkitchen,test,seq-14,redkitchen/seq-14/frame-000643.color.png,-0.10587472,-0.37268248,1.1223229,0.987819605,0.094748027,-0.099503223,0.073036619,0.19851358234882355,-0.5161750912666321,1.246164321899414,0.9796664714813232,0.08136399835348129,-0.15843497216701508,0.09236817061901093
redkitchen,test,seq-14,redkitchen/seq-14/frame-000644.color.png,-0.11301175,-0.37663853,1.1275327,0.988637576,0.093082812,-0.094558868,0.070639604,0.14097552001476288,-0.4992166757583618,1.2541457414627075,0.9817363023757935,0.08857882022857666,-0.14365148544311523,0.08781718462705612
redkitchen,test,seq-14,redkitchen/seq-14/frame-000645.color.png,-0.12847103,-0.38200665,1.1317409,0.989883297,0.089481621,-0.088337543,0.065731097,0.15190602838993073,-0.4645884037017822,1.1870180368423462,0.984230637550354,0.08095096796751022,-0.13169141113758087,0.08599084615707397
redkitchen,test,seq-14,redkitchen/seq-14/frame-000646.color.png,-0.14299424,-0.39087886,1.1355374,0.990790125,0.085750223,-0.082110232,0.065113263,0.11594881117343903,-0.4376233220100403,1.183210015296936,0.983794629573822,0.07702042907476425,-0.1421259045600891,0.07756335288286209
redkitchen,test,seq-14,redkitchen/seq-14/frame-000647.color.png,-0.15075755,-0.39680716,1.1408963,0.991534629,0.082830141,-0.077434736,0.063262228,0.08170374482870102,-0.4309263229370117,1.2174650430679321,0.986008882522583,0.06976838409900665,-0.13113975524902344,0.0756387785077095
redkitchen,test,seq-14,redkitchen/seq-14/frame-000648.color.png,-0.15979896,-0.40078896,1.146041,0.992297323,0.08014051,-0.074290889,0.058347107,0.0804879292845726,-0.45855462551116943,1.2194035053253174,0.9872487187385559,0.07219573110342026,-0.12612180411815643,0.06496924161911011
redkitchen,test,seq-14,redkitchen/seq-14/frame-000649.color.png,-0.16906677,-0.4091067,1.1491667,0.993071118,0.075418609,-0.072883308,0.053007661,0.030113650485873222,-0.47725075483322144,1.2447800636291504,0.9887101650238037,0.07251457870006561,-0.12183600664138794,0.048474885523319244
redkitchen,test,seq-14,redkitchen/seq-14/frame-000650.color.png,-0.18421158,-0.41922367,1.151334,0.994173047,0.06881338,-0.069901374,0.044704238,0.036955997347831726,-0.46236324310302734,1.2325961589813232,0.988059937953949,0.06833835691213608,-0.13297514617443085,0.03721463307738304
redkitchen,test,seq-14,redkitchen/seq-14/frame-000651.color.png,-0.20232815,-0.41688767,1.1565379,0.994985994,0.06924654,-0.064812646,0.031734989,-0.057271115481853485,-0.48627030849456787,1.1455782651901245,0.9928000569343567,0.058455877006053925,-0.0987144187092781,0.03444494307041168
redkitchen,test,seq-14,redkitchen/seq-14/frame-000652.color.png,-0.20227902,-0.41556507,1.1570207,0.995048731,0.069308874,-0.064390185,0.03046648,-0.057271115481853485,-0.48627030849456787,1.1455782651901245,0.9928000569343567,0.058455877006053925,-0.0987144187092781,0.03444494307041168
redkitchen,test,seq-14,redkitchen/seq-14/frame-000653.color.png,-0.21963693,-0.41725892,1.1602356,0.995697895,0.072146819,-0.056593816,0.013329632,-0.22958087921142578,-0.4754679799079895,1.067283272743225,0.996828556060791,0.048238322138786316,-0.06309132277965546,0.005041984375566244
redkitchen,test,seq-14,redkitchen/seq-14/frame-000654.color.png,-0.23856339,-0.41807228,1.1616869,0.996202023,0.073679199,-0.046399339,-7.6e-05,-0.20490778982639313,-0.5083010792732239,1.0668048858642578,0.9972974061965942,0.03847650811076164,-0.06119020655751228,-0.013160663656890392
redkitchen,test,seq-14,redkitchen/seq-14/frame-000655.color.png,-0.24679065,-0.42089197,1.1644198,0.996763901,0.069014141,-0.040212361,-0.009040999,-0.24062369763851166,-0.46052825450897217,0.9903931021690369,0.9963094592094421,0.044044386595487595,-0.059832051396369934,-0.04298529401421547
redkitchen,test,seq-14,redkitchen/seq-14/frame-000656.color.png,-0.24562664,-0.41965127,1.1646744,0.996759969,0.069118198,-0.03995691,-0.009781786,-0.24062369763851166,-0.46052825450897217,0.9903931021690369,0.9963094592094421,0.044044386595487595,-0.059832051396369934,-0.04298529401421547
redkitchen,test,seq-14,redkitchen/seq-14/frame-000657.color.png,-0.26191521,-0.42227289,1.1675751,0.996864909,0.064490954,-0.04221639,-0.017861889,-0.1848495900630951,-0.47776269912719727,0.9660690426826477,0.9956629872322083,0.037895310670137405,-0.07359011471271515,-0.042470019310712814
redkitchen,test,seq-14,redkitchen/seq-14/frame-000658.color.png,-0.27546704,-0.42535377,1.1696038,0.996640235,0.06018438,-0.046446614,-0.030476127,-0.16548506915569305,-0.4810295104980469,0.9413334131240845,0.9936498999595642,0.043224576860666275,-0.09069870412349701,-0.05064871534705162
redkitchen,test,seq-14,redkitchen/seq-14/frame-000659.color.png,-0.29992855,-0.42768434,1.1697356,0.996530153,0.056849206,-0.044964564,-0.040914664,-0.2076350301504135,-0.49302875995635986,0.9283828735351562,0.993236780166626,0.0434173159301281,-0.08538737893104553,-0.06561020016670227
redkitchen,test,seq-14,redkitchen/seq-14/frame-000660.color.png,-0.30059743,-0.42878368,1.169715,0.996522791,0.05641575,-0.045069151,-0.041573559,-0.2076350301504135,-0.49302875995635986,0.9283828735351562,0.993236780166626,0.0434173159301281,-0.08538737893104553,-0.06561020016670227
redkitchen,test,seq-14,redkitchen/seq-14/frame-000661.color.png,-0.3144933,-0.43220529,1.1703011,0.996133524,0.055592582,-0.04255524,-0.053070883,-0.23796308040618896,-0.5257806181907654,0.929079532623291,0.9931702613830566,0.03526895120739937,-0.08321413397789001,-0.07378560304641724
redkitchen,test,seq-14,redkitchen/seq-14/frame-000662.color.png,-0.3275249,-0.42918029,1.1711812,0.99547727,0.058818772,-0.044125845,-0.060152031,-0.2690177857875824,-0.5056807398796082,0.9362383484840393,0.9944384694099426,0.036322761327028275,-0.0608711875975132,-0.07789422571659088
redkitchen,test,seq-14,redkitchen/seq-14/frame-000663.color.png,-0.34358099,-0.42489398,1.1705055,0.995092708,0.059512647,-0.044804396,-0.065125367,-0.27017804980278015,-0.5047951340675354,0.9053987860679626,0.9934740662574768,0.03321913257241249,-0.07846425473690033,-0.07582277804613113
redkitchen,test,seq-14,redkitchen/seq-14/frame-000664.color.png,-0.34311593,-0.42518464,1.1706134,0.995061657,0.059383492,-0.044655271,-0.065816464,-0.28855204582214355,-0.4971175789833069,0.9032491445541382,0.9933331608772278,0.03870031610131264,-0.07088667899370193,-0.08225928992033005
redkitchen,test,seq-14,redkitchen/seq-14/frame-000665.color.png,-0.35872498,-0.424054,1.1707283,0.994387747,0.058692993,-0.044030478,-0.0762198,-0.28855204582214355,-0.4971175789833069,0.9032491445541382,0.9933331608772278,0.03870031610131264,-0.07088667899370193,-0.08225928992033005
redkitchen,test,seq-14,redkitchen/seq-14/frame-000666.color.png,-0.37862039,-0.42248645,1.1708395,0.99377864,0.056075805,-0.043154854,-0.086006845,-0.1744101196527481,-0.4810566306114197,0.8908053636550903,0.9880750775337219,0.05053510516881943,-0.10318812727928162,-0.1024988442659378
redkitchen,test,seq-14,redkitchen/seq-14/frame-000667.color.png,-0.39302021,-0.4234429,1.1707959,0.993172562,0.052886987,-0.043218866,-0.094569327,-0.2127281129360199,-0.513480544090271,0.9513826370239258,0.9865513443946838,0.04971558600664139,-0.10840609669685364,-0.11177220195531845
redkitchen,test,seq-14,redkitchen/seq-14/frame-000668.color.png,-0.40598011,-0.42405882,1.1704234,0.991964392,0.053397396,-0.045676616,-0.105209366,-0.40872204303741455,-0.5429967641830444,0.9657986760139465,0.9926307797431946,0.030514130368828773,-0.04932086542248726,-0.106397345662117
redkitchen,test,seq-14,redkitchen/seq-14/frame-000669.color.png,-0.41851434,-0.42194262,1.1704217,0.990370929,0.055817967,-0.048917549,-0.116862532,-0.3142259120941162,-0.5243033170700073,0.9800647497177124,0.989334762096405,0.04785672947764397,-0.06680644303560257,-0.12026403099298477
redkitchen,test,seq-14,redkitchen/seq-14/frame-000670.color.png,-0.41871339,-0.42209795,1.1702247,0.990410639,0.055887733,-0.049181988,-0.11638067,-0.3142259120941162,-0.5243033170700073,0.9800647497177124,0.989334762096405,0.04785672947764397,-0.06680644303560257,-0.12026403099298477
redkitchen,test,seq-14,redkitchen/seq-14/frame-000671.color.png,-0.43578523,-0.42019498,1.1695745,0.989029523,0.057220469,-0.049410419,-0.126905595,-0.3168962597846985,-0.4724302887916565,0.893760085105896,0.9874504804611206,0.0552818588912487,-0.06762152165174484,-0.131578266620636
redkitchen,test,seq-14,redkitchen/seq-14/frame-000672.color.png,-0.45145974,-0.41779459,1.169858,0.987550589,0.059759986,-0.05025864,-0.136552728,-0.4017517864704132,-0.5162206888198853,0.8569673299789429,0.9881678819656372,0.043725039809942245,-0.050677284598350525,-0.13800065219402313
redkitchen,test,seq-14,redkitchen/seq-14/frame-000673.color.png,-0.46803698,-0.41642758,1.1688656,0.985763276,0.060490635,-0.053598327,-0.147441059,-0.31277668476104736,-0.5439380407333374,0.8908053040504456,0.9879564046859741,0.046806566417217255,-0.055140476673841476,-0.1367875635623932
redkitchen,test,seq-14,redkitchen/seq-14/frame-000674.color.png,-0.48679867,-0.41509899,1.1680094,0.984113813,0.060040108,-0.057272749,-0.156955473,-0.3354113698005676,-0.516857385635376,0.9189819097518921,0.9837270379066467,0.05752939358353615,-0.07746252417564392,-0.15156197547912598
redkitchen,test,seq-14,redkitchen/seq-14/frame-000675.color.png,-0.50229883,-0.41588438,1.1668789,0.982645147,0.061071769,-0.060385806,-0.164415048,-0.41737663745880127,-0.5294182300567627,0.9542269706726074,0.9813057780265808,0.06051870435476303,-0.07890137284994125,-0.1647755652666092
redkitchen,test,seq-14,redkitchen/seq-14/frame-000676.color.png,-0.51805973,-0.41551965,1.1657602,0.981051421,0.065715806,-0.06348031,-0.170850204,-0.5115776658058167,-0.5012081265449524,0.9374082088470459,0.975899875164032,0.07383805513381958,-0.07757370918989182,-0.190130814909935
redkitchen,test,seq-14,redkitchen/seq-14/frame-000677.color.png,-0.53093743,-0.41449106,1.1640579,0.979633578,0.071272881,-0.069350745,-0.174438253,-0.5115776658058167,-0.5012081265449524,0.9374082088470459,0.975899875164032,0.07383805513381958,-0.07757370918989182,-0.190130814909935
redkitchen,test,seq-14,redkitchen/seq-14/frame-000678.color.png,-0.53243244,-0.41577896,1.1637002,0.979722604,0.070951171,-0.06943542,-0.174035264,-0.4398057162761688,-0.5149596333503723,0.9129281640052795,0.9753299951553345,0.06350162625312805,-0.10274656862020493,-0.18477560579776764
redkitchen,test,seq-14,redkitchen/seq-14/frame-000679.color.png,-0.54821485,-0.41556647,1.1618557,0.978257438,0.076546289,-0.076020056,-0.177127076,-0.6289240121841431,-0.5152571797370911,0.9173368215560913,0.9771750569343567,0.07591588795185089,-0.0900346040725708,-0.17680321633815765
redkitchen,test,seq-14,redkitchen/seq-14/frame-000680.color.png,-0.56627178,-0.41440985,1.160594,0.976795549,0.082541769,-0.081338436,-0.180114882,-0.6078762412071228,-0.5360797047615051,0.9744398593902588,0.9763187766075134,0.07563209533691406,-0.11227356642484665,-0.16874830424785614
redkitchen,test,seq-14,redkitchen/seq-14/frame-000681.color.png,-0.58972597,-0.41505915,1.1580793,0.975783126,0.08668917,-0.086515662,-0.181238293,-0.632908821105957,-0.5364075899124146,0.8034481406211853,0.9775210618972778,0.060621023178100586,-0.08527807146310806,-0.18304428458213806
redkitchen,test,seq-14,redkitchen/seq-14/frame-000682.color.png,-0.60975903,-0.41613513,1.1564555,0.974439071,0.090276345,-0.091497322,-0.184246896,-0.6638311147689819,-0.5498142242431641,0.832617998123169,0.976498007774353,0.07647567242383957,-0.08297465741634369,-0.18362559378147125
redkitchen,test,seq-14,redkitchen/seq-14/frame-000683.color.png,-0.62424701,-0.4161483,1.1561761,0.972763268,0.095622627,-0.096375984,-0.187881899,-0.6510029435157776,-0.5771588683128357,0.8193775415420532,0.976670503616333,0.08221686631441116,-0.06342318654060364,-0.18796946108341217
redkitchen,test,seq-14,redkitchen/seq-14/frame-000684.color.png,-0.64175123,-0.41600874,1.1546347,0.970901331,0.101234163,-0.100765134,-0.192220284,-0.5604708194732666,-0.5946879386901855,0.850517213344574,0.9746739268302917,0.0718061625957489,-0.08929082006216049,-0.19204626977443695
redkitchen,test,seq-14,redkitchen/seq-14/frame-000685.color.png,-0.64106244,-0.41714782,1.1543761,0.970969321,0.101230717,-0.100851135,-0.191833177,-0.5604708194732666,-0.5946879386901855,0.850517213344574,0.9746739268302917,0.0718061625957489,-0.08929082006216049,-0.19204626977443695
redkitchen,test,seq-14,redkitchen/seq-14/frame-000686.color.png,-0.65941113,-0.41750133,1.1535769,0.969408948,0.104825361,-0.105388229,-0.195323469,-0.5667836666107178,-0.5688042044639587,0.8387130498886108,0.9737599492073059,0.07857130467891693,-0.08861833065748215,-0.19433216750621796
redkitchen,test,seq-14,redkitchen/seq-14/frame-000687.color.png,-0.67542273,-0.41748077,1.1537904,0.967955987,0.10846025,-0.111408935,-0.197194399,-0.6987056136131287,-0.5645336508750916,0.9228174090385437,0.9773672223091125,0.0797341912984848,-0.06249166280031204,-0.18571633100509644
redkitchen,test,seq-14,redkitchen/seq-14/frame-000688.color.png,-0.69078374,-0.41785696,1.1540589,0.966630847,0.111736311,-0.116799348,-0.198740318,-0.6317180395126343,-0.5799450874328613,1.0036269426345825,0.9748358726501465,0.08716568350791931,-0.09126697480678558,-0.18375971913337708
redkitchen,test,seq-14,redkitchen/seq-14/frame-000689.color.png,-0.70675564,-0.4199667,1.15434,0.965462604,0.114683202,-0.121710305,-0.199790703,-0.6078544855117798,-0.5726042985916138,0.974488377571106,0.9778731465339661,0.07452134042978287,-0.08297272026538849,-0.17699210345745087
redkitchen,test,seq-14,redkitchen/seq-14/frame-000690.color.png,-0.72292322,-0.42146921,1.1549604,0.963944822,0.117814622,-0.128082379,-0.20130822,-0.6262131333351135,-0.559298574924469,0.9956245422363281,0.9719956517219543,0.08513488620519638,-0.10606816411018372,-0.19164012372493744
redkitchen,test,seq-14,redkitchen/seq-14/frame-000691.color.png,-0.7368654,-0.42241511,1.1556956,0.962290661,0.121568506,-0.133861251,-0.203221423,-0.515190839767456,-0.5766401290893555,1.0490312576293945,0.9614117741584778,0.09844295680522919,-0.17315424978733063,-0.1897737979888916
redkitchen,test,seq-14,redkitchen/seq-14/frame-000692.color.png,-0.73700631,-0.42265823,1.1558565,0.962298101,0.121334438,-0.133769755,-0.203386262,-0.49734801054000854,-0.5501042604446411,1.067736029624939,0.9480270743370056,0.10525809228420258,-0.20015709102153778,-0.22383610904216766
redkitchen,test,seq-14,redkitchen/seq-14/frame-000693.color.png,-0.75258923,-0.4249121,1.1565492,0.960620082,0.124653496,-0.140634435,-0.204676621,-0.49734801054000854,-0.5501042604446411,1.067736029624939,0.9480270743370056,0.10525809228420258,-0.20015709102153778,-0.22383610904216766
redkitchen,test,seq-14,redkitchen/seq-14/frame-000694.color.png,-0.76702225,-0.42303962,1.158393,0.958692138,0.128205735,-0.148980201,-0.205615109,-0.6049159169197083,-0.5558186769485474,1.1582660675048828,0.9504024982452393,0.10640054196119308,-0.19777193665504456,-0.21517513692378998
redkitchen,test,seq-14,redkitchen/seq-14/frame-000695.color.png,-0.78251392,-0.42247212,1.1588529,0.956821649,0.131588745,-0.155746284,-0.207171015,-0.6325547695159912,-0.5526664853096008,1.1137396097183228,0.9542844891548157,0.11137975752353668,-0.1955561488866806,-0.19670656323432922
redkitchen,test,seq-14,redkitchen/seq-14/frame-000696.color.png,-0.79720992,-0.42193058,1.15947,0.955588866,0.133411863,-0.161246281,-0.207486943,-0.6860254406929016,-0.5312203764915466,0.9681121706962585,0.9546318054199219,0.09882338345050812,-0.20035962760448456,-0.1968957781791687
redkitchen,test,seq-14,redkitchen/seq-14/frame-000697.color.png,-0.81485695,-0.42151296,1.1585741,0.954277507,0.134243906,-0.166906426,-0.208507212,-0.6809459924697876,-0.55551677942276,1.003753423690796,0.9548422694206238,0.09285067021846771,-0.1957547962665558,-0.2033100128173828
redkitchen,test,seq-14,redkitchen/seq-14/frame-000698.color.png,-0.82741475,-0.41824061,1.1611226,0.952179925,0.135517991,-0.173613073,-0.211770549,-0.7004354000091553,-0.5674472451210022,0.9936896562576294,0.9461985230445862,0.09404987841844559,-0.22945427894592285,-0.2078792005777359
redkitchen,test,seq-14,redkitchen/seq-14/frame-000699.color.png,-0.8401593,-0.41584566,1.1630405,0.950235313,0.138227604,-0.178361952,-0.214785925,-0.721950888633728,-0.5463867783546448,0.9589670896530151,0.9437256455421448,0.09245101362466812,-0.2449975311756134,-0.20201726257801056
redkitchen,test,seq-14,redkitchen/seq-14/frame-000700.color.png,-0.85353887,-0.41719389,1.1632904,0.948977869,0.139417055,-0.182971089,-0.215697636,-0.7191341519355774,-0.57765793800354,1.0489437580108643,0.9389887452125549,0.08842919021844864,-0.260519415140152,-0.2064221352338791
redkitchen,test,seq-14,redkitchen/seq-14/frame-000701.color.png,-0.86496335,-0.41597694,1.1646702,0.947332959,0.13993718,-0.189224508,-0.217191012,-0.6242951154708862,-0.5609325170516968,1.017907738685608,0.9322997331619263,0.08752238750457764,-0.2862032353878021,-0.20308785140514374
redkitchen,test,seq-14,redkitchen/seq-14/frame-000702.color.png,-0.87348944,-0.41235736,1.1679969,0.945760604,0.140960196,-0.195868462,-0.217491723,-0.6365802884101868,-0.615156888961792,1.084618330001831,0.927039623260498,0.07989463210105896,-0.2968079149723053,-0.21475422382354736
redkitchen,test,seq-14,redkitchen/seq-14/frame-000703.color.png,-0.88373893,-0.41409862,1.1687821,0.944282546,0.141814498,-0.202248713,-0.217519148,-0.6365802884101868,-0.615156888961792,1.084618330001831,0.927039623260498,0.07989463210105896,-0.2968079149723053,-0.21475422382354736
redkitchen,test,seq-14,redkitchen/seq-14/frame-000704.color.png,-0.88426286,-0.4144583,1.1680506,0.944298257,0.142061014,-0.201976547,-0.217542971,-0.6901137232780457,-0.5953243970870972,1.0825457572937012,0.9281517267227173,0.08642834424972534,-0.29157936573028564,-0.214583620429039
redkitchen,test,seq-14,redkitchen/seq-14/frame-000705.color.png,-0.89494842,-0.41291735,1.1695458,0.942808594,0.142200846,-0.208469206,-0.21778766,-0.6359187364578247,-0.6136752963066101,1.156424880027771,0.9161744117736816,0.09266848117113113,-0.3192589581012726,-0.22385428845882416
redkitchen,test,seq-14,redkitchen/seq-14/frame-000706.color.png,-0.9022364,-0.41204205,1.1718547,0.940827273,0.141822501,-0.217268911,-0.21800147,-0.6161452531814575,-0.5940977334976196,1.110037088394165,0.9083781838417053,0.09251900762319565,-0.3368098735809326,-0.2298876941204071
redkitchen,test,seq-14,redkitchen/seq-14/frame-000707.color.png,-0.91025734,-0.41318616,1.1731247,0.93858034,0.140383485,-0.22614374,-0.219586954,-0.5779602527618408,-0.6119824647903442,1.0860642194747925,0.9108383655548096,0.0779891237616539,-0.3431195020675659,-0.21577823162078857
redkitchen,test,seq-14,redkitchen/seq-14/frame-000708.color.png,-0.9182837,-0.40892571,1.1760978,0.936767139,0.13926473,-0.235750056,-0.217932499,-0.5771014094352722,-0.5949848890304565,1.1322022676467896,0.8965030312538147,0.09646376967430115,-0.37025654315948486,-0.22335460782051086
redkitchen,test,seq-14,redkitchen/seq-14/frame-000709.color.png,-0.92545724,-0.41035494,1.1778939,0.934626084,0.137170044,-0.249044706,-0.213623959,-0.5735499858856201,-0.5886141061782837,1.0480352640151978,0.9194533228874207,0.09955830127000809,-0.32170388102531433,-0.20297859609127045
redkitchen,test,seq-14,redkitchen/seq-14/frame-000710.color.png,-0.9306426,-0.41016197,1.1803715,0.931794554,0.13523013,-0.263272166,-0.210141588,-0.6420299410820007,-0.5676000118255615,1.1309988498687744,0.9076899886131287,0.10590153187513351,-0.35144394636154175,-0.20339831709861755
redkitchen,test,seq-14,redkitchen/seq-14/frame-000711.color.png,-0.93657166,-0.40851158,1.1823518,0.928800998,0.132960001,-0.276819272,-0.20741609,-0.5927302837371826,-0.5815181136131287,1.1569157838821411,0.8988419771194458,0.09833230078220367,-0.37714138627052307,-0.20044519007205963
redkitchen,test,seq-14,redkitchen/seq-14/frame-000712.color.png,-0.94331932,-0.40790373,1.183991,0.924709453,0.130668069,-0.289357337,-0.210025273,-0.6042423248291016,-0.5436928272247314,1.1677544116973877,0.8914738297462463,0.09499824792146683,-0.39492881298065186,-0.2007012665271759
redkitchen,test,seq-14,redkitchen/seq-14/frame-000713.color.png,-0.9489367,-0.40523997,1.1862321,0.920682694,0.130737985,-0.300261925,-0.212352849,-0.533959686756134,-0.5465009212493896,1.1827116012573242,0.8808057904243469,0.09734790027141571,-0.41475239396095276,-0.20660340785980225
redkitchen,test,seq-14,redkitchen/seq-14/frame-000714.color.png,-0.95416194,-0.40520969,1.186874,0.916948706,0.131507321,-0.31036723,-0.213501937,-0.5133523941040039,-0.5436499714851379,1.1897540092468262,0.8898307085037231,0.09140215814113617,-0.3979704678058624,-0.20363320410251617
redkitchen,test,seq-14,redkitchen/seq-14/frame-000715.color.png,-0.958637,-0.40319818,1.1875215,0.913528511,0.130318929,-0.321633795,-0.212212954,-0.5812543034553528,-0.49023157358169556,1.135693907737732,0.8934804797172546,0.07850369811058044,-0.39537423849105835,-0.19801265001296997
redkitchen,test,seq-14,redkitchen/seq-14/frame-000716.color.png,-0.96279347,-0.4038884,1.1877803,0.910017884,0.128090183,-0.333569839,-0.210217789,-0.6678186058998108,-0.4871317148208618,1.1800220012664795,0.8936078548431396,0.07802609354257584,-0.39490586519241333,-0.19856059551239014
redkitchen,test,seq-14,redkitchen/seq-14/frame-000717.color.png,-0.96671343,-0.40696281,1.1871586,0.906653481,0.125555171,-0.344330914,-0.208929621,-0.7489354610443115,-0.4644072651863098,1.1832648515701294,0.8877926468849182,0.0810605064034462,-0.41044196486473083,-0.19180937111377716
redkitchen,test,seq-14,redkitchen/seq-14/frame-000718.color.png,-0.97018689,-0.41046131,1.1873562,0.903025552,0.123211186,-0.353657556,-0.210452343,-0.7254191637039185,-0.4393104314804077,1.1239594221115112,0.8864389657974243,0.08329363912343979,-0.4139899015426636,-0.1894742101430893
redkitchen,test,seq-14,redkitchen/seq-14/frame-000719.color.png,-0.9746567,-0.41529608,1.1855329,0.900260416,0.122244995,-0.358834388,-0.214068277,-0.7543768882751465,-0.45811134576797485,1.1540651321411133,0.8785519003868103,0.09237192571163177,-0.42860639095306396,-0.18950070440769196
redkitchen,test,seq-14,redkitchen/seq-14/frame-000720.color.png,-0.9773944,-0.41586316,1.1855533,0.898443218,0.120787274,-0.362918985,-0.215638652,-0.7377315759658813,-0.4551122188568115,1.1470791101455688,0.8761674761772156,0.08539183437824249,-0.43570560216903687,-0.18761484324932098
redkitchen,test,seq-14,redkitchen/seq-14/frame-000721.color.png,-0.97980756,-0.41841379,1.1860127,0.896413808,0.118545274,-0.367692207,-0.217236608,-0.7487425804138184,-0.4743269681930542,1.150760531425476,0.8674590587615967,0.08462759852409363,-0.4532920718193054,-0.18676014244556427
redkitchen,test,seq-14,redkitchen/seq-14/frame-000722.color.png,-0.98113453,-0.42274773,1.1853632,0.894722533,0.113526211,-0.373426903,-0.217107659,-0.7193125486373901,-0.4385872483253479,1.0974873304367065,0.8682137131690979,0.08077257126569748,-0.44936251640319824,-0.19430390000343323
redkitchen,test,seq-14,redkitchen/seq-14/frame-000723.color.png,-0.98142838,-0.4222503,1.1879948,0.892329277,0.109359592,-0.380083519,-0.217544154,-0.7722539305686951,-0.4796222448348999,1.2111937999725342,0.8536179661750793,0.08414337784051895,-0.47391143441200256,-0.19915904104709625
redkitchen,test,seq-14,redkitchen/seq-14/frame-000724.color.png,-0.98324209,-0.42758211,1.1863848,0.890413734,0.105652739,-0.384417866,-0.219599146,-0.774010956287384,-0.4606019854545593,1.0993167161941528,0.8714069128036499,0.08080565929412842,-0.44416236877441406,-0.19193795323371887
redkitchen,test,seq-14,redkitchen/seq-14/frame-000725.color.png,-0.98233473,-0.42809927,1.1894456,0.888762399,0.099050689,-0.390523501,-0.21859038,-0.7697240114212036,-0.4401090145111084,1.1541240215301514,0.8582175374031067,0.07680919766426086,-0.46632644534111023,-0.2002566158771515
redkitchen,test,seq-14,redkitchen/seq-14/frame-000726.color.png,-0.98146462,-0.42951903,1.1927478,0.885831058,0.09192169,-0.398186882,-0.219774766,-0.8395278453826904,-0.3953785300254822,1.1198370456695557,0.8721736073493958,0.08439411967992783,-0.4414641261100769,-0.19313275814056396
redkitchen,test,seq-14,redkitchen/seq-14/frame-000727.color.png,-0.9812451,-0.4312799,1.1942753,0.882385907,0.086343262,-0.404851915,-0.223684776,-0.929105281829834,-0.43585777282714844,1.188425898551941,0.859478771686554,0.0815921202301979,-0.46282967925071716,-0.20106635987758636
redkitchen,test,seq-14,redkitchen/seq-14/frame-000728.color.png,-0.98163199,-0.43461749,1.196018,0.87935648,0.079191767,-0.409801069,-0.229180995,-0.8506186008453369,-0.4138534665107727,1.1597105264663696,0.848433792591095,0.07488979399204254,-0.48663973808288574,-0.19425030052661896
redkitchen,test,seq-14,redkitchen/seq-14/frame-000729.color.png,-0.98226547,-0.44033206,1.1969506,0.877781795,0.07245155,-0.412386425,-0.232781721,-0.8192495703697205,-0.4370267987251282,1.2018775939941406,0.831600546836853,0.07098358124494553,-0.5122001767158508,-0.20261479914188385
redkitchen,test,seq-14,redkitchen/seq-14/frame-000730.color.png,-0.98034263,-0.44088554,1.2001705,0.876477598,0.070427133,-0.41417773,-0.235125174,-0.8375730514526367,-0.43276476860046387,1.2042555809020996,0.8307873606681824,0.06586489826440811,-0.5136655569076538,-0.20396554470062256
redkitchen,test,seq-14,redkitchen/seq-14/frame-000731.color.png,-0.97659361,-0.44127944,1.2023838,0.874214027,0.065171409,-0.418753299,-0.236956107,-0.8954616785049438,-0.39344727993011475,1.1284385919570923,0.8361505270004272,0.07018618285655975,-0.5029131770133972,-0.20737524330615997
redkitchen,test,seq-14,redkitchen/seq-14/frame-000732.color.png,-0.97341639,-0.44413289,1.204167,0.871089342,0.059902147,-0.424935785,-0.238840261,-0.9301900267601013,-0.42708224058151245,1.127875566482544,0.8306623697280884,0.0704912543296814,-0.5086039304733276,-0.21529747545719147
redkitchen,test,seq-14,redkitchen/seq-14/frame-000733.color.png,-0.97037625,-0.44723567,1.2059387,0.867417398,0.052736376,-0.432560353,-0.240202983,-0.8267335295677185,-0.4006415009498596,1.085557460784912,0.8279061913490295,0.06714817881584167,-0.512779176235199,-0.2170713096857071
redkitchen,test,seq-14,redkitchen/seq-14/frame-000734.color.png,-0.96836549,-0.45542008,1.2113899,0.863463641,0.046389087,-0.439832557,-0.242540543,-0.7799547910690308,-0.4155835509300232,1.0876601934432983,0.8328763842582703,0.05815425142645836,-0.5092789530754089,-0.20873437821865082
redkitchen,test,seq-14,redkitchen/seq-14/frame-000735.color.png,-0.96721214,-0.46205854,1.2132629,0.861739168,0.044037131,-0.442936087,-0.243462442,-0.7476869225502014,-0.4445543885231018,1.1045438051223755,0.8207814693450928,0.06112422049045563,-0.5259139537811279,-0.2144671231508255
redkitchen,test,seq-14,redkitchen/seq-14/frame-000736.color.png,-0.96295977,-0.46340597,1.2170391,0.860341349,0.042545655,-0.446367694,-0.242401551,-0.717025101184845,-0.44964784383773804,1.0995749235153198,0.8174407482147217,0.056135278195142746,-0.530769407749176,-0.2166179120540619
redkitchen,test,seq-14,redkitchen/seq-14/frame-000737.color.png,-0.95921946,-0.4653793,1.2197803,0.858281206,0.040696455,-0.450080371,-0.243155978,-0.7288498878479004,-0.46785664558410645,1.102907419204712,0.8205733895301819,0.05128152668476105,-0.5260668396949768,-0.2174469232559204
redkitchen,test,seq-14,redkitchen/seq-14/frame-000738.color.png,-0.95597488,-0.46689272,1.2230446,0.856612943,0.039002479,-0.453269961,-0.243391487,-0.755088210105896,-0.49515628814697266,1.1603479385375977,0.8124585747718811,0.05357449874281883,-0.5360826849937439,-0.22283653914928436
redkitchen,test,seq-14,redkitchen/seq-14/frame-000739.color.png,-0.95074147,-0.46914306,1.2266611,0.854872206,0.036431091,-0.458434815,-0.240216166,-0.8224465847015381,-0.47912532091140747,1.1930075883865356,0.8161359429359436,0.0489247590303421,-0.5307221412658691,-0.22329922020435333
redkitchen,test,seq-14,redkitchen/seq-14/frame-000740.color.png,-0.94451082,-0.47148401,1.2281848,0.852225235,0.032059954,-0.465822191,-0.235995752,-0.8341041207313538,-0.48819220066070557,1.205931305885315,0.8095371723175049,0.04865780100226402,-0.5402905941009521,-0.22442857921123505
redkitchen,test,seq-14,redkitchen/seq-14/frame-000741.color.png,-0.94105518,-0.47431648,1.2285893,0.849189533,0.026476541,-0.471678904,-0.235998181,-0.8777894973754883,-0.5195503234863281,1.2601714134216309,0.8051705956459045,0.04614589735865593,-0.546925961971283,-0.22459495067596436
redkitchen,test,seq-14,redkitchen/seq-14/frame-000742.color.png,-0.9375546,-0.47834879,1.2317518,0.847084074,0.021128699,-0.476172687,-0.235078121,-0.8201282024383545,-0.5209957957267761,1.24601411819458,0.8056402206420898,0.040504079312086105,-0.5474973917007446,-0.2225979119539261
redkitchen,test,seq-14,redkitchen/seq-14/frame-000743.color.png,-0.93318605,-0.47639313,1.2347153,0.844373121,0.017709409,-0.481188414,-0.234900234,-0.8276389241218567,-0.5255088806152344,1.2852144241333008,0.7947515845298767,0.02849927730858326,-0.5625233054161072,-0.22610892355442047
redkitchen,test,seq-14,redkitchen/seq-14/frame-000744.color.png,-0.93017715,-0.4834289,1.2355537,0.841748526,0.011752853,-0.486175145,-0.234424864,-0.7768146991729736,-0.5428568124771118,1.2909188270568848,0.7858725190162659,0.02410019375383854,-0.5722604393959045,-0.23311270773410797
redkitchen,test,seq-14,redkitchen/seq-14/frame-000745.color.png,-0.92679447,-0.48105806,1.2357823,0.840003688,0.007725542,-0.489546781,-0.233833423,-0.7680566906929016,-0.5251063704490662,1.2515329122543335,0.7907637357711792,0.031917769461870193,-0.5664470195770264,-0.22980809211730957
redkitchen,test,seq-14,redkitchen/seq-14/frame-000746.color.png,-0.92416567,-0.48797849,1.23499,0.839243397,0.00015304,-0.492323793,-0.230841461,-0.7569806575775146,-0.5005435943603516,1.2197787761688232,0.8024692535400391,0.03762384504079819,-0.5514586567878723,-0.2247687131166458
redkitchen,test,seq-14,redkitchen/seq-14/frame-000747.color.png,-0.92059147,-0.48913738,1.2390374,0.838573755,-0.00452612,-0.494636041,-0.228273428,-0.7969819903373718,-0.4888172745704651,1.2244195938110352,0.8101136684417725,0.04019353911280632,-0.5413270592689514,-0.2215069979429245
redkitchen,test,seq-14,redkitchen/seq-14/frame-000748.color.png,-0.91617841,-0.4890146,1.2452968,0.837016699,-0.00771582,-0.498189854,-0.226164502,-0.8125919699668884,-0.4969804286956787,1.2311818599700928,0.8174958229064941,0.03831817954778671,-0.5323147773742676,-0.2165023535490036
redkitchen,test,seq-14,redkitchen/seq-14/frame-000749.color.png,-0.91329521,-0.49116245,1.24901,0.835372858,-0.011625504,-0.501271015,-0.225265188,-0.8148173093795776,-0.4755127429962158,1.2016804218292236,0.8340104818344116,0.03980499505996704,-0.5112497210502625,-0.20363137125968933
redkitchen,test,seq-14,redkitchen/seq-14/frame-000750.color.png,-0.90959454,-0.49243417,1.254122,0.834799364,-0.014286187,-0.503476451,-0.222300224,-0.7980258464813232,-0.46563321352005005,1.2050604820251465,0.8422484397888184,0.03500182181596756,-0.5005417466163635,-0.19710519909858704
redkitchen,test,seq-14,redkitchen/seq-14/frame-000751.color.png,-0.90420806,-0.49359417,1.2597992,0.832948329,-0.016173753,-0.507796894,-0.219266519,-0.82065749168396,-0.47479814291000366,1.233241081237793,0.8383075594902039,0.037410151213407516,-0.5057969093322754,-0.20002612471580505
redkitchen,test,seq-14,redkitchen/seq-14/frame-000752.color.png,-0.89924896,-0.49286345,1.2627864,0.82979841,-0.017394071,-0.513151092,-0.218650409,-0.8213595747947693,-0.46087896823883057,1.237640142440796,0.856846272945404,0.04628053680062294,-0.4767133593559265,-0.19083210825920105
redkitchen,test,seq-14,redkitchen/seq-14/frame-000753.color.png,-0.89492166,-0.4948099,1.2638947,0.826466974,-0.019813687,-0.518561772,-0.218296694,-0.7700165510177612,-0.5107630491256714,1.2619489431381226,0.8477351665496826,0.03805623576045036,-0.490835577249527,-0.1974266618490219
redkitchen,test,seq-14,redkitchen/seq-14/frame-000754.color.png,-0.89239806,-0.49895471,1.265887,0.824482004,-0.021908475,-0.521337097,-0.218991039,-0.7268390655517578,-0.5340936779975891,1.2545197010040283,0.8441393375396729,0.030887441709637642,-0.4987219572067261,-0.19429665803909302
redkitchen,test,seq-14,redkitchen/seq-14/frame-000755.color.png,-0.88878167,-0.50165504,1.26951,0.823838813,-0.023060067,-0.52281122,-0.217775736,-0.7262281775474548,-0.5215147137641907,1.2485004663467407,0.8455876111984253,0.030059941112995148,-0.49763548374176025,-0.19088464975357056
redkitchen,test,seq-14,redkitchen/seq-14/frame-000756.color.png,-0.88355786,-0.49869582,1.2725871,0.822310656,-0.022519465,-0.525241139,-0.217760888,-0.768648087978363,-0.5501440167427063,1.2595741748809814,0.8522626757621765,0.021601680666208267,-0.4883100688457489,-0.18637333810329437
redkitchen,test,seq-14,redkitchen/seq-14/frame-000757.color.png,-0.87957716,-0.50299692,1.2757071,0.820093622,-0.024634854,-0.528465144,-0.218092106,-0.7506081461906433,-0.5488290786743164,1.2670842409133911,0.8522094488143921,0.02357959933578968,-0.4872385561466217,-0.18916024267673492
redkitchen,test,seq-14,redkitchen/seq-14/frame-000758.color.png,-0.87510282,-0.50283295,1.2776961,0.818480656,-0.02525301,-0.53125283,-0.21730654,-0.7430830001831055,-0.5381276607513428,1.267760157585144,0.8553164005279541,0.02360646240413189,-0.4830864369869232,-0.18575282394886017
redkitchen,test,seq-14,redkitchen/seq-14/frame-000759.color.png,-0.87504846,-0.50208592,1.2766198,0.818412994,-0.025198855,-0.531304848,-0.217440447,-0.7430830001831055,-0.5381276607513428,1.267760157585144,0.8553164005279541,0.02360646240413189,-0.4830864369869232,-0.18575282394886017
redkitchen,test,seq-14,redkitchen/seq-14/frame-000760.color.png,-0.87051201,-0.50497985,1.2797914,0.815777244,-0.026326427,-0.535438774,-0.217070789,-0.7936878204345703,-0.5040302276611328,1.2361031770706177,0.8742451667785645,0.027234399691224098,-0.4526004493236542,-0.17351214587688446
redkitchen,test,seq-14,redkitchen/seq-14/frame-000761.color.png,-0.86616564,-0.50863886,1.2840021,0.81299592,-0.026814099,-0.539992042,-0.216164827,-0.7803249359130859,-0.4971480965614319,1.2332847118377686,0.8738921880722046,0.019233671948313713,-0.45334377884864807,-0.17441880702972412
redkitchen,test,seq-14,redkitchen/seq-14/frame-000762.color.png,-0.86087817,-0.50579762,1.2858235,0.810080844,-0.025932913,-0.545517473,-0.213324157,-0.8352447748184204,-0.47626620531082153,1.2229633331298828,0.8679101467132568,0.02674047462642193,-0.46169188618659973,-0.1812664121389389
redkitchen,test,seq-14,redkitchen/seq-14/frame-000763.color.png,-0.85585272,-0.5081805,1.2904739,0.806029514,-0.026087134,-0.553070482,-0.209162437,-0.8408429026603699,-0.5017517805099487,1.2627665996551514,0.858823835849762,0.017507322132587433,-0.4772526025772095,-0.1853243112564087
redkitchen,test,seq-14,redkitchen/seq-14/frame-000764.color.png,-0.8535108,-0.51654023,1.2914561,0.802757555,-0.027361377,-0.558691368,-0.20662918,-0.816791296005249,-0.5901635885238647,1.3188540935516357,0.8490873575210571,0.009657750837504864,-0.49501514434814453,-0.18416686356067657
redkitchen,test,seq-14,redkitchen/seq-14/frame-000765.color.png,-0.8512255,-0.52071464,1.291484,0.801163413,-0.026091473,-0.560726062,-0.207467357,-0.8311454057693481,-0.6152601838111877,1.3407416343688965,0.8445142507553101,0.01708410121500492,-0.5020055174827576,-0.18572619557380676
redkitchen,test,seq-14,redkitchen/seq-14/frame-000766.color.png,-0.84825224,-0.51858294,1.291914,0.800587874,-0.022569939,-0.560761228,-0.209991664,-0.8242326378822327,-0.6194210052490234,1.3294168710708618,0.8396035432815552,0.019656263291835785,-0.5091566443443298,-0.18825256824493408
redkitchen,test,seq-14,redkitchen/seq-14/frame-000767.color.png,-0.84546798,-0.52546638,1.2953659,0.798905926,-0.023951417,-0.562715526,-0.211013951,-0.8081720471382141,-0.5830335021018982,1.2953163385391235,0.8476468920707703,0.022493941709399223,-0.4979422092437744,-0.18177562952041626
redkitchen,test,seq-14,redkitchen/seq-14/frame-000768.color.png,-0.84249252,-0.52570593,1.2962029,0.797009503,-0.022846163,-0.564808941,-0.212708168,-0.8086085915565491,-0.5687296986579895,1.264927625656128,0.8416776061058044,0.019960567355155945,-0.5058382153511047,-0.18790443241596222
redkitchen,test,seq-14,redkitchen/seq-14/frame-000769.color.png,-0.83857465,-0.52865148,1.3006399,0.794032378,-0.022983843,-0.569190493,-0.212147373,-0.8322961926460266,-0.545198917388916,1.2450380325317383,0.8524934649467468,0.01672005094587803,-0.4890631437301636,-0.1838276982307434
redkitchen,test,seq-14,redkitchen/seq-14/frame-000770.color.png,-0.83387923,-0.52157331,1.3007661,0.790869487,-0.017736727,-0.573292805,-0.21341561,-0.8760350942611694,-0.5366233587265015,1.2618783712387085,0.8477281928062439,0.015232956036925316,-0.4971899390220642,-0.18419307470321655
redkitchen,test,seq-14,redkitchen/seq-14/frame-000771.color.png,-0.83234924,-0.53636611,1.3036994,0.787975256,-0.020830552,-0.577574877,-0.212293067,-0.8442475199699402,-0.5418310761451721,1.2745561599731445,0.8389323949813843,0.022999756038188934,-0.5114359259605408,-0.184653177857399
redkitchen,test,seq-14,redkitchen/seq-14/frame-000772.color.png,-0.82805431,-0.53125519,1.3024107,0.786015835,-0.017383235,-0.579913679,-0.213487834,-0.908928632736206,-0.5307096838951111,1.272462010383606,0.8330020308494568,0.02826067805290222,-0.5182285904884338,-0.1916978508234024
redkitchen,test,seq-14,redkitchen/seq-14/frame-000773.color.png,-0.82498699,-0.53808641,1.3056197,0.782771451,-0.020299416,-0.584175986,-0.213530341,-0.914697527885437,-0.5727362632751465,1.3320250511169434,0.8187386989593506,0.032803695648908615,-0.5376865267753601,-0.19870616495609283
redkitchen,test,seq-14,redkitchen/seq-14/frame-000774.color.png,-0.82373536,-0.54562497,1.303731,0.781009305,-0.01862781,-0.584763567,-0.218469771,-0.8723708987236023,-0.5584359169006348,1.320023775100708,0.8187978267669678,0.033160775899887085,-0.5372863411903381,-0.19948440790176392
redkitchen,test,seq-14,redkitchen/seq-14/frame-000775.color.png,-0.82126641,-0.54617798,1.3039123,0.781009891,-0.016693556,-0.583614455,-0.22167328,-0.8499135375022888,-0.5537909269332886,1.30722177028656,0.8043599128723145,0.03133375570178032,-0.5549280643463135,-0.20994819700717926
redkitchen,test,seq-14,redkitchen/seq-14/frame-000776.color.png,-0.81823808,-0.54994607,1.3039629,0.780815149,-0.015270165,-0.58299858,-0.224069591,-0.8439157605171204,-0.5637447237968445,1.3071017265319824,0.805202841758728,0.03450311720371246,-0.553382158279419,-0.21029996871948242
redkitchen,test,seq-14,redkitchen/seq-14/frame-000777.color.png,-0.81518418,-0.55241615,1.304081,0.780172309,-0.013307192,-0.583203174,-0.225894103,-0.8694152235984802,-0.5625575184822083,1.3155399560928345,0.8139260411262512,0.03166792914271355,-0.5416019558906555,-0.20781923830509186
redkitchen,test,seq-14,redkitchen/seq-14/frame-000778.color.png,-0.81182337,-0.55042374,1.3041217,0.779566242,-0.008922149,-0.583248876,-0.228073711,-0.8248474597930908,-0.527823269367218,1.2782018184661865,0.8088971972465515,0.034612275660037994,-0.5477465391159058,-0.2108578085899353
redkitchen,test,seq-14,redkitchen/seq-14/frame-000779.color.png,-0.80880874,-0.55629176,1.3050532,0.778724519,-0.006643582,-0.584294548,-0.228350319,-0.8313571214675903,-0.5553615689277649,1.313827395439148,0.8036723732948303,0.03021988458931446,-0.5546351671218872,-0.2134881317615509
redkitchen,test,seq-14,redkitchen/seq-14/frame-000780.color.png,-0.80510926,-0.55763131,1.3040913,0.777783307,-0.002864994,-0.585831325,-0.227698438,-0.8158792853355408,-0.5539724230766296,1.3220268487930298,0.8006334900856018,0.031582340598106384,-0.5577439069747925,-0.2165878713130951
redkitchen,test,seq-14,redkitchen/seq-14/frame-000781.color.png,-0.80178589,-0.56086302,1.3037275,0.776355312,2.15e-05,-0.588329054,-0.226144542,-0.8575925230979919,-0.5356552600860596,1.310183048248291,0.8092583417892456,0.03664231300354004,-0.5475464463233948,-0.20964521169662476
redkitchen,test,seq-14,redkitchen/seq-14/frame-000782.color.png,-0.79958302,-0.56158435,1.3021505,0.775989752,0.003319036,-0.588985447,-0.225665753,-0.8473895788192749,-0.5424049496650696,1.3045505285263062,0.8073375225067139,0.03843989595770836,-0.5490843057632446,-0.21268492937088013
redkitchen,test,seq-14,redkitchen/seq-14/frame-000783.color.png,-0.7980231,-0.571666,1.3006788,0.776477389,0.004786312,-0.588969325,-0.223997968,-0.8593199849128723,-0.5452163815498352,1.2952687740325928,0.8077125549316406,0.04085740074515343,-0.5492913722991943,-0.21026204526424408
redkitchen,test,seq-14,redkitchen/seq-14/frame-000784.color.png,-0.79567677,-0.57414478,1.3017421,0.776733772,0.007730198,-0.589306456,-0.222132374,-0.820431113243103,-0.5626193881034851,1.2924784421920776,0.8066935539245605,0.030104847624897957,-0.551087498664856,-0.2112860530614853
redkitchen,test,seq-14,redkitchen/seq-14/frame-000785.color.png,-0.79399109,-0.57674795,1.300468,0.777354612,0.009834858,-0.589093289,-0.220436341,-0.807978630065918,-0.576400101184845,1.2883254289627075,0.8097016215324402,0.03019581362605095,-0.5483126044273376,-0.20694135129451752
redkitchen,test,seq-14,redkitchen/seq-14/frame-000786.color.png,-0.79314685,-0.58234853,1.2980568,0.777975663,0.012123942,-0.587714382,-0.221807762,-0.7795391082763672,-0.5867701172828674,1.3099992275238037,0.802361249923706,0.036020223051309586,-0.5571862459182739,-0.21086116135120392
redkitchen,test,seq-14,redkitchen/seq-14/frame-000787.color.png,-0.79235137,-0.58518022,1.2961358,0.779152195,0.014854629,-0.584727267,-0.225377949,-0.7772794961929321,-0.596119225025177,1.3200525045394897,0.8076866865158081,0.041321489959955215,-0.5505960583686829,-0.20683030784130096
redkitchen,test,seq-14,redkitchen/seq-14/frame-000788.color.png,-0.79092711,-0.58682615,1.2969208,0.780966068,0.014876462,-0.58233824,-0.22528397,-0.7773365378379822,-0.577775239944458,1.3023687601089478,0.8084027171134949,0.04709761589765549,-0.5491706728935242,-0.20658783614635468
redkitchen,test,seq-14,redkitchen/seq-14/frame-000789.color.png,-0.78907269,-0.58597225,1.2975321,0.782516908,0.015877664,-0.580891541,-0.223562533,-0.7730580568313599,-0.6113247275352478,1.3390377759933472,0.8049935698509216,0.044422995299100876,-0.5539653897285461,-0.2076881229877472
redkitchen,test,seq-14,redkitchen/seq-14/frame-000790.color.png,-0.78734052,-0.58404332,1.2976067,0.784015388,0.017573363,-0.579484027,-0.221831717,-0.820160984992981,-0.6183022260665894,1.36710786819458,0.8085325956344604,0.047434836626052856,-0.5499306321144104,-0.20396378636360168
redkitchen,test,seq-14,redkitchen/seq-14/frame-000791.color.png,-0.78545392,-0.58846468,1.2963543,0.785804639,0.017324082,-0.577982588,-0.219424414,-0.7877309918403625,-0.6193135976791382,1.3794946670532227,0.8073326349258423,0.04783276841044426,-0.5523036122322083,-0.2022048383951187
redkitchen,test,seq-14,redkitchen/seq-14/frame-000792.color.png,-0.78351367,-0.59048456,1.2958046,0.787555843,0.017394927,-0.575935035,-0.218522414,-0.761163055896759,-0.6132864356040955,1.3788094520568848,0.8101198077201843,0.051335498690605164,-0.5484212040901184,-0.20076006650924683
redkitchen,test,seq-14,redkitchen/seq-14/frame-000793.color.png,-0.78154832,-0.59469527,1.2963942,0.789388057,0.017561985,-0.573243829,-0.218973937,-0.7369840145111084,-0.5926597714424133,1.335331678390503,0.8172757625579834,0.0488220676779747,-0.5396817922592163,-0.1960109919309616
redkitchen,test,seq-14,redkitchen/seq-14/frame-000794.color.png,-0.77861989,-0.59388572,1.2969049,0.791644128,0.019407907,-0.569844053,-0.219546491,-0.7643542289733887,-0.5707603693008423,1.3367021083831787,0.8139777183532715,0.054845139384269714,-0.5428296327590942,-0.199419766664505
redkitchen,test,seq-14,redkitchen/seq-14/frame-000795.color.png,-0.77501965,-0.59654891,1.2978169,0.793446664,0.019598283,-0.567852191,-0.218179259,-0.7674381732940674,-0.5775989890098572,1.3686398267745972,0.8109639286994934,0.059267185628414154,-0.5461776256561279,-0.20128314197063446
redkitchen,test,seq-14,redkitchen/seq-14/frame-000796.color.png,-0.77141309,-0.60010839,1.2978826,0.795544231,0.02044979,-0.565184863,-0.217387335,-0.7562295198440552,-0.5680731534957886,1.3646984100341797,0.8158372044563293,0.06272560358047485,-0.5396271347999573,-0.19818587601184845
redkitchen,test,seq-14,redkitchen/seq-14/frame-000797.color.png,-0.76726341,-0.60259014,1.2972077,0.797242083,0.020809101,-0.562697148,-0.217586678,-0.7362146973609924,-0.5749883055686951,1.3869500160217285,0.8134944438934326,0.06842171400785446,-0.5416906476020813,-0.20029106736183167
redkitchen,test,seq-14,redkitchen/seq-14/frame-000798.color.png,-0.76307625,-0.60756493,1.2982839,0.799393268,0.021197658,-0.559748774,-0.217261068,-0.7747467160224915,-0.6042424440383911,1.4034855365753174,0.8124208450317383,0.06611233949661255,-0.5424273610115051,-0.20340631902217865
redkitchen,test,seq-14,redkitchen/seq-14/frame-000799.color.png,-0.7576592,-0.6113584,1.2996095,0.801350887,0.024169442,-0.55678736,-0.217348639,-0.7285048961639404,-0.6263325214385986,1.4171748161315918,0.8108722567558289,0.0641484335064888,-0.54499351978302,-0.20335496962070465
redkitchen,test,seq-14,redkitchen/seq-14/frame-000800.color.png,-0.75203818,-0.61002707,1.2988938,0.802926007,0.026738419,-0.554442078,-0.217229982,-0.7255258560180664,-0.6232796311378479,1.3851913213729858,0.8099249005317688,0.06183631718158722,-0.5466242432594299,-0.20346948504447937
redkitchen,test,seq-14,redkitchen/seq-14/frame-000801.color.png,-0.7473368,-0.61362875,1.2974868,0.804562268,0.02830258,-0.551631929,-0.218130088,-0.6982263326644897,-0.5956848859786987,1.361323595046997,0.808562695980072,0.06631893664598465,-0.5484986901283264,-0.20242853462696075
redkitchen,test,seq-14,redkitchen/seq-14/frame-000802.color.png,-0.74188983,-0.61416858,1.299438,0.807019662,0.031503024,-0.547889182,-0.218046483,-0.6911455988883972,-0.6019803285598755,1.3668503761291504,0.8139631152153015,0.06693495064973831,-0.5407630801200867,-0.2013930082321167
redkitchen,test,seq-14,redkitchen/seq-14/frame-000803.color.png,-0.73531866,-0.61451584,1.3003138,0.808930538,0.033867497,-0.545878239,-0.21564166,-0.7045155167579651,-0.6346893906593323,1.411842942237854,0.8115866780281067,0.0649256780743599,-0.5457045435905457,-0.19828850030899048
redkitchen,test,seq-14,redkitchen/seq-14/frame-000804.color.png,-0.72922724,-0.61756289,1.298882,0.810517562,0.035165958,-0.54453128,-0.212862213,-0.7494516372680664,-0.6363980770111084,1.4562861919403076,0.8161006569862366,0.06668687611818314,-0.5381024479866028,-0.19994544982910156
redkitchen,test,seq-14,redkitchen/seq-14/frame-000805.color.png,-0.72472495,-0.61583889,1.3113321,0.811850858,0.041524765,-0.54220739,-0.212567696,-0.699851393699646,-0.6491310000419617,1.4483386278152466,0.8119199872016907,0.07065977901220322,-0.5440139770507812,-0.19960448145866394
redkitchen,test,seq-14,redkitchen/seq-14/frame-000806.color.png,-0.72087497,-0.61588824,1.3196232,0.813172041,0.047806427,-0.539421869,-0.213283437,-0.6976469159126282,-0.6410654783248901,1.453041434288025,0.815785825252533,0.07063056528568268,-0.5394312143325806,-0.19626186788082123
redkitchen,test,seq-14,redkitchen/seq-14/frame-000807.color.png,-0.71545082,-0.62216192,1.3180338,0.81504434,0.046778139,-0.537639698,-0.210850862,-0.7193159461021423,-0.6222243905067444,1.4365485906600952,0.8159348964691162,0.07240261137485504,-0.5396660566329956,-0.19434131681919098
redkitchen,test,seq-14,redkitchen/seq-14/frame-000808.color.png,-0.70998973,-0.62653494,1.3177352,0.817623088,0.045365453,-0.535666649,-0.206144858,-0.723939836025238,-0.6081022620201111,1.425155758857727,0.8217707276344299,0.07381273806095123,-0.5327784419059753,-0.1881265640258789
redkitchen,test,seq-14,redkitchen/seq-14/frame-000809.color.png,-0.70300138,-0.62154114,1.3168546,0.819892973,0.046033529,-0.534168206,-0.200800286,-0.6794182062149048,-0.627829909324646,1.4729206562042236,0.817665159702301,0.07094743102788925,-0.5390503406524658,-0.18924829363822937
redkitchen,test,seq-14,redkitchen/seq-14/frame-000810.color.png,-0.69579327,-0.6215601,1.3147262,0.822279636,0.045994216,-0.532638154,-0.195031612,-0.6967077255249023,-0.6302685737609863,1.4690395593643188,0.8196642398834229,0.06818334758281708,-0.5379817485809326,-0.1846001297235489
redkitchen,test,seq-14,redkitchen/seq-14/frame-000811.color.png,-0.68752587,-0.62196761,1.3142217,0.824205013,0.043466309,-0.53215483,-0.188700858,-0.6778360605239868,-0.6366984844207764,1.488535761833191,0.8212172389030457,0.06413573026657104,-0.5371706485748291,-0.1814844012260437
redkitchen,test,seq-14,redkitchen/seq-14/frame-000812.color.png,-0.68041134,-0.61633939,1.3103697,0.825237737,0.042047244,-0.531775121,-0.185553029,-0.6693005561828613,-0.6452574133872986,1.4925659894943237,0.8255758285522461,0.06307344138622284,-0.5317268967628479,-0.17808085680007935
redkitchen,test,seq-14,redkitchen/seq-14/frame-000813.color.png,-0.67402142,-0.61848426,1.3084633,0.826793409,0.039018098,-0.530977819,-0.181529071,-0.6965109705924988,-0.624434769153595,1.4915153980255127,0.8341578245162964,0.061324551701545715,-0.5207502245903015,-0.1709950566291809
redkitchen,test,seq-14,redkitchen/seq-14/frame-000814.color.png,-0.67396182,-0.61834764,1.3092145,0.826821258,0.038617975,-0.531065483,-0.181231102,-0.6965109705924988,-0.624434769153595,1.4915153980255127,0.8341578245162964,0.061324551701545715,-0.5207502245903015,-0.1709950566291809
redkitchen,test,seq-14,redkitchen/seq-14/frame-000815.color.png,-0.66556817,-0.61364055,1.3080138,0.82804887,0.038187391,-0.530874612,-0.176207091,-0.682161271572113,-0.64799964427948,1.5066524744033813,0.8303976655006409,0.06059723347425461,-0.5254903435707092,-0.17500737309455872
redkitchen,test,seq-14,redkitchen/seq-14/frame-000816.color.png,-0.65764159,-0.60764438,1.3030965,0.827848298,0.038031398,-0.53177926,-0.174446628,-0.6709962487220764,-0.6075982451438904,1.4646964073181152,0.8408929705619812,0.060519926249980927,-0.5121018886566162,-0.16428010165691376
redkitchen,test,seq-14,redkitchen/seq-14/frame-000817.color.png,-0.6509859,-0.61050791,1.3016073,0.827486917,0.034051822,-0.533440348,-0.171893194,-0.6646826267242432,-0.617190420627594,1.473330020904541,0.8349458575248718,0.06544797867536545,-0.5198228359222412,-0.16842250525951385
redkitchen,test,seq-14,redkitchen/seq-14/frame-000818.color.png,-0.64468569,-0.6131013,1.3007183,0.827330184,0.032995133,-0.533766654,-0.171840762,-0.6609752774238586,-0.6311790347099304,1.4728608131408691,0.8356011509895325,0.06400486081838608,-0.5190578103065491,-0.1680862307548523
redkitchen,test,seq-14,redkitchen/seq-14/frame-000819.color.png,-0.6369307,-0.607265,1.2975537,0.828018156,0.032616751,-0.533329691,-0.169945641,-0.6668621897697449,-0.6338422298431396,1.4819421768188477,0.8336282968521118,0.0640590488910675,-0.5218469500541687,-0.16922183334827423
redkitchen,test,seq-14,redkitchen/seq-14/frame-000820.color.png,-0.63001591,-0.6019569,1.2933477,0.827880306,0.032783092,-0.533439316,-0.1702409,-0.6280024647712708,-0.6122161149978638,1.4578046798706055,0.8359318375587463,0.06195022538304329,-0.5188080072402954,-0.167983278632164
redkitchen,test,seq-14,redkitchen/seq-14/frame-000821.color.png,-0.62416083,-0.60275728,1.2900904,0.827865873,0.030486873,-0.533537091,-0.170431276,-0.6013373732566833,-0.6116802096366882,1.4599336385726929,0.8319023847579956,0.060096025466918945,-0.524879515171051,-0.16978919506072998
redkitchen,test,seq-14,redkitchen/seq-14/frame-000822.color.png,-0.61726248,-0.59987056,1.2893914,0.82819576,0.030886697,-0.533113825,-0.170080701,-0.6059646606445312,-0.6183229684829712,1.4650191068649292,0.8325502872467041,0.05872185900807381,-0.5241575241088867,-0.16932432353496552
redkitchen,test,seq-14,redkitchen/seq-14/frame-000823.color.png,-0.61057669,-0.60012245,1.2820873,0.828775593,0.030153079,-0.532179298,-0.170314425,-0.6060265898704529,-0.6075218319892883,1.4671968221664429,0.8322640061378479,0.06303533911705017,-0.5239989161491394,-0.16967090964317322
redkitchen,test,seq-14,redkitchen/seq-14/frame-000824.color.png,-0.60318214,-0.597772,1.2776202,0.830019911,0.030309819,-0.530041426,-0.1708928,-0.6261778473854065,-0.609572172164917,1.467371940612793,0.8401800990104675,0.062215421348810196,-0.5123419165611267,-0.16653019189834595
redkitchen,test,seq-14,redkitchen/seq-14/frame-000825.color.png,-0.59430987,-0.60170913,1.2725451,0.831749133,0.027002909,-0.528087662,-0.16907881,-0.6216915845870972,-0.6464999914169312,1.484825611114502,0.8312889337539673,0.060679249465465546,-0.5243414640426636,-0.1741919368505478
redkitchen,test,seq-14,redkitchen/seq-14/frame-000826.color.png,-0.58443159,-0.59231257,1.2729412,0.833691432,0.029314865,-0.525214033,-0.168075738,-0.624754011631012,-0.5726456642150879,1.431349754333496,0.846565842628479,0.07308100163936615,-0.5016524791717529,-0.16226589679718018
redkitchen,test,seq-14,redkitchen/seq-14/frame-000827.color.png,-0.57543027,-0.5904417,1.2671009,0.836268557,0.028883139,-0.521825646,-0.16588749,-0.6106786131858826,-0.5527763366699219,1.3854904174804688,0.853218674659729,0.07483135908842087,-0.4918045699596405,-0.15667282044887543
redkitchen,test,seq-14,redkitchen/seq-14/frame-000828.color.png,-0.56554842,-0.5875591,1.2636526,0.838956598,0.028901905,-0.518149687,-0.163821273,-0.6880776286125183,-0.5262548923492432,1.3561285734176636,0.8663389682769775,0.07599673420190811,-0.4711885154247284,-0.1471821516752243
redkitchen,test,seq-14,redkitchen/seq-14/frame-000829.color.png,-0.55533618,-0.58441114,1.2610154,0.841898628,0.027202063,-0.514470794,-0.160581909,-0.6606839299201965,-0.5497185587882996,1.4034725427627563,0.8641670346260071,0.06572268158197403,-0.477847158908844,-0.14338025450706482
redkitchen,test,seq-14,redkitchen/seq-14/frame-000830.color.png,-0.54431188,-0.58561599,1.2565633,0.844278941,0.023527289,-0.511453073,-0.158288631,-0.6065199971199036,-0.5804830193519592,1.4236905574798584,0.8587000966072083,0.0593130886554718,-0.48804324865341187,-0.14467160403728485
redkitchen,test,seq-14,redkitchen/seq-14/frame-000831.color.png,-0.53367364,-0.58506817,1.2514697,0.847042461,0.021322188,-0.50703695,-0.158044185,-0.6215923428535461,-0.5702011585235596,1.406462550163269,0.8647403120994568,0.061349622905254364,-0.47852823138237,-0.1395389288663864
redkitchen,test,seq-14,redkitchen/seq-14/frame-000832.color.png,-0.52297294,-0.58467251,1.246752,0.850373671,0.0186277,-0.501860926,-0.157013499,-0.6561738848686218,-0.5294936299324036,1.3458549976348877,0.8741083741188049,0.05875012278556824,-0.4624229669570923,-0.1365576833486557
redkitchen,test,seq-14,redkitchen/seq-14/frame-000833.color.png,-0.51160848,-0.58077639,1.2425722,0.853705879,0.017856107,-0.496355354,-0.156520907,-0.6565433740615845,-0.5252924561500549,1.3487821817398071,0.8786033987998962,0.05390159785747528,-0.45394062995910645,-0.1381615251302719
redkitchen,test,seq-14,redkitchen/seq-14/frame-000834.color.png,-0.49978042,-0.57649863,1.2387207,0.856738253,0.018355834,-0.49163134,-0.154794234,-0.6336796283721924,-0.5560543537139893,1.3494067192077637,0.8782535791397095,0.054588086903095245,-0.454720139503479,-0.13755173981189728
redkitchen,test,seq-14,redkitchen/seq-14/frame-000835.color.png,-0.48692498,-0.57630986,1.238826,0.858966157,0.017036264,-0.489051278,-0.150717464,-0.6468223929405212,-0.5421320796012878,1.3478721380233765,0.8817763924598694,0.05686049535870552,-0.45027822256088257,-0.12840086221694946
redkitchen,test,seq-14,redkitchen/seq-14/frame-000836.color.png,-0.47527188,-0.57355928,1.2352836,0.861046756,0.018262014,-0.485836465,-0.149090285,-0.5423859357833862,-0.5726917386054993,1.3875973224639893,0.8772473335266113,0.051742494106292725,-0.45919859409332275,-0.12998650968074799
redkitchen,test,seq-14,redkitchen/seq-14/frame-000837.color.png,-0.46280271,-0.57013202,1.2318082,0.863582562,0.019663456,-0.481419825,-0.148571395,-0.5363573431968689,-0.5359030961990356,1.332776665687561,0.8832955956459045,0.058555107563734055,-0.4469953775405884,-0.12866750359535217
redkitchen,test,seq-14,redkitchen/seq-14/frame-000838.color.png,-0.4509522,-0.56787318,1.2285078,0.866476536,0.02012306,-0.476004013,-0.14910954,-0.530320942401886,-0.5345816612243652,1.3276937007904053,0.8897796273231506,0.05280071869492531,-0.43653547763824463,-0.12223365157842636
redkitchen,test,seq-14,redkitchen/seq-14/frame-000839.color.png,-0.44115183,-0.56613004,1.2243587,0.869490247,0.019789248,-0.47020965,-0.149993268,-0.4888134002685547,-0.5439419746398926,1.3709038496017456,0.8860917687416077,0.050784818828105927,-0.4439716637134552,-0.1230916753411293
redkitchen,test,seq-14,redkitchen/seq-14/frame-000840.color.png,-0.43023556,-0.56225252,1.2214872,0.872519868,0.020707032,-0.464780973,-0.149194323,-0.5001883506774902,-0.5452893972396851,1.3148506879806519,0.8845033645629883,0.049843929708004,-0.4476396143436432,-0.12160665541887283
redkitchen,test,seq-14,redkitchen/seq-14/frame-000841.color.png,-0.41842526,-0.56161785,1.2189213,0.874858768,0.020614031,-0.461283196,-0.146338686,-0.45585960149765015,-0.610231876373291,1.4196438789367676,0.8754987120628357,0.036894358694553375,-0.4636244475841522,-0.13112309575080872
redkitchen,test,seq-14,redkitchen/seq-14/frame-000842.color.png,-0.40549886,-0.55851465,1.217707,0.875772434,0.021484521,-0.45960693,-0.146022359,-0.4282774329185486,-0.5941780805587769,1.3937175273895264,0.8810299634933472,0.04419771209359169,-0.45433712005615234,-0.12413938343524933
redkitchen,test,seq-14,redkitchen/seq-14/frame-000843.color.png,-0.39498135,-0.56057644,1.2143222,0.877279731,0.021465607,-0.456122858,-0.14788996,-0.43572014570236206,-0.57457435131073,1.3722336292266846,0.8795704245567322,0.05041868984699249,-0.4560921788215637,-0.12567341327667236
redkitchen,test,seq-14,redkitchen/seq-14/frame-000844.color.png,-0.38449201,-0.56075209,1.2104976,0.880032338,0.023242221,-0.450417534,-0.148751227,-0.4297085404396057,-0.5685638189315796,1.3657561540603638,0.8766282796859741,0.058535970747470856,-0.4587390124797821,-0.1328718215227127
redkitchen,test,seq-14,redkitchen/seq-14/frame-000845.color.png,-0.37392133,-0.56030667,1.2057186,0.882926325,0.024544036,-0.445246444,-0.146949986,-0.4196421504020691,-0.5866143703460693,1.3856956958770752,0.8778654932975769,0.05148833990097046,-0.4590337872505188,-0.12644769251346588
redkitchen,test,seq-14,redkitchen/seq-14/frame-000846.color.png,-0.36135963,-0.55753398,1.2041245,0.883881673,0.026192649,-0.443328748,-0.146719989,-0.38781532645225525,-0.6114340424537659,1.4176476001739502,0.875946044921875,0.04440927505493164,-0.46295008063316345,-0.12815459072589874
redkitchen,test,seq-14,redkitchen/seq-14/frame-000847.color.png,-0.35156104,-0.5613569,1.2006903,0.885433601,0.02718166,-0.439446974,-0.148845062,-0.3879772424697876,-0.5714748501777649,1.3670140504837036,0.8822385668754578,0.05209927633404732,-0.44925275444984436,-0.13081561028957367
redkitchen,test,seq-14,redkitchen/seq-14/frame-000848.color.png,-0.34236899,-0.55998373,1.1955549,0.888540755,0.030969135,-0.432359754,-0.150337229,-0.42153915762901306,-0.5574249029159546,1.307066559791565,0.8870625495910645,0.05341105908155441,-0.4401032626628876,-0.12874935567378998
redkitchen,test,seq-14,redkitchen/seq-14/frame-000849.color.png,-0.33194795,-0.56025672,1.1909044,0.891535416,0.033237419,-0.426345354,-0.149296738,-0.36702466011047363,-0.5650039911270142,1.2955379486083984,0.8886100053787231,0.04927825927734375,-0.43778249621391296,-0.12763401865959167
redkitchen,test,seq-14,redkitchen/seq-14/frame-000850.color.png,-0.32257181,-0.5601083,1.1870029,0.893574472,0.035064764,-0.422065141,-0.148849393,-0.33722227811813354,-0.5945584177970886,1.2840232849121094,0.8826234936714172,0.041016437113285065,-0.4485512673854828,-0.13451816141605377
redkitchen,test,seq-14,redkitchen/seq-14/frame-000851.color.png,-0.31183818,-0.56040484,1.1851623,0.894623355,0.037121031,-0.419565553,-0.149116828,-0.30190473794937134,-0.6248471736907959,1.300400733947754,0.8785820007324219,0.03763421252369881,-0.4548850357532501,-0.1405593901872635
redkitchen,test,seq-14,redkitchen/seq-14/frame-000852.color.png,-0.30223063,-0.56113482,1.1825376,0.896187349,0.039922145,-0.415904388,-0.149258161,-0.3188338577747345,-0.635110080242157,1.3475735187530518,0.8708530068397522,0.044385876506567,-0.4660256505012512,-0.14988332986831665
redkitchen,test,seq-14,redkitchen/seq-14/frame-000853.color.png,-0.29285058,-0.56047547,1.1797847,0.897786476,0.043263876,-0.412449778,-0.148299901,-0.3256775140762329,-0.6431059837341309,1.3671320676803589,0.8646324872970581,0.043747954070568085,-0.4772881269454956,-0.1506417989730835
redkitchen,test,seq-14,redkitchen/seq-14/frame-000854.color.png,-0.28438705,-0.56224686,1.1768522,0.898600641,0.044377677,-0.410785984,-0.147656308,-0.3404639661312103,-0.6382753252983093,1.34561288356781,0.872991681098938,0.0477132610976696,-0.46236884593963623,-0.14772923290729523
redkitchen,test,seq-14,redkitchen/seq-14/frame-000855.color.png,-0.27346614,-0.56257319,1.1783916,0.898338266,0.04738743,-0.410797705,-0.148283636,-0.3371763825416565,-0.624891459941864,1.34220552444458,0.8727763295173645,0.05259203165769577,-0.46187934279441833,-0.14887256920337677
redkitchen,test,seq-14,redkitchen/seq-14/frame-000856.color.png,-0.2654632,-0.56310308,1.1765256,0.899630501,0.050964133,-0.40794571,-0.147132308,-0.25382742285728455,-0.6146068572998047,1.3786377906799316,0.8605896830558777,0.06443238258361816,-0.481059193611145,-0.1543242186307907
redkitchen,test,seq-14,redkitchen/seq-14/frame-000857.color.png,-0.25632921,-0.56473064,1.1766737,0.901344113,0.053669447,-0.405343949,-0.142809885,-0.25612911581993103,-0.6116766333580017,1.3411527872085571,0.866736888885498,0.06769106537103653,-0.4699852764606476,-0.1526394635438919
redkitchen,test,seq-14,redkitchen/seq-14/frame-000858.color.png,-0.24658491,-0.56524575,1.1787655,0.901873305,0.054146809,-0.405725411,-0.138128767,-0.24651670455932617,-0.6107612252235413,1.305274248123169,0.8711526393890381,0.057653576135635376,-0.4655221998691559,-0.14511415362358093
redkitchen,test,seq-14,redkitchen/seq-14/frame-000859.color.png,-0.23838815,-0.56433529,1.1799748,0.902036311,0.054164302,-0.405842797,-0.136705324,-0.17769776284694672,-0.6303778886795044,1.3258885145187378,0.8696187138557434,0.05300552397966385,-0.4679652154445648,-0.1481967717409134
redkitchen,test,seq-14,redkitchen/seq-14/frame-000860.color.png,-0.23103632,-0.5644266,1.1805152,0.903437551,0.052973576,-0.403205625,-0.135718884,-0.1202901229262352,-0.6293632388114929,1.3166440725326538,0.8723030686378479,0.05583024397492409,-0.46314018964767456,-0.14653155207633972
redkitchen,test,seq-14,redkitchen/seq-14/frame-000861.color.png,-0.22513705,-0.56491303,1.180052,0.90551223,0.051812492,-0.399165843,-0.134274704,-0.20331722497940063,-0.6239748001098633,1.3202605247497559,0.8785241842269897,0.05912357568740845,-0.45308053493499756,-0.13934734463691711
redkitchen,test,seq-14,redkitchen/seq-14/frame-000862.color.png,-0.21844368,-0.56623667,1.181282,0.907465164,0.050465874,-0.396042194,-0.130808073,-0.23199462890625,-0.6047942638397217,1.285776972770691,0.8824356198310852,0.05427081137895584,-0.4466475546360016,-0.137361079454422
redkitchen,test,seq-14,redkitchen/seq-14/frame-000863.color.png,-0.21181972,-0.56631607,1.182075,0.908615274,0.050139799,-0.393996968,-0.129114966,-0.1839408427476883,-0.6021032929420471,1.2593142986297607,0.8799451589584351,0.049265895038843155,-0.45216310024261475,-0.13717813789844513
redkitchen,test,seq-14,redkitchen/seq-14/frame-000864.color.png,-0.20492283,-0.56497431,1.1824847,0.910315266,0.049648108,-0.390157834,-0.128988553,-0.19849956035614014,-0.6224321126937866,1.3214856386184692,0.891359269618988,0.053211212158203125,-0.4307222068309784,-0.13086466491222382
redkitchen,test,seq-14,redkitchen/seq-14/frame-000865.color.png,-0.19978553,-0.56815165,1.180872,0.913104341,0.046643723,-0.383774512,-0.129545167,-0.17850466072559357,-0.5965868234634399,1.2703711986541748,0.9038370847702026,0.05107496306300163,-0.40692198276519775,-0.12200158089399338
redkitchen,test,seq-14,redkitchen/seq-14/frame-000866.color.png,-0.19433114,-0.57130486,1.1800929,0.915627513,0.043183415,-0.378793533,-0.12758099,-0.23948879539966583,-0.596803605556488,1.2100189924240112,0.9096313118934631,0.05330445244908333,-0.3930692970752716,-0.12339400500059128
redkitchen,test,seq-14,redkitchen/seq-14/frame-000867.color.png,-0.1859442,-0.57377803,1.1822881,0.916873859,0.040582217,-0.376664356,-0.125775092,-0.2333018034696579,-0.5910650491714478,1.1532478332519531,0.9081781506538391,0.04778601974248886,-0.3970106542110443,-0.1237395703792572
redkitchen,test,seq-14,redkitchen/seq-14/frame-000868.color.png,-0.17705242,-0.57598543,1.1838093,0.917758297,0.040129475,-0.374263791,-0.126633125,-0.22479741275310516,-0.6162671446800232,1.2148174047470093,0.9079099893569946,0.05244866758584976,-0.39828062057495117,-0.11967093497514725
redkitchen,test,seq-14,redkitchen/seq-14/frame-000869.color.png,-0.16934542,-0.57918799,1.1842722,0.919416388,0.03967716,-0.369293734,-0.129311121,-0.20432640612125397,-0.6019065380096436,1.1824275255203247,0.907954216003418,0.04015215486288071,-0.39896005392074585,-0.12181071937084198
redkitchen,test,seq-14,redkitchen/seq-14/frame-000870.color.png,-0.16003461,-0.58236969,1.1855319,0.921498479,0.037716459,-0.36386543,-0.130460612,-0.20561257004737854,-0.6058008670806885,1.1497220993041992,0.9207006692886353,0.03829437121748924,-0.3691093325614929,-0.12083861976861954
redkitchen,test,seq-14,redkitchen/seq-14/frame-000871.color.png,-0.15192512,-0.58962417,1.186388,0.923039596,0.034385531,-0.360040297,-0.131097386,-0.2748039662837982,-0.6072821021080017,1.1585500240325928,0.9250452518463135,0.04066254571080208,-0.35706040263175964,-0.12306743115186691
redkitchen,test,seq-14,redkitchen/seq-14/frame-000872.color.png,-0.13971043,-0.59258139,1.1898934,0.923794587,0.032032868,-0.358385154,-0.130910421,-0.23890647292137146,-0.6105887293815613,1.1703312397003174,0.9261054396629333,0.036563243716955185,-0.35427138209342957,-0.12443332374095917
redkitchen,test,seq-14,redkitchen/seq-14/frame-000873.color.png,-0.12852246,-0.59691918,1.193529,0.924272797,0.027044865,-0.356763678,-0.133071598,-0.18049709498882294,-0.6491404175758362,1.215623378753662,0.9180719256401062,0.0361003540456295,-0.3662658929824829,-0.14727570116519928
redkitchen,test,seq-14,redkitchen/seq-14/frame-000874.color.png,-0.11735056,-0.60138237,1.1977212,0.92446823,0.02228764,-0.355009795,-0.13722171,-0.17213372886180878,-0.6317163705825806,1.2474075555801392,0.9234319925308228,0.02600068971514702,-0.35358259081840515,-0.14688974618911743
redkitchen,test,seq-14,redkitchen/seq-14/frame-000875.color.png,-0.10889336,-0.60603809,1.2002451,0.925163539,0.016682975,-0.350912794,-0.14371609,-0.10351872444152832,-0.6050573587417603,1.235711932182312,0.9267683625221252,0.027613507583737373,-0.34637826681137085,-0.14268794655799866
redkitchen,test,seq-14,redkitchen/seq-14/frame-000876.color.png,-0.10113156,-0.6124109,1.2034417,0.926000126,0.013665519,-0.346452845,-0.14935678,-0.17239436507225037,-0.6154974699020386,1.2084345817565918,0.9343157410621643,0.030149370431900024,-0.32413172721862793,-0.14520277082920074
redkitchen,test,seq-14,redkitchen/seq-14/frame-000877.color.png,-0.092138134,-0.61753154,1.2063099,0.926675307,0.010828648,-0.342893061,-0.153557688,-0.20158447325229645,-0.59671950340271,1.1789367198944092,0.9355373978614807,0.028182916343212128,-0.32099679112434387,-0.14469504356384277
redkitchen,test,seq-14,redkitchen/seq-14/frame-000878.color.png,-0.080761097,-0.62387782,1.2113254,0.926578102,0.00663439,-0.342505453,-0.155238594,-0.15408490598201752,-0.5871405601501465,1.1817748546600342,0.9289611577987671,0.027308644726872444,-0.3395373225212097,-0.14491315186023712
redkitchen,test,seq-14,redkitchen/seq-14/frame-000879.color.png,-0.071359947,-0.62931734,1.2152828,0.926004782,0.003681058,-0.343763923,-0.155974226,-0.19946381449699402,-0.5515872240066528,1.1366554498672485,0.9345531463623047,0.03183982893824577,-0.32687628269195557,-0.13692551851272583
redkitchen,test,seq-14,redkitchen/seq-14/frame-000880.color.png,-0.06112102,-0.63272893,1.2193402,0.92490615,0.001259569,-0.345823592,-0.157965407,-0.2171483337879181,-0.5473066568374634,1.1468024253845215,0.9341334700584412,0.03588356450200081,-0.3231565058231354,-0.14723087847232819
redkitchen,test,seq-14,redkitchen/seq-14/frame-000881.color.png,-0.052311391,-0.63514644,1.222308,0.924101491,0.000627329,-0.346137043,-0.161941931,-0.15309834480285645,-0.5749428868293762,1.2056996822357178,0.9364126920700073,0.036195021122694016,-0.31973740458488464,-0.13996103405952454
redkitchen,test,seq-14,redkitchen/seq-14/frame-000882.color.png,-0.043073315,-0.63799775,1.2263466,0.923943227,-0.00124152,-0.34568875,-0.163788464,-0.16349786520004272,-0.5604683756828308,1.1895296573638916,0.9390246868133545,0.03697331249713898,-0.31414496898651123,-0.1348281055688858
redkitchen,test,seq-14,redkitchen/seq-14/frame-000883.color.png,-0.033897832,-0.63821155,1.2302142,0.923125516,-0.003677335,-0.34624293,-0.167157388,-0.08208902180194855,-0.5913295149803162,1.2433527708053589,0.9326631426811218,0.031574707478284836,-0.32822513580322266,-0.14632417261600494
redkitchen,test,seq-14,redkitchen/seq-14/frame-000884.color.png,-0.02668405,-0.6375826,1.2322683,0.922497951,-0.008972814,-0.345650769,-0.171588359,-0.0052944086492061615,-0.5740013718605042,1.2127671241760254,0.9261673092842102,0.02312442474067211,-0.34565073251724243,-0.14901277422904968
redkitchen,test,seq-14,redkitchen/seq-14/frame-000885.color.png,-0.020887543,-0.64594382,1.233706,0.922050259,-0.01750953,-0.345075978,-0.174468637,-0.1556968241930008,-0.4894145727157593,1.10759699344635,0.933684766292572,0.026256805285811424,-0.32889503240585327,-0.13918092846870422
redkitchen,test,seq-14,redkitchen/seq-14/frame-000886.color.png,-0.014532237,-0.65274376,1.2360071,0.92059843,-0.021571675,-0.347802035,-0.176258155,-0.2182532399892807,-0.5242354273796082,1.1800873279571533,0.9419540762901306,0.0230337493121624,-0.3101971447467804,-0.12637150287628174
redkitchen,test,seq-14,redkitchen/seq-14/frame-000887.color.png,-0.008828115,-0.65780103,1.2376159,0.919205031,-0.023098816,-0.350563565,-0.177858769,-0.1950456202030182,-0.5434628129005432,1.2009949684143066,0.937908411026001,0.024444885551929474,-0.3206801414489746,-0.12997908890247345
redkitchen,test,seq-14,redkitchen/seq-14/frame-000888.color.png,-0.000938602,-0.66035289,1.2382156,0.918095523,-0.023975887,-0.353354846,-0.177949771,-0.1794213205575943,-0.5251818895339966,1.1787902116775513,0.9385132789611816,0.02467307634651661,-0.3196561634540558,-0.1280781775712967
redkitchen,test,seq-14,redkitchen/seq-14/frame-000889.color.png,0.006516459,-0.66584229,1.2400734,0.916920434,-0.025801633,-0.356439512,-0.177600865,-0.1788986623287201,-0.5423915386199951,1.1800988912582397,0.9374532103538513,0.024213481694459915,-0.32013648748397827,-0.1345653086900711
redkitchen,test,seq-14,redkitchen/seq-14/frame-000890.color.png,0.014011447,-0.66661549,1.2398336,0.915244344,-0.024967259,-0.359920029,-0.179337671,-0.1640605479478836,-0.5301740765571594,1.1723157167434692,0.9369267821311951,0.025354815647006035,-0.32107359170913696,-0.13578331470489502
redkitchen,test,seq-14,redkitchen/seq-14/frame-000891.color.png,0.021257846,-0.66868573,1.2402855,0.914000149,-0.027103276,-0.36291269,-0.179341905,-0.16169419884681702,-0.5293923020362854,1.1832528114318848,0.9343637824058533,0.027950981631875038,-0.32924968004226685,-0.13333354890346527
redkitchen,test,seq-14,redkitchen/seq-14/frame-000892.color.png,0.027446251,-0.67108065,1.2387519,0.913377405,-0.028552538,-0.364721252,-0.178619364,-0.1951865702867508,-0.5651718378067017,1.2211902141571045,0.9339061379432678,0.02391962707042694,-0.3274485766887665,-0.14150817692279816
redkitchen,test,seq-14,redkitchen/seq-14/frame-000893.color.png,0.036724303,-0.67164296,1.2395885,0.911681224,-0.028726408,-0.368531097,-0.179435143,-0.17706391215324402,-0.5290090441703796,1.1956017017364502,0.9399033784866333,0.024904757738113403,-0.3158710300922394,-0.1272280514240265
redkitchen,test,seq-14,redkitchen/seq-14/frame-000894.color.png,0.042833705,-0.67323941,1.2371233,0.910124986,-0.028874399,-0.371348229,-0.181491796,-0.12326630204916,-0.5388352870941162,1.2214882373809814,0.9278856515884399,0.02633468434214592,-0.3448624610900879,-0.13930022716522217
redkitchen,test,seq-14,redkitchen/seq-14/frame-000895.color.png,0.051000386,-0.67479807,1.2354559,0.908841582,-0.028827647,-0.374152034,-0.182170803,-0.11165668070316315,-0.5448592305183411,1.2346019744873047,0.920779824256897,0.03002077154815197,-0.35913628339767456,-0.14927950501441956
redkitchen,test,seq-14,redkitchen/seq-14/frame-000896.color.png,0.059071895,-0.6763944,1.2337019,0.907470477,-0.027267714,-0.377069592,-0.183227528,-0.11870633065700531,-0.5363520979881287,1.2534178495407104,0.9160457849502563,0.02661018632352352,-0.36876100301742554,-0.15545880794525146
redkitchen,test,seq-14,redkitchen/seq-14/frame-000897.color.png,0.067123719,-0.67322063,1.231455,0.906471278,-0.025944616,-0.379494919,-0.183358409,-0.0733482763171196,-0.5680173635482788,1.2570910453796387,0.9095221161842346,0.020335352048277855,-0.38476407527923584,-0.15592503547668457
redkitchen,test,seq-14,redkitchen/seq-14/frame-000898.color.png,0.075195938,-0.67195547,1.2279171,0.905281416,-0.027336269,-0.381377232,-0.185120754,-0.0735483467578888,-0.5340717434883118,1.218520164489746,0.9203618764877319,0.019186576828360558,-0.36277052760124207,-0.14478754997253418
redkitchen,test,seq-14,redkitchen/seq-14/frame-000899.color.png,0.083530836,-0.67127293,1.2262495,0.903663282,-0.029507121,-0.38404194,-0.187173156,-0.10063494741916656,-0.5376280546188354,1.2209091186523438,0.9179724454879761,0.019758982583880424,-0.36723318696022034,-0.148579940199852
redkitchen,test,seq-14,redkitchen/seq-14/frame-000900.color.png,0.090499647,-0.6724692,1.2227277,0.902059965,-0.0324643,-0.386247788,-0.189859251,-0.0852331817150116,-0.5557901859283447,1.2285716533660889,0.9178690314292908,0.014722070656716824,-0.36838477849960327,-0.14694343507289886
redkitchen,test,seq-14,redkitchen/seq-14/frame-000901.color.png,0.097544827,-0.67455792,1.2193639,0.900679899,-0.034507418,-0.388473945,-0.191501831,-0.06707234680652618,-0.5441473722457886,1.2248417139053345,0.9252214431762695,0.015851382166147232,-0.3535553216934204,-0.13679444789886475
redkitchen,test,seq-14,redkitchen/seq-14/frame-000902.color.png,0.10577596,-0.67648429,1.2160029,0.899775212,-0.034824826,-0.390640111,-0.191290624,-0.06897269189357758,-0.555925190448761,1.276189923286438,0.9202653765678406,0.021225344389677048,-0.3615657091140747,-0.1480923891067505
redkitchen,test,seq-14,redkitchen/seq-14/frame-000903.color.png,0.11620192,-0.67569858,1.2131495,0.89878297,-0.032035119,-0.393257453,-0.191079824,-0.08685267716646194,-0.5829101800918579,1.2909834384918213,0.9158653020858765,0.019895905628800392,-0.3676069676876068,-0.16018739342689514
redkitchen,test,seq-14,redkitchen/seq-14/frame-000904.color.png,0.1258606,-0.67051411,1.2092521,0.897808465,-0.028825652,-0.395145029,-0.19227441,0.011580303311347961,-0.5680578351020813,1.2321655750274658,0.9098119139671326,0.015395033173263073,-0.38569578528404236,-0.15246008336544037
redkitchen,test,seq-14,redkitchen/seq-14/frame-000905.color.png,0.13574888,-0.66727489,1.2054629,0.897207631,-0.028978831,-0.395963524,-0.193369028,0.02146252617239952,-0.579158365726471,1.27482008934021,0.9076194763183594,0.015037602744996548,-0.3882223069667816,-0.1590101718902588
redkitchen,test,seq-14,redkitchen/seq-14/frame-000906.color.png,0.14596024,-0.66579652,1.2013017,0.896975315,-0.030068038,-0.396206077,-0.193783237,0.03352686017751694,-0.5525153279304504,1.1967827081680298,0.9129442572593689,0.015741610899567604,-0.37783798575401306,-0.15337306261062622
redkitchen,test,seq-14,redkitchen/seq-14/frame-000907.color.png,0.1590118,-0.66254646,1.1994042,0.895930713,-0.030153833,-0.398156618,-0.194602702,0.08910538256168365,-0.5628595352172852,1.226584553718567,0.9119337201118469,0.009044071659445763,-0.37955203652381897,-0.15567681193351746
redkitchen,test,seq-14,redkitchen/seq-14/frame-000908.color.png,0.17122875,-0.6597777,1.1967736,0.895216138,-0.032112496,-0.39935255,-0.195126615,0.1515934318304062,-0.5632433295249939,1.287352204322815,0.9126843214035034,0.0025131250731647015,-0.37926799058914185,-0.15217362344264984
redkitchen,test,seq-14,redkitchen/seq-14/frame-000909.color.png,0.18139054,-0.65963477,1.1913266,0.894777937,-0.03426645,-0.400094652,-0.195249898,0.11454614251852036,-0.5424336194992065,1.282092809677124,0.9155014157295227,0.006243371870368719,-0.3744449019432068,-0.14700095355510712
redkitchen,test,seq-14,redkitchen/seq-14/frame-000910.color.png,0.19587573,-0.65901673,1.188287,0.893137236,-0.032334098,-0.403421076,-0.196244284,0.12461172789335251,-0.5641295909881592,1.2753229141235352,0.9170573353767395,0.0034346214961260557,-0.3671973645687103,-0.1554347723722458
redkitchen,test,seq-14,redkitchen/seq-14/frame-000911.color.png,0.21365447,-0.65573478,1.1870197,0.892371702,-0.029430984,-0.405855963,-0.195160191,0.15420563519001007,-0.5762321352958679,1.2703393697738647,0.9098384976387024,0.003610939020290971,-0.3849889934062958,-0.1548045128583908
redkitchen,test,seq-14,redkitchen/seq-14/frame-000912.color.png,0.22870868,-0.65315294,1.1827283,0.894205443,-0.028081834,-0.403966262,-0.190838402,0.13363464176654816,-0.547342836856842,1.2135708332061768,0.9199661016464233,0.0019306205213069916,-0.3640153408050537,-0.14543555676937103
redkitchen,test,seq-14,redkitchen/seq-14/frame-000913.color.png,0.24619776,-0.65122604,1.1796954,0.895890043,-0.026418254,-0.403030105,-0.185067126,0.212196484208107,-0.5784298181533813,1.264380693435669,0.9098456501960754,0.006193844601511955,-0.38409167528152466,-0.1568947285413742
redkitchen,test,seq-14,redkitchen/seq-14/frame-000914.color.png,0.26352379,-0.64630896,1.1756552,0.896162335,-0.022454732,-0.404294235,-0.181480097,0.1845131814479828,-0.5570358037948608,1.238054871559143,0.9128615260124207,0.015970109030604362,-0.3755546808242798,-0.159334197640419
redkitchen,test,seq-14,redkitchen/seq-14/frame-000915.color.png,0.28180426,-0.64042914,1.1739522,0.896449817,-0.019515924,-0.405731941,-0.177139623,0.26211389899253845,-0.569527804851532,1.2394676208496094,0.9033390283584595,0.02190973609685898,-0.39742550253868103,-0.15984834730625153
redkitchen,test,seq-14,redkitchen/seq-14/frame-000916.color.png,0.29714823,-0.6337558,1.1710774,0.89727074,-0.016906567,-0.405574002,-0.173577405,0.2561403512954712,-0.5416702032089233,1.2986397743225098,0.9101122617721558,0.021389435976743698,-0.3862572908401489,-0.14847050607204437
redkitchen,test,seq-14,redkitchen/seq-14/frame-000917.color.png,0.31467053,-0.62478787,1.1695811,0.897434473,-0.01625295,-0.406101088,-0.171549162,0.34658658504486084,-0.5546969175338745,1.3001964092254639,0.9097878932952881,0.018198218196630478,-0.3844952881336212,-0.15530022978782654
redkitchen,test,seq-14,redkitchen/seq-14/frame-000918.color.png,0.32886413,-0.62192774,1.1667979,0.89734904,-0.019242503,-0.406606989,-0.17048514,0.27433326840400696,-0.5120328068733215,1.2219524383544922,0.9212770462036133,0.016687607392668724,-0.3608451187610626,-0.1440870761871338
redkitchen,test,seq-14,redkitchen/seq-14/frame-000919.color.png,0.34296578,-0.6174233,1.1651207,0.896963145,-0.021939137,-0.408282133,-0.168171019,0.3382038176059723,-0.5200468301773071,1.1807242631912231,0.9177224636077881,0.014302860014140606,-0.36760881543159485,-0.14981551468372345
redkitchen,test,seq-14,redkitchen/seq-14/frame-000920.color.png,0.36033466,-0.60952556,1.1651732,0.89602517,-0.024904038,-0.410688185,-0.166894872,0.4209633469581604,-0.5677926540374756,1.2452354431152344,0.9108414053916931,0.006640337873250246,-0.38260573148727417,-0.15471497178077698
redkitchen,test,seq-14,redkitchen/seq-14/frame-000921.color.png,0.37222797,-0.60648674,1.1612338,0.895820669,-0.02820166,-0.410638366,-0.167589163,0.24674193561077118,-0.49230819940567017,1.1746292114257812,0.9246281981468201,0.00169748452026397,-0.35319530963897705,-0.1425231695175171
redkitchen,test,seq-14,redkitchen/seq-14/frame-000922.color.png,0.3825829,-0.60458046,1.1592993,0.895140033,-0.028610113,-0.411757878,-0.168407938,0.3024829030036926,-0.4814683794975281,1.1566234827041626,0.9299342632293701,0.0017803406808525324,-0.3423739969730377,-0.13416118919849396
redkitchen,test,seq-14,redkitchen/seq-14/frame-000923.color.png,0.39670673,-0.59679949,1.1597741,0.893909113,-0.027672716,-0.413838261,-0.169995919,0.40812423825263977,-0.5261669754981995,1.2203047275543213,0.9215579628944397,0.001035471330396831,-0.3618379235267639,-0.14072342216968536
redkitchen,test,seq-14,redkitchen/seq-14/frame-000924.color.png,0.40519705,-0.59637445,1.1575443,0.893228567,-0.029105781,-0.413847291,-0.173280123,0.38446569442749023,-0.5081104040145874,1.1609288454055786,0.9249326586723328,0.005174305755645037,-0.3519533574581146,-0.1435326486825943
redkitchen,test,seq-14,redkitchen/seq-14/frame-000925.color.png,0.41587731,-0.59302467,1.1573681,0.892124863,-0.02741836,-0.415130594,-0.176147812,0.433118999004364,-0.5107941627502441,1.1615582704544067,0.9272093176841736,0.001943453447893262,-0.348611444234848,-0.13692758977413177
redkitchen,test,seq-14,redkitchen/seq-14/frame-000926.color.png,0.42825979,-0.58593482,1.1585859,0.890561359,-0.026730365,-0.416874262,-0.180005009,0.4962041974067688,-0.5291851162910461,1.2070913314819336,0.9198763370513916,0.0035878487396985292,-0.36334386467933655,-0.1476340889930725
redkitchen,test,seq-14,redkitchen/seq-14/frame-000927.color.png,0.43706903,-0.58379304,1.1573628,0.889639453,-0.029984142,-0.416713318,-0.184370834,0.469378799200058,-0.5082998871803284,1.2082860469818115,0.9271339774131775,-0.0032608031760901213,-0.34455806016921997,-0.1472807377576828
redkitchen,test,seq-14,redkitchen/seq-14/frame-000928.color.png,0.44274774,-0.58321351,1.1554284,0.888489842,-0.032392806,-0.417640337,-0.18738478,0.4965803623199463,-0.4920637607574463,1.1783241033554077,0.929408609867096,0.00509747164323926,-0.33608144521713257,-0.15239086747169495
redkitchen,test,seq-14,redkitchen/seq-14/frame-000929.color.png,0.45152363,-0.58290851,1.1558559,0.886482505,-0.033592235,-0.420608034,-0.190024238,0.47618433833122253,-0.4990641474723816,1.2021706104278564,0.9275840520858765,0.0040871272794902325,-0.34177589416503906,-0.15086551010608673
redkitchen,test,seq-14,redkitchen/seq-14/frame-000930.color.png,0.46192932,-0.5804401,1.158038,0.884914876,-0.032224024,-0.423364585,-0.191441123,0.543856680393219,-0.5047498345375061,1.2138383388519287,0.9222758412361145,0.010959389619529247,-0.35299766063690186,-0.15709799528121948
redkitchen,test,seq-14,redkitchen/seq-14/frame-000931.color.png,0.47029155,-0.58042765,1.1580797,0.88441455,-0.031791563,-0.42419966,-0.191976166,0.5826842188835144,-0.5277624726295471,1.247015357017517,0.9144879579544067,0.01091856136918068,-0.37061846256256104,-0.16197091341018677
redkitchen,test,seq-14,redkitchen/seq-14/frame-000932.color.png,0.48230803,-0.57801509,1.1594894,0.883752506,-0.028984056,-0.426191253,-0.191056139,0.5794310569763184,-0.5408356785774231,1.2566369771957397,0.9129796624183655,0.006252031307667494,-0.37316006422042847,-0.16486547887325287
redkitchen,test,seq-14,redkitchen/seq-14/frame-000933.color.png,0.49325937,-0.57702541,1.1613874,0.883105819,-0.027255889,-0.42835654,-0.189451588,0.5789535641670227,-0.5610000491142273,1.269068956375122,0.9141753315925598,0.0013415426947176456,-0.3721010088920593,-0.16069361567497253
redkitchen,test,seq-14,redkitchen/seq-14/frame-000934.color.png,0.50546533,-0.57789439,1.1635674,0.882016084,-0.025461141,-0.43139511,-0.187876599,0.6064296960830688,-0.5340601205825806,1.227380394935608,0.9168741703033447,0.0051337433978915215,-0.3670751750469208,-0.1567520648241043
redkitchen,test,seq-14,redkitchen/seq-14/frame-000935.color.png,0.5196954,-0.5757454,1.1676378,0.881111744,-0.021231233,-0.435389981,-0.183376373,0.5867995023727417,-0.5328571200370789,1.209099292755127,0.9200553894042969,-0.006727845408022404,-0.35816869139671326,-0.15864403545856476
redkitchen,test,seq-14,redkitchen/seq-14/frame-000936.color.png,0.53201121,-0.57254636,1.168965,0.880740516,-0.018477486,-0.43802203,-0.1791408,0.5907718539237976,-0.5408269762992859,1.2318867444992065,0.9103634357452393,-0.0009010937646962702,-0.38175931572914124,-0.15967899560928345
redkitchen,test,seq-14,redkitchen/seq-14/frame-000937.color.png,0.54576981,-0.57182503,1.1729609,0.88070353,-0.017513158,-0.4396764,-0.175326109,0.6599050760269165,-0.5414448976516724,1.2679682970046997,0.9029255509376526,0.005042760167270899,-0.3984043598175049,-0.16116446256637573
redkitchen,test,seq-14,redkitchen/seq-14/frame-000938.color.png,0.55800152,-0.57035345,1.1756243,0.880768355,-0.016454919,-0.440845324,-0.172138726,0.6702339053153992,-0.5394730567932129,1.2487492561340332,0.9009149670600891,0.008973047137260437,-0.403232604265213,-0.16023477911949158
redkitchen,test,seq-14,redkitchen/seq-14/frame-000939.color.png,0.57105756,-0.56881183,1.1798437,0.880350056,-0.015101671,-0.442805557,-0.169348626,0.6695407032966614,-0.550895631313324,1.2526099681854248,0.8992729783058167,0.008788539096713066,-0.4070523977279663,-0.15981005132198334
redkitchen,test,seq-14,redkitchen/seq-14/frame-000940.color.png,0.58242887,-0.56741834,1.182521,0.880463114,-0.013717502,-0.443563742,-0.166876424,0.6878942847251892,-0.5491364598274231,1.2582584619522095,0.896367609500885,0.01394615974277258,-0.41415509581565857,-0.15749965608119965
redkitchen,test,seq-14,redkitchen/seq-14/frame-000941.color.png,0.595034,-0.56384885,1.1871178,0.880495857,-0.012817074,-0.443959212,-0.165719604,0.7535926103591919,-0.5489659309387207,1.2930835485458374,0.8942347764968872,0.017229368910193443,-0.41904982924461365,-0.15634740889072418
redkitchen,test,seq-14,redkitchen/seq-14/frame-000942.color.png,0.60581857,-0.56438047,1.1895548,0.880436937,-0.012983705,-0.444081493,-0.165692035,0.7085615992546082,-0.5296991467475891,1.2633668184280396,0.8983917832374573,0.01715482957661152,-0.41029930114746094,-0.1557314395904541
redkitchen,test,seq-14,redkitchen/seq-14/frame-000943.color.png,0.619721,-0.56128949,1.1950765,0.879107884,-0.011770767,-0.44687554,-0.165327035,0.7353403568267822,-0.5203195810317993,1.251853585243225,0.9010560512542725,0.014921893365681171,-0.40497374534606934,-0.15450429916381836
redkitchen,test,seq-14,redkitchen/seq-14/frame-000944.color.png,0.63281,-0.56171644,1.2002872,0.877413032,-0.012929275,-0.449903067,-0.16603143,0.8173012733459473,-0.5329046249389648,1.2818872928619385,0.8915738463401794,0.012533971108496189,-0.42397770285606384,-0.15868796408176422
redkitchen,test,seq-14,redkitchen/seq-14/frame-000945.color.png,0.64389002,-0.56116301,1.2060657,0.875576846,-0.012039859,-0.452623854,-0.168380153,0.8336116671562195,-0.5200066566467285,1.2598291635513306,0.8953055739402771,0.016843996942043304,-0.4173610806465149,-0.1547708958387375
redkitchen,test,seq-14,redkitchen/seq-14/frame-000946.color.png,0.65632755,-0.55884695,1.2118275,0.874303064,-0.011204232,-0.453376479,-0.172969319,0.9566054940223694,-0.5710089206695557,1.2809245586395264,0.8813313841819763,0.01752804033458233,-0.4406546652317047,-0.16962091624736786
redkitchen,test,seq-14,redkitchen/seq-14/frame-000947.color.png,0.66575712,-0.5555889,1.2163373,0.875014922,-0.010958991,-0.450929728,-0.175758834,0.9533482193946838,-0.5265284776687622,1.2858929634094238,0.8806996941566467,0.014226852916181087,-0.4410668909549713,-0.17212121188640594
redkitchen,test,seq-14,redkitchen/seq-14/frame-000948.color.png,0.67542702,-0.5494945,1.2166648,0.875992948,-0.012867561,-0.447888157,-0.17851325,0.8946288824081421,-0.5347930788993835,1.279003620147705,0.8923874497413635,0.009067396633327007,-0.41633349657058716,-0.17386431992053986
redkitchen,test,seq-14,redkitchen/seq-14/frame-000949.color.png,0.68180537,-0.55224764,1.2157992,0.875807844,-0.018662045,-0.446118047,-0.183278578,0.8569735884666443,-0.5376756191253662,1.2312521934509277,0.8957042098045349,0.008088425733149052,-0.4072408080101013,-0.17833517491817474
redkitchen,test,seq-14,redkitchen/seq-14/frame-000950.color.png,0.69447798,-0.55346161,1.2214142,0.874467521,-0.020855978,-0.447343982,-0.186426778,0.8774768114089966,-0.5256405472755432,1.2394294738769531,0.8993780016899109,0.00935444701462984,-0.4026681184768677,-0.1699705719947815
redkitchen,test,seq-14,redkitchen/seq-14/frame-000951.color.png,0.70589465,-0.55242807,1.2245491,0.874275871,-0.022688547,-0.446642541,-0.18877863,0.9196715950965881,-0.5555081963539124,1.2280668020248413,0.8914518356323242,-0.009355314075946808,-0.41446125507354736,-0.18288776278495789
redkitchen,test,seq-14,redkitchen/seq-14/frame-000952.color.png,0.71487194,-0.55479062,1.2246917,0.874679889,-0.026212589,-0.445107811,-0.190071117,0.8686577677726746,-0.5242359638214111,1.175824761390686,0.8937128782272339,0.0019088078988716006,-0.41122788190841675,-0.17934706807136536
redkitchen,test,seq-14,redkitchen/seq-14/frame-000953.color.png,0.72703463,-0.55558991,1.2284199,0.874389658,-0.029141903,-0.445581184,-0.189870702,0.9270409941673279,-0.5271064043045044,1.1832823753356934,0.8877019286155701,0.0018014477100223303,-0.42293044924736023,-0.1819666624069214
redkitchen,test,seq-14,redkitchen/seq-14/frame-000954.color.png,0.73946506,-0.55365467,1.2307855,0.873935084,-0.03213587,-0.445663964,-0.191280907,0.9875515699386597,-0.540282666683197,1.2043153047561646,0.8870441913604736,-0.005688703153282404,-0.4221968352794647,-0.18673521280288696
redkitchen,test,seq-14,redkitchen/seq-14/frame-000955.color.png,0.75127029,-0.55513149,1.2310468,0.873816147,-0.037006883,-0.444379729,-0.193913609,0.9929788112640381,-0.5242434740066528,1.1929686069488525,0.8866130113601685,-0.02314651943743229,-0.4201633632183075,-0.19194884598255157
redkitchen,test,seq-14,redkitchen/seq-14/frame-000956.color.png,0.76256365,-0.5571053,1.229811,0.874130595,-0.040413498,-0.443052648,-0.19485072,0.8585037589073181,-0.4693717956542969,1.145693302154541,0.89673912525177,-0.02101464942097664,-0.4060317575931549,-0.17480145394802094
redkitchen,test,seq-14,redkitchen/seq-14/frame-000957.color.png,0.77648878,-0.55864894,1.2295537,0.874503886,-0.041257384,-0.441817179,-0.195801843,0.8506976366043091,-0.4603070616722107,1.1376107931137085,0.9002346396446228,-0.02288428321480751,-0.3983374536037445,-0.1743016093969345
redkitchen,test,seq-14,redkitchen/seq-14/frame-000958.color.png,0.79203284,-0.55775231,1.2294172,0.875552031,-0.041343603,-0.440679122,-0.193652417,0.9228718280792236,-0.48651522397994995,1.17658269405365,0.8931031227111816,-0.02417357638478279,-0.41286808252334595,-0.17698149383068085
redkitchen,test,seq-14,redkitchen/seq-14/frame-000959.color.png,0.80600595,-0.55443251,1.2282584,0.877280652,-0.042649028,-0.438161868,-0.191243026,0.8885101675987244,-0.4578133225440979,1.1424897909164429,0.8985445499420166,-0.019598305225372314,-0.4021705389022827,-0.17462094128131866
redkitchen,test,seq-14,redkitchen/seq-14/frame-000960.color.png,0.81805795,-0.55402404,1.2267752,0.877967735,-0.045766919,-0.436683877,-0.190749144,0.9210870862007141,-0.46531903743743896,1.1833865642547607,0.8954451680183411,-0.01499052345752716,-0.4070207178592682,-0.17968711256980896
redkitchen,test,seq-14,redkitchen/seq-14/frame-000961.color.png,0.83258796,-0.55311304,1.2258155,0.877808228,-0.049319424,-0.436780884,-0.190375336,0.9843103289604187,-0.5004971623420715,1.1996145248413086,0.8889790773391724,-0.024795901030302048,-0.42025160789489746,-0.18024969100952148
redkitchen,test,seq-14,redkitchen/seq-14/frame-000962.color.png,0.8473208,-0.55468988,1.2268257,0.877897477,-0.052938043,-0.436084806,-0.19058758,0.9716730713844299,-0.5126532912254333,1.1779066324234009,0.8930484056472778,-0.03674006834626198,-0.4103113114833832,-0.18099533021450043
redkitchen,test,seq-14,redkitchen/seq-14/frame-000963.color.png,0.85906523,-0.55354321,1.2228014,0.87899598,-0.05486113,-0.433586489,-0.190680571,0.9673480987548828,-0.4937772750854492,1.1664271354675293,0.8965995907783508,-0.03715859726071358,-0.404225617647171,-0.1770029515028
redkitchen,test,seq-14,redkitchen/seq-14/frame-000964.color.png,0.87097067,-0.55241525,1.218258,0.880542498,-0.055137768,-0.430370254,-0.190751619,0.9588339328765869,-0.5046165585517883,1.1683857440948486,0.8945099115371704,-0.040663983672857285,-0.40766021609306335,-0.17891797423362732
redkitchen,test,seq-14,redkitchen/seq-14/frame-000965.color.png,0.88560343,-0.54828852,1.214396,0.882415729,-0.0540403,-0.42713106,-0.189687072,0.9920833110809326,-0.49713844060897827,1.1890333890914917,0.8880819082260132,-0.04186331108212471,-0.41555002331733704,-0.19203203916549683
redkitchen,test,seq-14,redkitchen/seq-14/frame-000966.color.png,0.89946193,-0.54625219,1.2098733,0.884260264,-0.054550949,-0.424157025,-0.187613429,0.9411276578903198,-0.49062204360961914,1.1762398481369019,0.8943576812744141,-0.04515499621629715,-0.4058355689048767,-0.18271005153656006
redkitchen,test,seq-14,redkitchen/seq-14/frame-000967.color.png,0.91508043,-0.5433085,1.2050626,0.885396527,-0.055096792,-0.422611568,-0.185571541,0.9731678366661072,-0.4774455428123474,1.151606798171997,0.9004132151603699,-0.04163719341158867,-0.39665335416793823,-0.17374823987483978
redkitchen,test,seq-14,redkitchen/seq-14/frame-000968.color.png,0.93121713,-0.54309756,1.2030754,0.885929788,-0.056082472,-0.421980163,-0.184162725,0.9945452213287354,-0.47803032398223877,1.142774224281311,0.8987029194831848,-0.04918373376131058,-0.39797136187553406,-0.1775747388601303
redkitchen,test,seq-14,redkitchen/seq-14/frame-000969.color.png,0.94749385,-0.53701293,1.1982853,0.887299322,-0.055101925,-0.420139334,-0.182062162,0.9994573593139648,-0.4755716323852539,1.151262640953064,0.9057843685150146,-0.04791250079870224,-0.38430750370025635,-0.17194990813732147
redkitchen,test,seq-14,redkitchen/seq-14/frame-000970.color.png,0.96064538,-0.53529024,1.1936145,0.888664955,-0.055699396,-0.417399643,-0.181520561,1.0121370553970337,-0.48484212160110474,1.16738760471344,0.9031797051429749,-0.050013430416584015,-0.3889176547527313,-0.1746659278869629
redkitchen,test,seq-14,redkitchen/seq-14/frame-000971.color.png,0.9730069,-0.53277242,1.1877962,0.89002446,-0.056111003,-0.414859069,-0.180554614,1.0248668193817139,-0.49085158109664917,1.1765598058700562,0.9043641090393066,-0.051306821405887604,-0.38920846581459045,-0.167361319065094
redkitchen,test,seq-14,redkitchen/seq-14/frame-000972.color.png,0.98913062,-0.52912354,1.183381,0.891860181,-0.056886602,-0.411374199,-0.17922221,1.027869701385498,-0.5069566369056702,1.186974287033081,0.9017364978790283,-0.05383550748229027,-0.39447182416915894,-0.16841968894004822
redkitchen,test,seq-14,redkitchen/seq-14/frame-000973.color.png,1.0033545,-0.52349102,1.1764331,0.894451687,-0.056533061,-0.406215047,-0.178183975,1.0446304082870483,-0.5453237891197205,1.1780787706375122,0.902221143245697,-0.05639168247580528,-0.3929126560688019,-0.16863161325454712
redkitchen,test,seq-14,redkitchen/seq-14/frame-000974.color.png,1.0161246,-0.51941901,1.168522,0.89659726,-0.057791602,-0.401674075,-0.177289091,1.1091820001602173,-0.5421925187110901,1.1663686037063599,0.8996434807777405,-0.05821120738983154,-0.39915716648101807,-0.16711238026618958
redkitchen,test,seq-14,redkitchen/seq-14/frame-000975.color.png,1.044556,-0.51079655,1.1581514,0.8991124,-0.057727004,-0.397533325,-0.173872772,1.1741660833358765,-0.5146375298500061,1.1619240045547485,0.9052519798278809,-0.05054105445742607,-0.3895163834095001,-0.16199186444282532
redkitchen,test,seq-14,redkitchen/seq-14/frame-000976.color.png,1.0546907,-0.50526273,1.1504605,0.900085235,-0.059298839,-0.394928215,-0.174246727,1.159337043762207,-0.5140650272369385,1.1641547679901123,0.9022760391235352,-0.0569787323474884,-0.39268749952316284,-0.1686650514602661
redkitchen,test,seq-14,redkitchen/seq-14/frame-000977.color.png,1.0673448,-0.50542033,1.1462233,0.900131544,-0.063638766,-0.393872801,-0.17486431,1.1817257404327393,-0.5020551085472107,1.1949018239974976,0.9063342213630676,-0.05051212012767792,-0.3851417005062103,-0.1663510948419571
redkitchen,test,seq-14,redkitchen/seq-14/frame-000978.color.png,1.0803089,-0.49984607,1.1422037,0.900157983,-0.065690345,-0.393773434,-0.174192042,1.2113664150238037,-0.5410383939743042,1.1679046154022217,0.9034525752067566,-0.05878830328583717,-0.38359129428863525,-0.1821403205394745
redkitchen,test,seq-14,redkitchen/seq-14/frame-000979.color.png,1.0925236,-0.49191946,1.1371429,0.900166609,-0.067977719,-0.392986317,-0.17504531,1.1828893423080444,-0.5192345976829529,1.1715450286865234,0.9044399261474609,-0.05407266318798065,-0.37942418456077576,-0.18735502660274506
redkitchen,test,seq-14,redkitchen/seq-14/frame-000980.color.png,1.1038679,-0.48825198,1.1330914,0.899361124,-0.072833617,-0.393263621,-0.176602823,1.2029598951339722,-0.5401896834373474,1.1364883184432983,0.9056470394134521,-0.05880468338727951,-0.3778676688671112,-0.1831979751586914
redkitchen,test,seq-14,redkitchen/seq-14/frame-000981.color.png,1.1166546,-0.48315889,1.1294938,0.898389241,-0.075473258,-0.394727723,-0.177173877,1.2515459060668945,-0.57016521692276,1.1663419008255005,0.8998131155967712,-0.06948298960924149,-0.3869486153125763,-0.18915380537509918
redkitchen,test,seq-14,redkitchen/seq-14/frame-000982.color.png,1.1277257,-0.47752389,1.125406,0.897797462,-0.077595854,-0.394253857,-0.180284491,1.2203449010849,-0.5793787240982056,1.1637017726898193,0.9017812609672546,-0.0751689076423645,-0.380127876996994,-0.1914237141609192
redkitchen,test,seq-14,redkitchen/seq-14/frame-000983.color.png,1.1371621,-0.47452399,1.1206886,0.898061217,-0.080154523,-0.391739798,-0.183306394,1.1748443841934204,-0.5911791324615479,1.1269969940185547,0.9024812579154968,-0.07371862977743149,-0.3749147057533264,-0.19882674515247345
redkitchen,test,seq-14,redkitchen/seq-14/frame-000984.color.png,1.1493237,-0.47209054,1.1167495,0.89839668,-0.081446676,-0.389988003,-0.184822083,1.1606265306472778,-0.6287572979927063,1.131343960762024,0.9009596705436707,-0.07568039000034332,-0.3764842748641968,-0.20199963450431824
redkitchen,test,seq-14,redkitchen/seq-14/frame-000985.color.png,1.1603065,-0.46933192,1.1136727,0.898606589,-0.082171687,-0.388692242,-0.186205138,1.1766215562820435,-0.6610438823699951,1.1401102542877197,0.8951274156570435,-0.08176574110984802,-0.38092875480651855,-0.21669000387191772
redkitchen,test,seq-14,redkitchen/seq-14/frame-000986.color.png,1.1703105,-0.46742281,1.1097463,0.898574279,-0.084017117,-0.388030777,-0.186915769,1.1813335418701172,-0.6434719562530518,1.1101672649383545,0.8996831774711609,-0.08339644223451614,-0.3705890476703644,-0.21512527763843536
redkitchen,test,seq-14,redkitchen/seq-14/frame-000987.color.png,1.1818027,-0.4675048,1.1073028,0.897939584,-0.086067869,-0.389013494,-0.186990178,1.191338300704956,-0.6352993249893188,1.089631199836731,0.8971778750419617,-0.09035761654376984,-0.3702552616596222,-0.223200261592865
redkitchen,test,seq-14,redkitchen/seq-14/frame-000988.color.png,1.1934329,-0.46797228,1.1053469,0.897001911,-0.086804374,-0.39072285,-0.187585251,1.2443294525146484,-0.634253203868866,1.107248067855835,0.8898036479949951,-0.09486611932516098,-0.38290491700172424,-0.22942040860652924
redkitchen,test,seq-14,redkitchen/seq-14/frame-000989.color.png,1.2040133,-0.46799731,1.1022024,0.896722959,-0.086511774,-0.391103522,-0.188259617,1.2827715873718262,-0.6576159596443176,1.1193208694458008,0.8827328681945801,-0.09927529841661453,-0.39337435364723206,-0.23703116178512573
redkitchen,test,seq-14,redkitchen/seq-14/frame-000990.color.png,1.2158365,-0.46708354,1.1000251,0.897185368,-0.085079459,-0.390595529,-0.18776324,1.3094924688339233,-0.6339647173881531,1.1075832843780518,0.8899644017219543,-0.087556853890419,-0.38455209136009216,-0.2289472371339798
redkitchen,test,seq-14,redkitchen/seq-14/frame-000991.color.png,1.2265689,-0.46588701,1.0982794,0.897877105,-0.084270374,-0.389351095,-0.187405798,1.3304944038391113,-0.615644097328186,1.0821571350097656,0.89972323179245,-0.0794886127114296,-0.36823010444641113,-0.22042281925678253
redkitchen,test,seq-14,redkitchen/seq-14/frame-000992.color.png,1.2337506,-0.46551573,1.0953066,0.898339136,-0.08461483,-0.388502611,-0.186796272,1.3094844818115234,-0.6005473136901855,1.0985045433044434,0.8973336219787598,-0.07971277087926865,-0.37192535400390625,-0.22385194897651672
redkitchen,test,seq-14,redkitchen/seq-14/frame-000993.color.png,1.2436955,-0.46619061,1.0937507,0.897862353,-0.084763873,-0.389684331,-0.186559384,1.2935259342193604,-0.5819681882858276,1.0842207670211792,0.8959272503852844,-0.08255761116743088,-0.3746916949748993,-0.2238408327102661
redkitchen,test,seq-14,redkitchen/seq-14/frame-000994.color.png,1.2565899,-0.46767128,1.0942599,0.897459571,-0.083861722,-0.39102569,-0.186097931,1.3232120275497437,-0.5683313012123108,1.0985031127929688,0.8956649899482727,-0.07464645802974701,-0.3780132532119751,-0.22207693755626678
redkitchen,test,seq-14,redkitchen/seq-14/frame-000995.color.png,1.2680347,-0.46711093,1.0939033,0.897981531,-0.081896965,-0.390777144,-0.184973727,1.302109956741333,-0.5442150831222534,1.0761444568634033,0.9037429690361023,-0.07173096388578415,-0.3645196855068207,-0.21267080307006836
redkitchen,test,seq-14,redkitchen/seq-14/frame-000996.color.png,1.2764034,-0.46528119,1.0919927,0.898874526,-0.080398782,-0.389273702,-0.184463022,1.3751459121704102,-0.5165265798568726,1.1022101640701294,0.9043554663658142,-0.06926461309194565,-0.3642517924308777,-0.21133920550346375
redkitchen,test,seq-14,redkitchen/seq-14/frame-000997.color.png,1.2864169,-0.46493578,1.0920641,0.899143037,-0.080123173,-0.389129387,-0.183576678,1.3861652612686157,-0.48276078701019287,1.1114062070846558,0.9096880555152893,-0.06316037476062775,-0.3541693389415741,-0.20746664702892303
redkitchen,test,seq-14,redkitchen/seq-14/frame-000998.color.png,1.2943445,-0.46261328,1.0917718,0.89864069,-0.080768062,-0.390633401,-0.182556776,1.4648877382278442,-0.5117787718772888,1.1051093339920044,0.9055731892585754,-0.06737314909696579,-0.36093246936798096,-0.21242856979370117
redkitchen,test,seq-14,redkitchen/seq-14/frame-000999.color.png,1.3048754,-0.46292508,1.0925947,0.897127554,-0.082049754,-0.393495636,-0.183278954,1.414306402206421,-0.5070062875747681,1.0888707637786865,0.900991678237915,-0.07179540395736694,-0.36883068084716797,-0.21684888005256653
